0 301.43961 -393.56759 48721.75 -60676.8 5782.06 -66458.9 11.486748
0.01 289.09789 -873.0064 48778.333 -60957.4 5545.33 -66502.7 23.263191
0.02 300.73777 -281.47778 48721.001 -60636.1 5768.6 -66404.7 33.56784
0.03 298.97399 -97.113441 48715.279 -61171.1 5734.77 -66905.9 40.05691
0.04 284.62213 -331.66904 48854.819 -61712.7 5459.48 -67172.2 47.798052
0.05 284.44394 -614.86904 48749.333 -60946.3 5456.06 -66402.3 55.316656
0.06 301.79161 -408.33112 48872.483 -60859.1 5788.81 -66647.9 63.064286
0.07 291.17894 -456.84155 49022.929 -61265.5 5585.25 -66850.8 72.080908
0.08 296.29907 -458.8767 48901.155 -60930.2 5683.46 -66613.7 78.695622
0.09 301.34376 81.299318 48913.095 -60983.7 5780.22 -66764 86.836716
0.1 287.55002 -432.05605 49042.988 -61271.4 5515.64 -66787 93.599063
0.11 287.32105 -572.4379 48911.799 -60911.2 5511.25 -66422.5 100.50369
0.12 299.22797 -473.33428 48522.121 -60716.7 5739.64 -66456.4 107.07085
0.13 302.79915 -348.06831 48758.876 -60799.5 5808.14 -66607.6 115.54447
0.14 297.86548 -1063.9225 48983.132 -60824.8 5713.5 -66538.3 124.39298
0.15 293.36929 -1291.3017 49061.415 -60723.9 5627.26 -66351.2 131.33287
0.16 299.56955 103.15464 48341.647 -60987.8 5746.19 -66734 137.36369
0.17 299.34461 -209.98101 49006.681 -61343.3 5741.88 -67085.2 143.04433
0.18 299.95952 -200.84991 49287.583 -61123.1 5753.67 -66876.8 150.16001
0.19 283.43043 -292.10333 48882.619 -61415.9 5436.62 -66852.6 155.45059
0.2 298.85141 -163.58709 48800.809 -60969.4 5732.42 -66701.8 160.20399
0.21 303.9206 -537.6003 48763.588 -61336.7 5829.65 -67166.4 165.94663
0.22 303.14068 -467.44171 48976.955 -61681.1 5814.69 -67495.8 171.56466
0.23 289.99444 -241.79872 49160.816 -61733.2 5562.53 -67295.8 176.53699
0.24 296.40724 -557.0949 48926.903 -61547.1 5685.53 -67232.7 179.53873
0.25 291.20785 -455.2973 48930.021 -61966.6 5585.8 -67552.4 184.87298
0.26 294.4063 -369.42503 48751.751 -61960.1 5647.15 -67607.2 191.06985
0.27 293.6146 -628.11808 49117.732 -61998.4 5631.97 -67630.4 193.76265
0.28 294.54856 -897.04068 49305.534 -61972.7 5649.88 -67622.6 200.77904
0.29 294.46968 -615.58237 49351.653 -61574.6 5648.37 -67223 204.074
0.3 289.51734 -380.1158 49045.447 -61842.1 5553.37 -67395.4 207.55734
0.31 295.77905 -357.18763 49471.948 -62029.2 5673.48 -67702.6 214.83029
0.32 298.84763 -772.15362 49274.022 -62422.5 5732.34 -68154.8 222.34361
0.33 298.9918 -157.53004 49011.923 -62157 5735.11 -67892.1 225.9072
0.34 283.11034 -1037.8855 49281.939 -62360.3 5430.48 -67790.8 232.37778
0.35 293.28105 -453.33612 49214.403 -61860.1 5625.57 -67485.7 238.36675
0.36 293.87258 -724.06733 49114.86 -61921.1 5636.91 -67558 241.56724
0.37 288.25818 -666.69092 48967.658 -62406.5 5529.22 -67935.7 249.40119
0.38 280.13014 -305.94694 49094.367 -61850.3 5373.31 -67223.6 250.85829
0.39 293.4976 276.77024 48721.732 -62519.2 5629.72 -68148.9 250.82995
0.4 302.40801 -991.82653 49424.326 -62172.1 5800.64 -67972.7 255.264
0.41 299.47811 -504.6052 49447.76 -62313.3 5744.44 -68057.7 260.41454
0.42 288.03943 -195.62402 49410.151 -62960.4 5525.03 -68485.4 264.82581
0.43 308.59164 -160.75096 49352.894 -62349.2 5919.25 -68268.4 265.01794
0.44 290.70974 -257.38468 49139.09 -62863.5 5576.25 -68439.7 268.84983
0.45 288.35418 -349.66643 49166.609 -62840.1 5531.06 -68371.2 271.89678
0.46 287.8927 -257.67378 49188.045 -62806.9 5522.21 -68329.2 273.48984
0.47 291.01996 -492.67701 49426.934 -62500.7 5582.2 -68082.9 277.93557
0.48 306.83176 -242.59237 49357.257 -61934.5 5885.49 -67820 278.74375
0.49 290.92362 -372.5392 49037.023 -62296.4 5580.35 -67876.8 280.36492
0.5 289.96248 -531.05738 49176.103 -62596.6 5561.91 -68158.5 284.15722
0.51 296.25435 -335.33751 49185.118 -62893.3 5682.6 -68575.9 286.83525
0.52 296.88431 153.16829 49033.836 -63308.8 5694.68 -69003.5 290.00503
0.53 289.23178 -426.06334 49371.108 -62966.4 5547.9 -68514.3 293.91194
0.54 295.32765 -825.19751 49462.062 -63277.9 5664.82 -68942.8 298.63119
0.55 291.66203 -952.18744 49497.767 -63120.4 5594.51 -68714.9 301.17871
0.56 297.96097 -278.43076 49347.122 -63130.4 5715.34 -68845.7 303.22689
0.57 307.74557 -583.98918 49477.055 -62763.7 5903.02 -68666.7 306.47479
0.58 293.6397 -389.77138 49639.927 -62877.1 5632.45 -68509.5 310.05927
0.59 297.48102 -70.659918 49229.163 -62668.5 5706.13 -68374.6 314.909
0.6 299.80234 -98.477244 49296.896 -62475.8 5750.66 -68226.4 318.5204
0.61 294.03929 -460.17826 49274.933 -62757.4 5640.11 -68397.5 320.14945
0.62 284.23019 -510.93412 49213.881 -62507.4 5451.96 -67959.3 323.5146
0.63 294.47232 -47.164455 49157.22 -62660.7 5648.42 -68309.1 329.10845
0.64 290.65132 -846.42511 49429.942 -62580.9 5575.13 -68156 334.87834
0.65 282.66827 -800.96597 49418.681 -62967.3 5422 -68389.3 335.9306
0.66 302.11413 -340.35256 49067.242 -62426.8 5795 -68221.8 334.25899
0.67 304.40657 -441.48693 49386.938 -62227.7 5838.97 -68066.6 339.77048
0.68 301.50537 -994.42005 49527.118 -62372.8 5783.32 -68156.2 343.36285
0.69 294.84308 -613.24874 49299.505 -62663.6 5655.53 -68319.1 345.41413
0.7 286.53176 -107.69531 49282.389 -63062.8 5496.11 -68558.9 347.20011
0.71 296.93238 -652.91534 49457.001 -62601.6 5695.61 -68297.2 348.68593
0.72 298.72762 -906.57205 49704.856 -62508 5730.04 -68238 355.35271
0.73 284.54683 -369.77721 49494.713 -63199.5 5458.03 -68657.6 356.95236
0.74 307.39664 22.292045 49374.907 -62856 5896.33 -68752.3 357.19051
0.75 298.08664 109.56826 49405.403 -63009.1 5717.75 -68726.8 357.90903
0.76 289.54876 -1069.7706 49704.52 -63204.1 5553.98 -68758.1 362.5472
0.77 294.82048 -1182.3731 49528.523 -62821.5 5655.1 -68476.6 364.59485
0.78 306.83401 -833.47721 49663.451 -62517.2 5885.53 -68402.7 369.13685
0.79 298.57816 -289.93574 49540.173 -62987.2 5727.17 -68714.3 371.65325
0.8 287.24755 -360.53352 49560.023 -63414 5509.84 -68923.8 374.04952
0.81 296.09494 -163.71813 49512.766 -63125 5679.54 -68804.5 376.6922
0.82 289.55917 -452.87991 49687.938 -63434.7 5554.18 -68988.9 377.45877
0.83 298.52747 -666.74264 49717.386 -63324.9 5726.2 -69051.1 378.08652
0.84 296.38804 -538.60867 49514.925 -63585.9 5685.16 -69271.1 375.30261
0.85 296.02548 -451.48223 49655.583 -63443.9 5678.21 -69122.1 377.81019
0.86 290.37944 -290.6651 49540.78 -63511.9 5569.91 -69081.8 378.30315
0.87 298.43231 -1111.1802 49605.336 -63101.1 5724.38 -68825.5 379.22019
0.88 298.64665 -364.10734 49389.441 -63331.6 5728.49 -69060.1 380.82286
0.89 296.69836 -258.62247 49328.494 -63141.2 5691.12 -68832.3 382.07781
0.9 290.90025 -90.310907 49320.736 -63148.3 5579.9 -68728.2 381.02162
0.91 300.39548 -74.061083 49463.455 -63111.3 5762.03 -68873.4 381.99063
0.92 298.5805 -323.16079 49432.783 -63449.1 5727.22 -69176.4 382.94302
0.93 288.71667 -60.424468 49467.308 -63531.4 5538.02 -69069.4 386.24225
0.94 304.404 -966.38129 49897.26 -63510.3 5838.92 -69349.2 391.71835
0.95 296.78932 -783.36759 49515.683 -63390.4 5692.86 -69083.3 392.84558
0.96 297.25363 -439.01454 49431.251 -63447.1 5701.77 -69148.9 394.23343
0.97 290.23111 -808.7406 49708.023 -63381.6 5567.06 -68948.7 398.06932
0.98 291.68633 -1461.0811 50078.497 -63649.4 5594.98 -69244.4 400.58315
0.99 299.55387 -681.60135 49464.158 -63260.3 5745.89 -69006.2 400.31121
1 294.69692 -1039.8835 49801.492 -63511.4 5652.73 -69164.1 404.89646
1.01 306.34977 -793.45667 49932.471 -63257.2 5876.24 -69133.5 407.05703
1.02 285.27196 -563.68842 49390.434 -63677.3 5471.94 -69149.2 404.57153
1.03 285.41619 -203.36785 49381.323 -63291.4 5474.71 -68766.1 406.21795
1.04 299.55387 -452.0304 49603.56 -63252.9 5745.89 -68998.8 407.93699
1.05 298.46778 -442.76091 49378.486 -62942 5725.06 -68667 407.44907
1.06 301.2963 118.45258 49371.024 -63512.9 5779.31 -69292.2 410.57126
1.07 293.15236 -1070.0592 49781.581 -63065.9 5623.1 -68689 412.99537
1.08 295.80793 -876.69381 49595.465 -63057.5 5674.04 -68731.6 413.83824
1.09 305.93831 -319.8421 49146.432 -62805.4 5868.35 -68673.8 412.86709
1.1 294.05362 -373.38219 49215.748 -63175.4 5640.39 -68815.7 417.96292
1.11 297.63846 -75.55499 49123.657 -62807.7 5709.15 -68516.8 418.22778
1.12 295.30009 -553.07651 49419.44 -62879.5 5664.3 -68543.8 420.34705
1.13 294.56693 -537.57118 49322.694 -63227.1 5650.23 -68877.4 418.69994
1.14 299.61011 -778.1092 49467.344 -63004.5 5746.97 -68751.4 421.14151
1.15 300.86483 -225.55432 49414.067 -63060 5771.04 -68831 424.35912
1.16 297.50618 -87.215362 49434.601 -63301.8 5706.61 -69008.5 428.11416
1.17 289.16153 -783.78291 49475.532 -63517.7 5546.55 -69064.3 429.65113
1.18 295.35064 -1138.5091 49638.231 -62735.4 5665.26 -68400.6 431.98362
1.19 287.73457 -638.63126 49132 -63170.6 5519.18 -68689.7 430.81442
1.2 289.51758 -622.72283 49385.732 -63281.8 5553.38 -68835.2 434.58201
1.21 294.48404 -666.4097 49557.558 -63202.5 5648.64 -68851.2 440.21374
1.22 282.35917 -102.82563 49129.577 -63366.9 5416.07 -68782.9 436.7441
1.23 284.86767 -542.56767 49565.939 -63210.6 5464.19 -68674.8 441.59961
1.24 300.55118 -526.6641 49300.245 -62874.8 5765.02 -68639.8 442.34598
1.25 282.90267 -595.49399 49046.717 -63227.3 5426.49 -68653.8 443.01416
1.26 293.2874 -1130.6414 49512.608 -63027.4 5625.69 -68653.1 448.40243
1.27 297.59523 -374.02467 49523.596 -63295.2 5708.32 -69003.5 452.2248
1.28 290.3472 -611.18446 49502.268 -63263.7 5569.29 -68833 453.74008
1.29 302.04787 -708.72322 49693.501 -63122.8 5793.73 -68916.5 460.2268
1.3 306.48841 114.99223 49255.501 -63001.8 5878.9 -68880.7 458.50072
1.31 294.0431 -979.47213 49820.046 -63485.5 5640.18 -69125.7 462.4423
1.32 305.40973 -608.05126 49721.213 -63414 5858.21 -69272.2 463.88334
1.33 294.63116 -776.42103 49737.126 -63718.1 5651.46 -69369.6 464.04985
1.34 299.20974 -593.80469 49639.307 -63956.8 5739.29 -69696.1 468.40338
1.35 284.14711 -692.39118 50017.888 -64003.4 5450.36 -69453.8 470.38314
1.36 287.85608 -347.08045 49416.456 -63719.4 5521.51 -69240.9 469.21682
1.37 304.53248 -511.83676 49649.669 -63588 5841.39 -69429.4 471.43027
1.38 287.21838 -868.99283 49602.225 -63963.7 5509.28 -69473 471.30847
1.39 299.92911 -809.04216 49915.55 -63719.9 5753.09 -69473 475.06843
1.4 301.31124 -658.28652 49569.601 -63686.7 5779.6 -69466.3 477.62847
1.41 287.002 -699.67749 49683.319 -63680.2 5505.13 -69185.3 479.36526
1.42 289.1756 -350.59694 49412.425 -63751.7 5546.82 -69298.5 477.47864
1.43 299.72145 -794.72309 49651.825 -63449.3 5749.1 -69198.4 480.00136
1.44 303.81443 -157.67172 49249.39 -63145.5 5827.61 -68973.1 478.00943
1.45 301.24378 -926.66392 49722.004 -62756.9 5778.3 -68535.2 482.74576
1.46 284.49818 -556.52989 49380.27 -63230.5 5457.1 -68687.6 480.63656
1.47 299.22294 141.94625 49072.85 -62751.1 5739.54 -68490.6 484.45533
1.48 296.53132 -358.45718 49375.149 -62242.9 5687.91 -67930.8 489.40117
1.49 297.04958 -794.26779 49402.68 -62474.4 5697.85 -68172.3 493.20196
1.5 288.93463 -228.38607 49048.25 -62891.3 5542.2 -68433.5 492.6238
1.51 296.32552 -981.82806 49520.469 -63053.8 5683.96 -68737.8 499.25752
1.52 299.82026 -703.9779 49343.936 -62779.6 5751 -68530.6 504.12684
1.53 290.38962 -717.48173 49353.39 -63081 5570.11 -68651.1 503.13921
1.54 289.17603 -22.001875 48911.814 -62949.2 5546.83 -68496 504.40992
1.55 297.90352 -295.52423 49080.136 -62820.7 5714.23 -68534.9 511.80149
1.56 289.36703 -634.65252 49428.119 -62996.3 5550.49 -68546.8 514.36438
1.57 298.08765 -94.608333 49259.572 -62671.9 5717.76 -68389.7 518.67932
1.58 301.57126 278.7382 49189.762 -63018 5784.59 -68802.6 517.66544
1.59 299.33798 -692.51993 49543.14 -62711.8 5741.75 -68453.5 522.2214
1.6 296.07584 -564.11162 49606.833 -63028.5 5679.18 -68707.7 527.76069
1.61 301.43241 -464.32837 49297.241 -62584.3 5781.92 -68366.2 527.5891
1.62 295.31736 -910.21187 49110.834 -62464.4 5664.63 -68129.1 535.64387
1.63 298.87526 -421.24305 49264.646 -62719.6 5732.87 -68452.4 538.03826
1.64 304.09835 -90.868019 49136.273 -62409.5 5833.06 -68242.5 540.56929
1.65 289.3645 -330.53597 49057.098 -62683.2 5550.44 -68233.7 539.19551
1.66 300.32264 -287.83754 49194.556 -62730.9 5760.64 -68491.5 543.11147
1.67 304.9938 -29.431783 49117.005 -61948.8 5850.23 -67799 546.46311
1.68 304.07584 -272.27553 49009.073 -62128.5 5832.63 -67961.1 548.05976
1.69 291.08903 -869.9902 49338.958 -62233.5 5583.52 -67817 555.82965
1.7 288.93116 174.692 48771.682 -61900 5542.13 -67442.1 554.82049
1.71 296.78991 -465.63963 49193.634 -61954.8 5692.87 -67647.7 566.35098
1.72 293.27165 -1212.9538 49589.113 -62164.6 5625.39 -67790 574.59339
1.73 291.51025 -568.61543 49087.427 -61923.7 5591.6 -67515.3 574.80978
1.74 284.45627 -512.81925 49005.538 -61985.4 5456.29 -67441.6 578.65807
1.75 304.51687 -696.61572 49305.995 -61918.6 5841.09 -67759.7 582.90918
1.76 295.11978 -523.46558 49118.627 -62363.9 5660.84 -68024.7 584.97245
1.77 296.31553 -365.41733 49120.942 -62672.4 5683.77 -68356.1 588.54382
1.78 286.91786 -286.31467 49207.776 -62275.9 5503.51 -67779.4 592.61043
1.79 305.93392 -622.96487 49319.892 -62236.1 5868.27 -68104.4 600.3567
1.8 284.05261 -605.21845 49191.883 -62286.1 5448.55 -67734.7 605.16245
1.81 295.00867 -36.848558 48899.732 -62185.6 5658.71 -67844.3 609.03931
1.82 291.26683 359.34424 48861.496 -62571.5 5586.93 -68158.5 607.87283
1.83 292.09228 -483.33654 49388.077 -62032.5 5602.76 -67635.3 614.39938
1.84 293.2939 -422.64889 49301.137 -62415.6 5625.81 -68041.4 614.36798
1.85 296.75608 -638.12171 49473.907 -62304.4 5692.22 -67996.7 614.02103
1.86 306.2557 -426.64952 48840.008 -62210.3 5874.44 -68084.7 611.29878
1.87 302.14321 -199.78973 49062.574 -62202.9 5795.56 -67998.5 611.34274
1.88 290.87989 -615.17833 49259.22 -62268.1 5579.51 -67847.6 614.06958
1.89 293.18006 -1237.6713 49587.298 -62154.6 5623.63 -67778.2 620.62998
1.9 298.55408 -706.97467 49333.861 -62320.7 5726.71 -68047.5 626.78829
1.91 316.00607 -824.13715 49263.546 -62176.5 6061.47 -68238 629.35507
1.92 288.84462 -378.48379 49241.852 -62064.6 5540.47 -67605.1 634.76087
1.93 288.8871 -541.16751 49113.047 -62111 5541.28 -67652.3 639.38697
1.94 303.04504 -641.59339 49120.052 -61937.6 5812.86 -67750.4 645.5737
1.95 291.22927 -721.88258 49402.063 -61883.4 5586.21 -67469.6 652.52135
1.96 294.11188 -307.43189 48644.926 -61692.4 5641.5 -67333.9 644.40296
1.97 294.49894 -424.65451 48900.911 -61702.5 5648.93 -67351.4 652.93669
1.98 294.26147 -523.23113 49111.618 -61781.3 5644.37 -67425.6 660.4392
1.99 294.33137 -609.21952 49002.835 -61143.2 5645.71 -66788.9 662.67647
2 290.08392 -876.01126 48751.97 -61456.5 5564.24 -67020.8 664.05182
2.01 311.03957 -113.31217 48710.242 -61242.8 5966.2 -67209 674.73065
2.02 295.25282 -574.96358 48821.198 -61152.3 5663.39 -66815.7 681.63143
2.03 296.53803 -557.55881 48621.91 -61237.6 5688.04 -66925.7 686.9528
2.04 294.906 -215.82658 48854.85 -61297 5656.74 -66953.7 693.74882
2.05 291.58458 -699.02229 48667.254 -60970.5 5593.03 -66563.5 702.3536
2.06 297.04863 -896.50667 49003.268 -61137.8 5697.83 -66835.6 719.55252
2.07 305.98031 -789.04189 48839.877 -61231.1 5869.16 -67100.3 727.7545
2.08 302.23588 -359.33535 49018.213 -60717.6 5797.33 -66514.9 736.9932
2.09 297.6585 -674.3801 48970.814 -61035.4 5709.53 -66745 740.74525
2.1 291.21706 -617.05587 48975.801 -61020.1 5585.98 -66606.1 753.57889
2.11 296.37679 -602.81956 48713.364 -61068.4 5684.95 -66753.3 757.91604
2.12 286.93172 -583.93175 48716.352 -61305 5503.78 -66808.8 766.48059
2.13 281.29942 -427.75731 48916.107 -61159.3 5395.74 -66555 770.78088
2.14 296.08345 -1141.6977 49116.201 -60857.2 5679.32 -66536.5 780.99757
2.15 292.91851 -142.10802 48692.686 -61426.9 5618.61 -67045.5 780.04597
2.16 288.83447 -927.73003 48793.414 -60935.8 5540.27 -66476.1 788.92821
2.17 291.00668 -1110.6408 49178.29 -60920 5581.94 -66501.9 799.48303
2.18 299.59191 95.017318 48347.162 -61045.6 5746.62 -66792.2 791.13934
2.19 301.11522 -512.80133 48640.638 -60747.2 5775.84 -66523 795.46759
2.2 301.03776 -324.97049 48288.077 -60414.7 5774.35 -66189 798.20947
2.21 295.0663 -514.95621 48617.181 -60199.2 5659.81 -65859 809.39289
2.22 299.87522 -253.14891 48537.521 -60358.1 5752.05 -66110.2 818.12557
2.23 289.16846 -1071.4974 48790.159 -60339 5546.68 -65885.6 830.94839
2.24 290.54118 90.863041 48311.655 -60520.1 5573.01 -66093.2 832.51761
2.25 297.97005 -246.20903 48204.753 -60454.1 5715.51 -66169.6 842.55326
2.26 305.76022 -595.53222 48772.464 -60083.1 5864.94 -65948.1 859.09487
2.27 297.84926 -715.31752 48283.563 -60473.3 5713.19 -66186.5 865.81858
2.28 290.68849 -964.05972 48842.262 -60997 5575.84 -66572.8 878.59975
2.29 286.11308 -409.10914 48587.341 -60460.3 5488.07 -65948.4 879.79132
2.3 298.13448 109.48066 48610.863 -60952.8 5718.66 -66671.5 891.73658
2.31 289.13738 -351.66505 48678.004 -60354.1 5546.09 -65900.2 899.2831
2.32 287.92344 -624.50793 48775.321 -60835.6 5522.8 -66358.4 908.49438
2.33 301.15749 -346.659 48888.823 -60751.6 5776.65 -66528.2 918.9565
2.34 286.10719 -208.59677 48753.92 -61308.6 5487.96 -66796.6 925.87616
2.35 295.33633 96.477288 48644.511 -61269.7 5664.99 -66934.7 933.00665
2.36 300.86444 -604.73377 48969.449 -60947.4 5771.03 -66718.4 943.301
2.37 284.8243 -158.0074 48693.292 -61375.9 5463.35 -66839.3 945.83047
2.38 294.07474 -380.34429 49131.305 -61268.3 5640.79 -66909.1 963.27806
2.39 296.66537 -195.73541 48704.212 -61012.4 5690.48 -66702.9 959.80818
2.4 292.22244 -761.00825 48917.579 -61364.8 5605.26 -66970.1 960.48259
2.41 298.88506 -888.66268 49127.4 -60905.7 5733.06 -66638.8 971.53522
2.42 304.28794 -100.33191 48740.376 -61098.5 5836.7 -66935.2 974.38239
2.43 292.54833 -619.8383 48763.869 -61477.7 5611.51 -67089.2 974.76281
2.44 295.94555 -84.509395 48838.019 -60894.5 5676.68 -66571.2 982.45281
2.45 303.17781 46.369254 48649.209 -60910.5 5815.4 -66725.9 989.33366
2.46 307.8214 -259.5548 48875.023 -61038.1 5904.47 -66942.6 993.5438
2.47 303.98349 -46.718878 48643.202 -61039 5830.86 -66869.9 996.33102
2.48 301.28699 -546.7597 48588.563 -61110.9 5779.13 -66890.1 1000.0654
2.49 301.69867 -226.24795 48487.846 -60709.1 5787.03 -66496.1 1002.7472
2.5 288.40077 -311.85724 48417.934 -60894.4 5531.96 -66426.3 1006.588
2.51 289.31792 -417.81744 48658.159 -60673.4 5549.55 -66223 1015.2023
2.52 301.82703 -792.17169 48975.852 -60777.9 5789.49 -66567.4 1030.3659
2.53 294.15669 -852.82922 49036.747 -60418.4 5642.36 -66060.8 1041.8617
2.54 295.83575 -907.21603 49192.082 -60855.6 5674.57 -66530.1 1041.5562
2.55 303.07192 -126.58011 48279.244 -60414.7 5813.37 -66228 1037.1048
2.56 286.75049 -1057.8126 48643.543 -60661.5 5500.3 -66161.8 1050.0321
2.57 301.81443 -320.92259 48600.326 -60506.8 5789.25 -66296 1060.9663
2.58 294.32005 -1015.961 48714.28 -60552.4 5645.5 -66197.9 1074.5236
2.59 297.12931 322.91824 48571.078 -60917.9 5699.38 -66617.2 1083.4035
2.6 297.88121 -204.27805 48794.955 -60470.2 5713.81 -66184 1090.7677
2.61 280.86928 -550.56357 49065.183 -61074.5 5387.49 -66461.9 1100.2671
2.62 296.18286 -286.62111 49004.073 -60609.5 5681.23 -66290.7 1106.4459
2.63 300.44366 -681.50221 48674.929 -60241.7 5762.96 -66004.6 1108.0987
2.64 296.77259 -578.53007 48963.367 -60427.5 5692.54 -66120.1 1121.7707
2.65 296.93188 -485.57876 48912.62 -60637.7 5695.6 -66333.3 1126.3006
2.66 295.31028 -532.6518 48632.417 -61061.4 5664.49 -66725.9 1124.9482
2.67 304.29768 -528.90717 48762.198 -60576 5836.88 -66412.9 1135.2675
2.68 301.50182 -104.38357 48540.97 -60781.2 5783.25 -66564.5 1146.7889
2.69 283.36585 -248.47592 48629.637 -60826.1 5435.38 -66261.5 1151.9044
2.7 304.28779 -302.8022 48552.558 -61041.3 5836.69 -66878 1151.8725
2.71 297.86794 -649.5182 48904.739 -60614.5 5713.55 -66328.1 1163.4541
2.72 283.98108 -1091.4831 49059.027 -60637.2 5447.18 -66084.4 1169.6319
2.73 287.092 -730.8879 48903.28 -60435.6 5506.85 -65942.5 1167.2069
2.74 297.42188 -422.27297 48738.257 -60297.8 5704.99 -66002.8 1172.1003
2.75 293.81359 -1020.1864 48768.038 -60508.7 5635.78 -66144.5 1182.8783
2.76 290.60401 -84.217285 48865.379 -60583.6 5574.22 -66157.9 1186.6856
2.77 291.11504 -127.5109 48503.974 -60389.7 5584.02 -65973.7 1181.4526
2.78 292.41194 -270.51618 48536.585 -60632.7 5608.9 -66241.6 1189.028
2.79 285.04019 -344.5681 48721.786 -60506.1 5467.5 -65973.6 1198.919
2.8 289.7852 -696.86336 48701.632 -60417.7 5558.51 -65976.2 1202.8239
2.81 295.32935 -781.72686 48526.45 -59739.5 5664.86 -65404.4 1214.699
2.82 294.90153 -673.73421 48479.626 -60081.2 5656.65 -65737.8 1224.0661
2.83 293.10769 -1309.562 48705.58 -59946.2 5622.24 -65568.4 1235.7192
2.84 295.01542 -174.11514 48325.716 -59451.4 5658.83 -65110.3 1232.8885
2.85 295.09006 -1459.9832 48671.592 -59856.6 5660.27 -65516.9 1249.2161
2.86 297.46851 -374.43302 48597.471 -60197.2 5705.89 -65903.1 1252.4119
2.87 295.33613 -488.17974 48627.241 -59675.5 5664.99 -65340.4 1254.9301
2.88 293.95177 -524.59853 48383.947 -59580.4 5638.43 -65218.9 1259.4145
2.89 288.19125 -634.33895 48383.888 -59614.7 5527.94 -65142.6 1274.9506
2.9 290.77225 -1051.0238 48517.835 -59551.4 5577.44 -65128.9 1282.2911
2.91 296.111 -1035.4583 48600.164 -59523.7 5679.85 -65203.5 1292.4037
2.92 287.28898 -587.64451 48547.311 -59862.9 5510.63 -65373.5 1298.9992
2.93 288.28477 -315.89864 48351.111 -59791.7 5529.73 -65321.4 1292.0596
2.94 293.82859 -349.99082 48135.004 -59592.9 5636.07 -65228.9 1293.4971
2.95 302.05674 -536.15327 48236.513 -59782.6 5793.9 -65576.5 1301.8793
2.96 295.9163 -645.04462 48164.448 -59424.5 5676.12 -65100.6 1305.0313
2.97 294.56192 -94.321169 48217.185 -59443 5650.14 -65093.2 1310.3928
2.98 302.53553 -607.97155 48611.243 -59463.1 5803.08 -65266.2 1325.8028
2.99 297.65748 -210.73154 48254.822 -59463.5 5709.51 -65173 1319.3725
3 300.19052 -690.72455 48253.271 -59222.7 5758.1 -64980.8 1331.6905
3.01 278.14804 -531.95776 48516.093 -59273.3 5335.29 -64608.5 1355.4189
3.02 290.73635 -550.23746 48130.461 -59275.9 5576.76 -64852.7 1354.9843
3.03 296.62278 -683.08888 48302.628 -59325.3 5689.67 -65014.9 1367.4915
3.04 294.51232 -458.00196 48463.502 -59043.2 5649.18 -64692.4 1389.0794
3.05 289.91424 -313.31094 47765.973 -59458.2 5560.99 -65019.2 1386.4556
3.06 293.32063 565.86355 47678.449 -58860.3 5626.33 -64486.7 1396.5995
3.07 301.92898 -146.4796 47903.841 -58676.2 5791.45 -64467.6 1419.6941
3.08 288.3298 -497.04701 47585.383 -58527.4 5530.59 -64058 1425.8547
3.09 306.53558 -869.06745 47477.126 -58013.1 5879.81 -63892.9 1441.1467
3.1 282.95011 -518.36933 47282.359 -57871.8 5427.4 -63299.2 1444.7866
3.11 287.16453 -807.74517 47054.216 -57221.9 5508.24 -62730.1 1459.3017
3.12 288.9759 -1089.1457 47113.037 -56923.2 5542.99 -62466.2 1482.4682
3.13 292.5418 -626.83179 47059.567 -57120.4 5611.39 -62731.8 1507.7745
3.14 300.88305 -191.84476 46690.801 -56909.9 5771.38 -62681.3 1522.6403
3.15 287.46604 -655.06174 46838.166 -57279.7 5514.03 -62793.8 1540.6998
3.16 304.23664 -397.48638 46667.41 -56688.1 5835.71 -62523.8 1557.8741
3.17 285.55961 -892.62178 47109.487 -57212.1 5477.46 -62689.5 1591.0664
3.18 300.17899 -571.00847 47130.747 -56835.5 5757.88 -62593.4 1611.4475
3.19 295.67409 -339.09981 46537.428 -56835.8 5671.47 -62507.3 1627.4425
3.2 298.26345 -927.16745 46924.18 -56874.9 5721.14 -62596 1656.3332
3.21 288.12141 -775.04228 46607.791 -57269.1 5526.6 -62795.7 1661.6519
3.22 292.66436 -648.70164 47292.891 -57087.9 5613.74 -62701.6 1709.3447
3.23 295.35408 408.95316 46466.875 -57135.5 5665.33 -62800.9 1714.7933
3.24 298.81899 -376.23637 46475.484 -56591.6 5731.79 -62323.4 1737.607
3.25 292.19946 -864.76151 46805.523 -57201.4 5604.82 -62806.3 1770.5693
3.26 301.65244 -443.08943 46872.68 -56835.3 5786.14 -62621.4 1803.757
3.27 278.94703 -1095.3785 47263.082 -57399.2 5350.62 -62749.9 1837.7949
3.28 299.08621 -364.32117 46835.671 -56921.9 5736.92 -62658.8 1855.4276
3.29 293.83459 134.95146 46938.327 -56883.8 5636.18 -62520 1878.3478
3.3 297.71655 -871.20543 47218.05 -56828.4 5710.65 -62539.1 1917.2506
3.31 292.7434 -349.74657 46801.046 -57025.5 5615.25 -62640.7 1935.3221
3.32 299.04826 -1484.6593 47328.571 -56735.6 5736.19 -62471.8 1970.8937
3.33 286.6164 -1048.4375 46836.737 -57180 5497.73 -62677.8 1997.4235
3.34 287.95606 -253.70218 46877.407 -57147.1 5523.43 -62670.5 2020.1692
3.35 302.1408 -902.58725 46928.18 -56772.7 5795.51 -62568.2 2045.1424
3.36 289.35864 -625.50437 46664.234 -57194.7 5550.33 -62745 2063.3935
3.37 293.62453 -445.61735 46740.686 -57327.1 5632.16 -62959.3 2089.4801
3.38 300.39274 -372.65374 46636.409 -57017.3 5761.98 -62779.3 2108.9375
3.39 297.24047 -772.87312 46898.729 -56800.3 5701.51 -62501.9 2146.6088
3.4 286.69022 322.23376 46575.868 -56878.4 5499.15 -62377.5 2177.0389
3.41 292.03824 -964.63872 47147.142 -57162.1 5601.73 -62763.8 2210.487
3.42 298.8044 -510.9095 46968.139 -56987.9 5731.51 -62719.4 2219.1665
3.43 290.98823 -978.8371 47038.292 -56948.3 5581.59 -62529.9 2236.443
3.44 289.39869 -742.93534 46655.501 -57027.4 5551.1 -62578.5 2242.8441
3.45 288.44881 -215.17092 46826.047 -57235.4 5532.88 -62768.3 2271.3897
3.46 274.69809 -36.32526 46476.693 -57107.3 5269.12 -62376.4 2296.4722
3.47 297.08307 -807.12333 46660.648 -56848 5698.5 -62546.5 2335.6759
3.48 284.11198 -586.05516 47361.883 -57212 5449.69 -62661.7 2378.3758
3.49 289.35192 -145.02974 46764.263 -56925.2 5550.2 -62475.4 2383.1416
3.5 294.67746 -745.72674 46867.808 -57090.4 5652.35 -62742.8 2408.695
3.51 290.53713 -1119.3758 46829.383 -57103.6 5572.93 -62676.5 2434.4822
3.52 292.2155 -632.53627 46596.21 -57260.5 5605.13 -62865.6 2460.0427
3.53 290.85397 -279.48435 46603.329 -57034.4 5579.01 -62613.4 2487.0163
3.54 290.61954 -911.97009 47322.305 -57157 5574.52 -62731.5 2539.182
3.55 294.33202 -575.30766 47055.206 -57022.6 5645.73 -62668.3 2550.0006
3.56 300.24228 -841.06451 47305.837 -56941.2 5759.09 -62700.3 2598.3027
3.57 301.36336 -453.0186 46826.562 -56760.8 5780.6 -62541.4 2614.4095
3.58 285.41833 -430.15938 46509.085 -57186.3 5474.75 -62661 2631.3153
3.59 301.71069 359.18318 46581.026 -56705.9 5787.26 -62493.1 2665.5485
3.6 292.87438 -872.15667 46990.067 -56884.9 5617.77 -62502.6 2718.6095
3.61 297.47733 -643.85853 46488.148 -57348.3 5706.06 -63054.4 2724.8549
3.62 298.78147 -274.3793 46969.906 -56883.6 5731.07 -62614.7 2764.5107
3.63 291.8455 -1438.2655 47310.377 -57044.1 5598.03 -62642.2 2803.1965
3.64 297.83379 -687.26705 47180.234 -56887 5712.9 -62599.8 2826.3376
3.65 295.18067 -154.46001 46718.258 -56869.5 5662 -62531.5 2828.1899
3.66 279.61226 -271.77081 47106.945 -57198.4 5363.38 -62561.7 2861.5815
3.67 296.78716 -391.88839 47054.55 -56927.8 5692.82 -62620.6 2891.995
3.68 288.89851 -582.71256 47292.754 -57089.2 5541.5 -62630.7 2923.4364
3.69 285.87241 -832.28543 47115.1 -57250.6 5483.46 -62734 2937.1614
3.7 305.28502 14.587667 46320.765 -56938.6 5855.82 -62794.4 2940.2723
3.71 299.48575 -663.00595 46908.301 -57358.8 5744.58 -63103.4 2987.7503
3.72 291.96704 -707.92985 46789.847 -56913.1 5600.36 -62513.5 2998.2939
3.73 286.64264 -548.09261 46426.392 -57171.7 5498.23 -62670 2999.8725
3.74 294.32695 -345.34789 46589.251 -56934.5 5645.63 -62580.2 3032.8917
3.75 294.36873 422.62658 46651.42 -57056.1 5646.43 -62702.5 3053.279
3.76 290.90573 -1122.4183 47007.565 -57256.3 5580 -62836.3 3087.649
3.77 289.93929 -865.78155 46878.75 -57281.7 5561.47 -62843.2 3115.0982
3.78 299.22744 -759.1092 46730.32 -56641.5 5739.63 -62381.1 3143.4443
3.79 300.99265 -1185.9123 46949.217 -57088.1 5773.49 -62861.5 3194.734
3.8 288.94796 -1791.114 47236.395 -56962.6 5542.45 -62505 3228.455
3.81 289.20397 -26.132249 46885.304 -57313 5547.36 -62860.4 3232.13
3.82 288.31217 -1142.6115 47082.983 -57047.6 5530.26 -62577.8 3260.177
3.83 288.15024 -500.76355 47064.758 -57181 5527.15 -62708.1 3283.6114
3.84 285.7912 -774.52706 47297.371 -56930.7 5481.9 -62412.6 3327.9026
3.85 288.42523 -524.78422 46999.541 -56948.6 5532.43 -62481 3336.211
3.86 292.97535 -1012.6874 46764.542 -57028.5 5619.7 -62648.2 3344.5692
3.87 305.24057 -574.89124 46447.964 -56680.3 5854.97 -62535.2 3376.2043
3.88 294.60783 -665.37926 46748.724 -56997.3 5651.02 -62648.3 3433.4654
3.89 297.88353 -447.73483 47012.3 -56981.4 5713.85 -62695.3 3467.6557
3.9 299.69792 -404.05651 46504.269 -56435.5 5748.65 -62184.1 3474.0553
3.91 287.89447 -183.93159 47053.464 -56939.7 5522.24 -62461.9 3528.6868
3.92 300.73716 -125.32692 46875.728 -56856 5768.59 -62624.6 3542.8003
3.93 286.62991 -532.00125 46731.32 -57288.7 5497.99 -62786.7 3553.9185
3.94 287.04113 -229.48155 46764.763 -56999.7 5505.88 -62505.6 3571.438
3.95 294.0917 134.21195 46770.083 -57153.7 5641.12 -62794.8 3611.553
3.96 291.00624 -591.11473 47324.502 -57222.1 5581.93 -62804 3663.3535
3.97 297.05671 -752.71509 46825.786 -56958 5697.99 -62656 3654.0027
3.98 287.78556 565.07722 46799.269 -57176.3 5520.16 -62696.5 3661.8233
3.99 295.49571 -591.47187 46738.948 -56715.8 5668.05 -62383.9 3681.6518
4 293.91638 -717.85327 47004.571 -56929.3 5637.75 -62567.1 3704.7529
4.01 289.09816 586.8435 46136.911 -57031.6 5545.33 -62576.9 3686.1061
4.02 291.1712 -235.11491 47086.03 -57162.3 5585.1 -62747.4 3755.2955
4.03 302.59592 -387.64226 46528.673 -57150.1 5804.24 -62954.3 3751.2059
4.04 301.95283 -569.32318 46863.897 -56974.2 5791.9 -62766.1 3804.0791
4.05 296.67306 -999.73475 46890.673 -56863.1 5690.63 -62553.7 3816.7684
4.06 291.49179 18.824504 46945.326 -57136.2 5591.25 -62727.4 3826.3564
4.07 293.45179 -467.64189 46559.045 -56922.4 5628.84 -62551.2 3824.0398
4.08 293.46379 -490.31584 47331.038 -57074.5 5629.07 -62703.6 3888.8283
4.09 296.48308 -771.75484 46864.976 -56715.6 5686.99 -62402.6 3891.6596
4.1 295.16367 270.22224 46847.175 -57296 5661.68 -62957.7 3912.9627
4.11 290.34766 -134.41936 46723.453 -56830.5 5569.3 -62399.8 3919.676
4.12 289.1144 -46.238367 47070.017 -57097.2 5545.64 -62642.9 3959.0993
4.13 290.76806 -942.3555 47027.482 -56961 5577.36 -62538.4 3988.4861
4.14 288.92989 -1072.3794 46549.621 -57193.1 5542.11 -62735.2 3990.5522
4.15 293.48343 -351.73661 46960.998 -56997.7 5629.45 -62627.2 4028.6644
4.16 298.60518 -550.62043 46994.974 -56811.4 5727.69 -62539.1 4063.263
4.17 290.3708 -409.18192 46921.12 -57089.8 5569.74 -62659.6 4090.2726
4.18 281.89155 -605.37116 46958.246 -57362 5407.1 -62769.1 4123.4654
4.19 294.31404 -746.64324 47014.442 -57038.7 5645.38 -62684.1 4154.1133
4.2 300.85885 -957.56208 47367.063 -56662.4 5770.92 -62433.4 4213.9041
4.21 292.84105 -1599.4591 47005.36 -56990.9 5617.13 -62608 4208.0651
4.22 292.89229 -1154.4672 46942.647 -56909.4 5618.11 -62527.5 4243.2333
4.23 301.94545 -191.53541 47146.654 -56614.8 5791.76 -62406.6 4278.7465
4.24 289.00608 -378.09731 46551.745 -56887.3 5543.57 -62430.9 4265.9791
4.25 293.4617 -362.85074 46673.027 -57183.9 5629.03 -62812.9 4290.2277
4.26 299.15519 -80.525683 46754.22 -56912.4 5738.24 -62650.6 4313.3724
4.27 285.64672 -302.35011 46516.361 -57189.8 5479.13 -62669 4331.0291
4.28 292.65461 -76.868654 46710.341 -57114.4 5613.55 -62727.9 4363.0314
4.29 286.84746 -701.67447 46969.658 -57337.2 5502.16 -62839.3 4418.6564
4.3 291.8184 257.18279 46175.251 -56783.3 5597.51 -62380.8 4422.4754
4.31 293.00214 -415.20322 46671.33 -57433.6 5620.22 -63053.8 4469.2363
4.32 289.25648 -889.10411 46983.331 -57194.5 5548.37 -62742.9 4501.4037
4.33 293.48519 -150.75534 46935.565 -57170.5 5629.48 -62800 4506.3656
4.34 297.12173 110.58343 46867.793 -57082.8 5699.24 -62782.1 4539.1534
4.35 299.94625 -794.27701 46808.949 -56921.1 5753.42 -62674.5 4562.4417
4.36 296.56286 -690.36332 46417.709 -56859.2 5688.52 -62547.7 4564.3402
4.37 287.05738 -1013.6682 46739.77 -57087.9 5506.19 -62594.1 4599.7528
4.38 300.2264 -506.29946 46128.994 -57344.4 5758.79 -63103.2 4590.3835
4.39 296.75804 -498.71039 46776.617 -56836.3 5692.26 -62528.5 4664.0369
4.4 296.43249 -5.1842812 46692.623 -57146.9 5686.02 -62833 4683.8348
4.41 304.92319 -322.93441 47110.393 -56618.1 5848.88 -62467 4738.3693
4.42 294.18778 -717.20208 46940.337 -57018.4 5642.96 -62661.3 4749.424
4.43 279.99222 -628.76769 46633.205 -57262 5370.67 -62632.7 4731.4495
4.44 289.73378 -661.286 46891.143 -57076.4 5557.53 -62634 4775.6197
4.45 301.69187 260.50764 46777.385 -56838.4 5786.9 -62625.3 4784.3091
4.46 289.81173 -760.23165 46782.392 -57297.4 5559.02 -62856.4 4804.6098
4.47 292.85927 -800.92308 46454.441 -56873.3 5617.48 -62490.8 4790.9286
4.48 289.59518 -211.35339 47259.308 -57347.2 5554.87 -62902.1 4847.8172
4.49 295.93389 -205.66753 46681.821 -56791.3 5676.45 -62467.8 4833.2557
4.5 283.35288 -562.04001 46766.455 -57228.1 5435.13 -62663.3 4867.4428
4.51 299.77982 -1225.5269 46953.612 -56958 5750.22 -62708.3 4902.4229
4.52 294.31632 -1113.8641 46512.411 -57202.9 5645.43 -62848.3 4892.9863
4.53 292.90473 -520.49861 47184.624 -56932.6 5618.35 -62551 4964.8106
4.54 300.9625 -670.98717 47129.388 -56665.4 5772.91 -62438.3 4981.2881
4.55 287.68715 -782.65482 46858.671 -57157.8 5518.27 -62676.1 4987.8607
4.56 289.48855 -1312.3372 46963.937 -57058.4 5552.82 -62611.2 5031.1817
4.57 291.5662 -213.93255 46943.699 -57149.4 5592.67 -62742.1 5033.6777
4.58 292.91755 -605.3024 46544.812 -57013.7 5618.59 -62632.3 5034.7816
4.59 302.51412 -544.77199 46839.955 -57052.4 5802.67 -62855.1 5068.1394
4.6 284.00739 142.07265 46693.086 -57398 5447.68 -62845.7 5089.2789
4.61 296.48984 -435.56798 46761.539 -57154.4 5687.12 -62841.5 5123.8393
4.62 295.7691 -426.67564 46690.885 -57009.5 5673.29 -62682.8 5137.3412
4.63 295.79572 -379.21259 47106.92 -56604.9 5673.8 -62278.7 5196.4917
4.64 291.67916 -450.42856 46736.245 -57124.7 5594.84 -62719.5 5184.3907
4.65 298.04293 -737.16453 46844.429 -56988.5 5716.91 -62705.4 5217.52
4.66 292.87285 -656.32207 46549.236 -57249.1 5617.74 -62866.9 5235.53
4.67 299.01835 773.32057 46228.862 -56872.4 5735.62 -62608 5233.5148
4.68 293.7386 -412.43396 47005.611 -57209.7 5634.34 -62844 5306.9199
4.69 293.00941 -886.39274 47106.64 -57119.5 5620.36 -62739.9 5334.4589
4.7 300.60046 -55.40723 46665.501 -57219 5765.96 -62985 5319.9925
4.71 307.45037 398.89329 46960.771 -56715.3 5897.36 -62612.7 5384.8461
4.72 300.94026 562.74621 46619.182 -56795.3 5772.48 -62567.8 5379.2543
4.73 298.49529 -657.15067 46901.692 -57007.4 5725.58 -62733 5428.7683
4.74 289.81066 -616.31815 46701.19 -56759.1 5559 -62318.1 5453.0498
4.75 294.36704 -227.4752 46886.334 -57187.1 5646.4 -62833.5 5479.3453
4.76 296.27452 -453.30698 46334.232 -56832.2 5682.99 -62515.2 5454.9807
4.77 299.37846 44.80356 46776.233 -56900.6 5742.52 -62643.1 5506.837
4.78 297.67905 -146.29591 46543.214 -57084.2 5709.93 -62794.1 5498.804
4.79 284.9468 -265.21504 46573.217 -57391.5 5465.7 -62857.2 5540.3647
4.8 294.7597 -415.85297 47043.823 -56988 5653.93 -62642 5573.5568
4.81 296.20637 -42.201854 46359.873 -56992.4 5681.68 -62674.1 5540.8969
4.82 291.31263 -722.52127 46831.056 -57120.8 5587.81 -62708.6 5584.1246
4.83 301.15747 -441.1488 46579.277 -56834.4 5776.65 -62611.1 5592.1222
4.84 293.70841 -236.1392 47400.024 -57071.8 5633.76 -62705.6 5684.7031
4.85 290.83651 -350.57906 46651.37 -56948.1 5578.68 -62526.8 5635.3111
4.86 294.41712 -843.99659 47375.575 -56678.5 5647.36 -62325.9 5718.2611
4.87 289.50008 -345.96667 46795.905 -57119 5553.04 -62672.1 5687.4331
4.88 298.08739 -450.52113 46712.973 -56788.2 5717.76 -62506 5714.951
4.89 291.33061 -57.253509 46827.97 -57161.5 5588.16 -62749.7 5770.9095
4.9 297.50614 -142.39613 46363.045 -57250.5 5706.61 -62957.1 5766.6263
4.91 294.01097 -607.2249 47186.534 -56736.5 5639.57 -62376.1 5858.2704
4.92 287.07001 -1027.6328 46950.258 -57231.1 5506.43 -62737.5 5882.0707
4.93 287.10605 -144.39194 46811.385 -57106.9 5507.12 -62614 5886.1501
4.94 290.42112 64.093379 46861.562 -57033.7 5570.71 -62604.4 5893.4367
4.95 294.54483 6.5172995 46956.025 -56654.7 5649.81 -62304.5 5941.3782
4.96 295.75613 -44.668144 46305.559 -57016.2 5673.04 -62689.3 5913.9355
4.97 295.33841 0.30646213 46852.591 -56723.4 5665.03 -62388.5 6001.8668
4.98 288.07438 -188.13953 46524.269 -57044.9 5525.7 -62570.6 5992.5034
4.99 296.23317 -1460.3641 46768.375 -56917.9 5682.19 -62600 6021.6992
5 291.92691 -115.88644 46638.288 -57036.2 5599.59 -62635.8 6040.3624
5.01 311.32646 -563.1201 46815.566 -56579.3 5971.7 -62551 6083.7979
5.02 294.87305 -264.45096 47023.029 -57162.6 5656.1 -62818.7 6116.1077
5.03 297.63698 -206.14914 46935.98 -56934.1 5709.12 -62643.2 6147.2698
5.04 302.2329 -709.98239 47016.519 -57260.7 5797.28 -63058 6201.6416
5.05 301.25367 -568.36065 46942.552 -57212.6 5778.49 -62991.1 6227.3808
5.06 289.16333 -468.48544 46977.759 -57218.6 5546.58 -62765.1 6264.4321
5.07 280.68043 -888.59674 46663.618 -57248.6 5383.87 -62632.5 6270.8315
5.08 296.14029 -705.57321 46884.186 -57041.9 5680.41 -62722.3 6300.3935
5.09 307.57805 -896.57442 47044.328 -56491.9 5899.8 -62391.7 6326.8449
5.1 304.63573 333.41011 47038.16 -56761.4 5843.37 -62604.8 6366.9054
5.11 294.93326 -267.80341 46509.77 -57114 5657.26 -62771.2 6357.2075
5.12 296.35723 -768.03087 46718.965 -56981.3 5684.57 -62665.9 6384.7415
5.13 296.96456 -792.62357 47061.955 -56669.5 5696.22 -62365.7 6443.1372
5.14 287.22911 493.22484 46521.468 -57154.6 5509.48 -62664.1 6422.6331
5.15 292.12469 23.12505 46881.618 -56916.5 5603.39 -62519.9 6462.4255
5.16 293.92206 -749.25752 46599.593 -57132.5 5637.86 -62770.4 6478.609
5.17 292.36355 -992.10853 46849.614 -57347.4 5607.97 -62955.4 6533.4049
5.18 289.17189 -675.60241 46517.379 -56923.4 5546.75 -62470.1 6538.0091
5.19 287.90473 -1257.4144 46774.313 -57327.6 5522.44 -62850 6589.5905
5.2 273.96047 -250.33547 46916.763 -57491 5254.97 -62745.9 6622.8239
5.21 292.38485 -338.6757 46730.43 -56945.3 5608.38 -62553.7 6648.2501
5.22 297.94883 -1268.5281 47262.163 -56843.5 5715.1 -62558.6 6713.8066
5.23 291.25334 21.865576 46924.896 -57184.4 5586.67 -62771.1 6689.2324
5.24 301.64166 -441.39937 46695.581 -56955.3 5785.94 -62741.3 6665.7434
5.25 291.42015 102.98837 46660.193 -57209.4 5589.87 -62799.3 6686.933
5.26 293.84157 -1101.57 46908.667 -57316.2 5636.32 -62952.5 6728.7155
5.27 296.88771 -983.79048 47395.566 -56725.3 5694.75 -62420 6814.6337
5.28 300.49577 -813.7699 47422.954 -57067 5763.96 -62830.9 6841.7978
5.29 292.67224 -757.48293 46624.814 -57080 5613.89 -62693.9 6803.4633
5.3 295.89124 -205.12346 47352.146 -56997.7 5675.63 -62673.4 6900.9182
5.31 293.75382 -846.66771 47240.456 -56815.4 5634.64 -62450 6906.4192
5.32 292.34481 -672.4584 47195.723 -56929.7 5607.61 -62537.3 6930.8127
5.33 299.18519 -221.84235 46193.157 -57335 5738.82 -63073.8 6867.8386
5.34 305.73214 -568.34805 46917.451 -56866 5864.4 -62730.4 6969.98
5.35 285.57906 -1344.0059 47284.09 -57157.5 5477.83 -62635.4 7018.5469
5.36 292.62413 -524.42056 47158.198 -57257.1 5612.97 -62870 7013.4407
5.37 292.00803 -515.14428 46712.933 -57068.3 5601.15 -62669.4 6996.4129
5.38 308.37372 -973.67423 46874.541 -56641.5 5915.07 -62556.5 7034.5806
5.39 290.60388 -579.13813 46868.156 -56815.3 5574.22 -62389.5 7074.3073
5.4 292.11531 -987.2785 47237.245 -57070.7 5603.21 -62673.9 7120.8453
5.41 300.23173 -360.00817 46975.495 -56854.3 5758.89 -62613.2 7119.4691
5.42 294.36086 -625.87238 46745.27 -56927 5646.28 -62573.2 7109.7409
5.43 295.46326 -812.60411 46698.762 -57025.2 5667.43 -62692.7 7136.4235
5.44 290.23741 -534.15943 46758.463 -57113.2 5567.19 -62680.4 7155.7009
5.45 286.82746 -1022.2971 47159.365 -56780.2 5501.78 -62282 7211.9736
5.46 301.8864 -316.63893 46888.322 -56659.6 5790.63 -62450.2 7187.1217
5.47 298.08413 -968.42249 46819.172 -57110.9 5717.7 -62828.6 7209.8275
5.48 296.19658 -434.92256 46600.518 -57172.6 5681.49 -62854.1 7215.0763
5.49 297.31996 -769.82642 47371.972 -56825.3 5703.04 -62528.4 7304.1602
5.5 295.17896 57.654747 46397.485 -56961.1 5661.97 -62623.1 7243.3526
5.51 296.76379 -815.29733 46912.076 -56720.5 5692.37 -62412.9 7321.6627
5.52 300.65288 -240.1173 46579.884 -57286.6 5766.97 -63053.6 7306.6493
5.53 300.83298 -589.64947 47050.992 -57049.3 5770.42 -62819.8 7376.4462
5.54 291.24759 -907.22584 46688.495 -56950.1 5586.56 -62536.7 7372.0009
5.55 297.55224 -719.69952 46906.164 -57109.6 5707.5 -62817.1 7440.9038
5.56 295.726 -316.85032 46966.13 -56919.3 5672.46 -62591.7 7489.5567
5.57 296.32111 -972.43172 47010.111 -57308.1 5683.88 -62992 7523.9846
5.58 301.02119 -782.29702 46982.37 -56672.2 5774.03 -62446.2 7551.7772
5.59 290.71333 -655.46857 46606.888 -57034.2 5576.31 -62610.5 7514.1376
5.6 290.73852 420.06508 46177.29 -57403.3 5576.8 -62980.1 7475.7491
5.61 296.95326 -259.16099 46526.192 -57109.8 5696.01 -62805.8 7540.554
5.62 295.97529 -297.09687 46701.496 -57019.4 5677.25 -62696.6 7587.7052
5.63 284.26924 -505.1722 46720.806 -57409.4 5452.71 -62862.1 7614.6429
5.64 305.15228 399.04251 46589.112 -56841.1 5853.27 -62694.4 7635.3163
5.65 297.89381 208.84191 46808.834 -56804.6 5714.05 -62518.7 7688.0132
5.66 301.33052 1.0606712 46299.659 -56938.2 5779.97 -62718.2 7662.1792
5.67 292.63962 -877.81013 46505.334 -57008.8 5613.26 -62622.1 7703.2049
5.68 294.11704 -1328.5109 46754.055 -57081.2 5641.6 -62722.8 7764.9483
5.69 290.58253 -324.08432 46707.889 -56963.1 5573.81 -62536.9 7786.8874
5.7 297.47598 295.60388 47002.825 -56900.8 5706.03 -62606.8 7843.2856
5.71 293.06438 -106.11986 46875.379 -57073 5621.41 -62694.4 7837.246
5.72 293.89451 -261.61314 46684.289 -57023.9 5637.33 -62661.2 7842.4535
5.73 298.55589 -750.32304 46706.783 -56859 5726.75 -62585.7 7865.7982
5.74 300.95726 78.599512 46536.837 -56880.6 5772.81 -62653.4 7894.4884
5.75 296.33598 -879.41526 47374.372 -56989.3 5684.17 -62673.4 8028.5193
5.76 285.99817 11.817103 46473.902 -57315 5485.87 -62800.9 7957.0177
5.77 300.64165 -135.86189 46683.438 -56915.4 5766.75 -62682.1 7996.417
5.78 294.01594 -656.07329 46228.366 -57102.2 5639.66 -62741.9 7990.3512
5.79 291.96007 -99.419471 46423.632 -57216.9 5600.23 -62817.1 8051.7201
5.8 302.16098 -386.21839 47272.609 -57023.7 5795.9 -62819.6 8169.5763
5.81 298.56111 -419.67411 46620.807 -56792.1 5726.85 -62518.9 8121.535
5.82 294.21013 -363.42873 46629.09 -56996.3 5643.39 -62639.7 8135.2804
5.83 294.68003 -177.0229 46756.202 -56914.1 5652.4 -62566.5 8173.6923
5.84 294.64359 -725.7426 47024.886 -57007.5 5651.7 -62659.2 8225.1867
5.85 289.41491 -844.70421 46742.374 -57184.2 5551.41 -62735.6 8198.922
5.86 284.79574 -716.06502 46736.995 -57120.3 5462.81 -62583.1 8201.2074
5.87 293.53017 -1253.9449 46787.762 -56847.5 5630.35 -62477.8 8245.0451
5.88 291.80359 -187.06242 46899.812 -56890 5597.23 -62487.2 8256.4256
5.89 287.21064 421.29579 46525.71 -57027.7 5509.13 -62536.8 8232.1479
5.9 295.12035 -692.25489 47322.47 -57223.5 5660.85 -62884.4 8335.4621
5.91 291.03687 -718.36249 46916.944 -56714.9 5582.52 -62297.4 8285.1239
5.92 297.59087 -149.83992 46799.321 -56839.9 5708.24 -62548.1 8304.0138
5.93 301.18927 -1157.7018 47270.79 -56934.1 5777.26 -62711.4 8390.7753
5.94 291.10078 -200.63184 46558.682 -57220.4 5583.75 -62804.2 8337.0633
5.95 290.16467 438.34085 46751.224 -57250.2 5565.79 -62816 8364.4439
5.96 307.45152 -390.39089 46763.021 -56532.2 5897.38 -62429.6 8400.771
5.97 297.21832 -629.81712 46853.656 -57055.6 5701.09 -62756.7 8438.0067
5.98 301.63729 -1293.0764 47163.952 -56994.3 5785.85 -62780.2 8508.8777
5.99 289.85562 -898.45262 46635.526 -57123.4 5559.86 -62683.3 8468.4664
6 298.30956 -790.08924 46634.05 -56923.3 5722.02 -62645.3 8490.9752
6.01 306.16315 -90.69249 46773.49 -56545.8 5872.66 -62418.4 8534.7432
6.02 293.84149 -315.00026 46939.443 -57299.4 5636.32 -62935.7 8603.7625
6.03 293.94954 -723.94344 46862.597 -57125 5638.39 -62763.4 8640.3808
6.04 302.90797 -191.00213 46546.339 -56753 5810.23 -62563.3 8641.8817
6.05 301.1855 -930.21634 47271.432 -57033.3 5777.19 -62810.5 8748.1292
6.06 294.65221 -1527.2355 47169.179 -56745.8 5651.87 -62397.7 8761.0171
6.07 297.82321 -547.7267 46534.609 -57030 5712.69 -62742.7 8693.0321
6.08 294.58569 -307.74949 46763.945 -57189.9 5650.59 -62840.5 8749.7778
6.09 302.80014 -775.31405 46553.209 -56831 5808.16 -62639.2 8730.115
6.1 289.96676 -803.27004 46594.094 -57198.5 5561.99 -62760.5 8731.8099
6.11 298.65045 -576.93181 46938.265 -56847.8 5728.56 -62576.4 8791.3793
6.12 287.18155 -505.55875 46886.507 -56958.4 5508.57 -62467 8832.9273
6.13 290.52988 -1035.1357 47376.191 -56966.9 5572.8 -62539.7 8949.0169
6.14 303.76542 -176.71834 46660.638 -56827.1 5826.67 -62653.8 8916.3569
6.15 286.98361 -1303.702 47276.472 -57188.6 5504.77 -62693.4 9007.2558
6.16 292.72861 -627.41506 47006.575 -57009.1 5614.97 -62624 9002.7082
6.17 297.27907 -798.85521 46905.022 -56726.8 5702.26 -62429.1 9041.7219
6.18 301.34578 352.25593 46676.773 -56875.6 5780.26 -62655.9 9050.2669
6.19 300.47277 -192.77163 46625.909 -56475.8 5763.52 -62239.3 9076.9168
6.2 291.40286 -194.6385 46771.082 -57135.9 5589.54 -62725.5 9134.4962
6.21 302.14604 -504.24305 46929.355 -56616.8 5795.61 -62412.4 9187.8428
6.22 287.18876 143.75558 46780.392 -57208.4 5508.71 -62717.1 9190.1761
6.23 296.34908 -1033.9963 47079.454 -56768.4 5684.42 -62452.8 9263.4287
6.24 293.00762 -521.83644 46845.167 -57078.5 5620.32 -62698.8 9259.6922
6.25 287.55455 -637.26949 46852.525 -56934.4 5515.72 -62450.1 9296.8445
6.26 291.61087 -348.90797 46881.208 -56978.5 5593.53 -62572.1 9308.1243
6.27 296.20727 -171.913 46518.937 -56574.6 5681.7 -62256.3 9272.1006
6.28 291.46673 -430.06074 46997.348 -57096.9 5590.77 -62687.6 9360.103
6.29 294.11488 195.44724 46649.956 -56757.7 5641.56 -62399.3 9353.2967
6.3 295.86589 -811.27264 46736.165 -56975.9 5675.15 -62651 9410.6651
6.31 291.34926 -202.60328 46526.405 -57197.8 5588.51 -62786.3 9396.0479
6.32 305.30276 -717.27856 46945.798 -56789.8 5856.16 -62645.9 9472.6264
6.33 296.28598 -742.26633 46961.074 -57159.2 5683.21 -62842.4 9521.3578
6.34 296.79098 -362.34472 46755.566 -56719.5 5692.89 -62412.3 9498.7735
6.35 296.82536 -380.19723 46368.567 -57228.9 5693.55 -62922.5 9469.806
6.36 301.19601 -387.46177 47044.897 -57093.5 5777.39 -62870.9 9593.0972
6.37 290.26601 -834.36129 46942.738 -56770.9 5567.73 -62338.6 9611.2929
6.38 290.99354 427.89904 46652.214 -56634 5581.69 -62215.7 9614.712
6.39 294.78463 -744.40913 46900.479 -56911.4 5654.41 -62565.8 9678.2196
6.4 290.61644 -975.72736 46825.734 -57318.8 5574.46 -62893.3 9705.8574
6.41 287.23071 -1031.1078 47421.303 -56872.4 5509.51 -62381.9 9809.1582
6.42 300.22767 -234.41883 46943.366 -56654.5 5758.81 -62413.3 9763.6303
6.43 296.69205 -502.90662 46452.52 -56915.7 5691 -62606.7 9703.7719
6.44 296.57581 -751.30467 46909.268 -56730 5688.77 -62418.8 9763.7956
6.45 298.88259 123.45937 46997.692 -57261.5 5733.01 -62994.5 9812.6223
6.46 289.5609 -231.08041 46536.521 -57125.4 5554.21 -62679.6 9762.6968
6.47 296.04138 -636.40047 46975.506 -56760.1 5678.51 -62438.6 9856.8007
6.48 291.3128 -284.63173 46579.916 -57012.4 5587.81 -62600.3 9836.3762
6.49 295.07071 -660.02959 46615.512 -56976 5659.9 -62635.9 9874.0744
6.5 297.44015 -249.6487 46496.577 -56835 5705.35 -62540.4 9893.791
6.51 287.25083 -617.56871 46341.489 -57063.2 5509.9 -62573.1 9914.6009
6.52 294.56184 -887.9383 46483.739 -57015.9 5650.13 -62666.1 9962.1278
6.53 294.21288 228.1217 46927.205 -57086.8 5643.44 -62730.2 10083.053
6.54 288.2611 -300.86659 46846.19 -57039 5529.28 -62568.3 10094.294
6.55 289.49955 -826.58822 47143.555 -57040 5553.03 -62593 10195.129
6.56 287.2532 -114.91615 46912.874 -57104.4 5509.94 -62614.3 10174.185
6.57 288.26953 50.560863 46668.656 -57492.2 5529.44 -63021.7 10169.9
6.58 298.79164 -799.95073 46738.315 -57067.9 5731.27 -62799.1 10211.297
6.59 293.22394 -286.45006 47174.9 -56996.7 5624.47 -62621.1 10290.829
6.6 302.03216 -65.884963 46671.411 -56956.4 5793.43 -62749.8 10258.497
6.61 296.04739 -254.88555 46362.268 -57064.2 5678.63 -62742.9 10241.13
6.62 288.88077 -615.37908 46938.091 -57033.9 5541.16 -62575.1 10327.586
6.63 290.16228 -403.21915 46418.524 -56869.8 5565.74 -62435.6 10267.963
6.64 301.06784 -427.61886 46860.268 -56990.8 5774.93 -62765.7 10353.52
6.65 304.58651 442.3112 46363.082 -57001.1 5842.42 -62843.5 10294.411
6.66 282.42585 -434.28877 46912.689 -57145.6 5417.35 -62563 10384.025
6.67 297.43171 -214.09191 46859.276 -57261.6 5705.18 -62966.8 10381.68
6.68 291.41302 -785.62068 46946.736 -57061.9 5589.74 -62651.6 10405.837
6.69 304.02778 -551.94461 46865.927 -56711.3 5831.71 -62543 10424.698
6.7 297.92169 -1351.1423 46856.587 -56941.4 5714.58 -62655.9 10458.284
6.71 292.55759 -680.64994 46952.318 -57115.6 5611.69 -62727.3 10505.101
6.72 310.50339 -1321.013 47241.276 -56534.3 5955.92 -62490.2 10578.342
6.73 298.63197 342.27273 46918.198 -57006.3 5728.21 -62734.5 10555.442
6.74 301.38407 -588.0902 46602.952 -56697.1 5781 -62478.1 10533.179
6.75 291.38577 -256.33821 46768.064 -57043.5 5589.21 -62632.7 10583.993
6.76 292.46446 -725.85078 47113.827 -56957.5 5609.9 -62567.4 10678.009
6.77 302.93808 -464.63624 47297.711 -56846.8 5810.8 -62657.6 10742.531
6.78 290.4381 -199.82547 46846.668 -57242.9 5571.04 -62813.9 10707.273
6.79 293.24729 443.08506 46250.99 -57289.8 5624.92 -62914.8 10638.981
6.8 287.57181 -72.307396 46302.645 -57058.8 5516.06 -62574.9 10682.847
6.81 292.56022 -542.62328 46682.952 -56865.1 5611.74 -62476.9 10776.532
6.82 292.6699 -1264.9142 46530.864 -57188.1 5613.84 -62801.9 10767.177
6.83 294.76061 -1354.6116 47256.452 -57136.9 5653.95 -62790.8 10884.142
6.84 299.6478 -262.73341 47132.422 -56758.3 5747.69 -62506 10895.249
6.85 297.28043 -688.64949 46946.075 -57155.6 5702.28 -62857.9 10877.827
6.86 299.44533 -273.72052 46757.085 -57072.8 5743.81 -62816.6 10855.994
6.87 295.29731 -311.06525 46874.592 -57146.7 5664.24 -62810.9 10891.334
6.88 291.86216 -272.43876 46580.841 -57007.7 5598.35 -62606 10841.657
6.89 291.82359 -832.47767 46929.092 -57321.4 5597.61 -62919.1 10936.825
6.9 299.99551 -579.67213 46578.327 -57073.3 5754.36 -62827.7 10892.656
6.91 291.09215 -212.01802 46598.417 -57007.1 5583.58 -62590.7 10887.844
6.92 296.81715 -300.49461 46792.213 -56730.2 5693.39 -62423.6 10979.245
6.93 293.27019 -62.706323 46367.15 -57271.1 5625.36 -62896.4 10952.586
6.94 284.27423 -750.55577 46434.024 -57315.1 5452.8 -62767.9 10989.776
6.95 292.13813 -97.134583 46421.662 -57066.5 5603.64 -62670.1 11027.83
6.96 296.08455 -1180.5748 47562.271 -57210.8 5679.34 -62890.2 11233.586
6.97 286.60494 -468.43408 46776.231 -57327.1 5497.51 -62824.6 11091.078
6.98 295.96208 -676.27236 46679.617 -56931.5 5676.99 -62608.5 11099.358
6.99 298.58145 -773.25494 46958.235 -56906 5727.24 -62633.2 11175.032
7 298.96962 -1724.5652 46998.118 -56929.1 5734.68 -62663.8 11204.122
7.01 287.34931 -836.49758 46544.337 -56952.5 5511.79 -62464.3 11157.695
7.02 308.60954 -551.44725 46984.015 -56806.4 5919.59 -62726 11258.59
7.03 300.88297 -669.42995 47014.089 -57162.8 5771.38 -62934.1 11302.317
7.04 308.3809 -733.9772 46910.529 -56376.7 5915.2 -62291.9 11315.862
7.05 305.42339 -569.20611 46931.976 -56842.5 5858.48 -62700.9 11373.054
7.06 293.77228 -475.00135 46669.873 -57099 5634.99 -62734 11361.523
7.07 290.79484 -1347.1406 47115.362 -57209.9 5577.88 -62787.8 11470.121
7.08 298.97959 -402.77565 46545.062 -56984 5734.87 -62718.8 11397.88
7.09 302.34284 -1037.191 46948.027 -56885.3 5799.39 -62684.7 11470.097
7.1 290.21089 -879.26849 46735.025 -57381 5566.68 -62947.7 11451.961
7.11 308.73211 -764.03596 46889.908 -57101.9 5921.94 -63023.9 11506.755
7.12 291.01908 -414.45286 46814.057 -56728.7 5582.18 -62310.9 11524.754
7.13 303.19335 -708.01104 47014.938 -57113.2 5815.7 -62928.9 11587.53
7.14 297.25476 21.319812 46613.895 -56951.9 5701.79 -62653.7 11537.609
7.15 297.99918 -1144.0897 46813.602 -56862.7 5716.07 -62578.8 11588.756
7.16 294.60554 -90.857869 46704.057 -56953.6 5650.97 -62604.6 11613.784
7.17 284.22981 -1147.4738 46903.265 -57214.7 5451.95 -62666.7 11691.941
7.18 301.37403 -546.49864 46694.153 -57026.7 5780.8 -62807.5 11680.328
7.19 296.31331 -457.78833 47328.534 -56777.5 5683.73 -62461.2 11815.34
7.2 286.69796 -948.6003 47085.854 -57156.8 5499.29 -62656.1 11803.664
7.21 292.95757 124.0834 46975.994 -57314.8 5619.36 -62934.2 11831.432
7.22 299.74272 -561.49235 47417.932 -56920.1 5749.51 -62669.6 11908.915
7.23 288.5016 -874.52708 47113.371 -57208.2 5533.89 -62742.1 11866.569
7.24 295.95365 -671.1729 46587.914 -56832.8 5676.83 -62509.6 11831.14
7.25 293.32282 -1121.7845 47199.541 -57084.9 5626.37 -62711.3 11963.267
7.26 297.18893 -478.61732 46753.067 -57156.6 5700.53 -62857.1 11908.658
7.27 302.64592 -71.784558 47059.278 -56826.2 5805.2 -62631.4 11970.347
7.28 284.57939 -719.49363 46935.243 -57344.8 5458.66 -62803.4 11980.916
7.29 301.667 -997.4653 47248.574 -56837.6 5786.42 -62624 12074.768
7.3 294.91522 -255.30931 46636.046 -57392.9 5656.91 -63049.8 11960.93
7.31 294.9374 512.99563 46518.474 -57131.9 5657.34 -62789.2 11945.241
7.32 290.43624 -564.20716 46658.216 -57162.9 5571 -62733.9 11979.162
7.33 295.16994 -886.27111 46798.597 -56930 5661.8 -62591.8 12054.853
7.34 290.45558 -972.52139 47033.321 -57131.7 5571.37 -62703.1 12128.481
7.35 288.39357 -740.36822 47232.655 -57188.2 5531.82 -62720 12202.435
7.36 297.63803 -880.76371 46995.797 -56843.8 5709.14 -62552.9 12177.888
7.37 281.64488 234.91547 46582.523 -57514.5 5402.37 -62916.8 12112.37
7.38 285.46647 -600.58038 46738.167 -56912.9 5475.67 -62388.5 12166.459
7.39 293.68478 -1034.8397 46474.721 -57030 5633.31 -62663.3 12151.906
7.4 291.53559 134.42307 46761.079 -57533.7 5592.09 -63125.8 12245.826
7.41 295.20026 -532.07465 46675.378 -56778.6 5662.38 -62441 12243.172
7.42 294.8927 -515.47895 47231.391 -56920.9 5656.48 -62577.4 12378.373
7.43 291.02253 -365.06459 46996.225 -57172.8 5582.25 -62755 12362.722
7.44 294.281 -664.73238 46552.561 -57149.5 5644.75 -62794.3 12318.624
7.45 294.01747 -19.833038 46645.112 -56757.1 5639.69 -62396.8 12362.698
7.46 293.57003 205.64667 46667.303 -57151.6 5631.11 -62782.7 12395.73
7.47 297.4423 549.4559 46215.887 -56858 5705.39 -62563.4 12362.32
7.48 296.96634 236.93667 46820.654 -56733.1 5696.26 -62429.4 12507.809
7.49 303.89045 -384.45696 46990.533 -57134.2 5829.07 -62963.3 12573.951
7.5 294.11226 -930.98991 47264.866 -56771.5 5641.51 -62413 12638.517
7.51 302.17244 11.390568 46028.969 -56895.8 5796.12 -62691.9 12430.741
7.52 282.7993 52.481649 46287.77 -57514.9 5424.51 -62939.4 12506.066
7.53 298.45482 155.33075 46932.466 -56897.1 5724.81 -62621.9 12658.917
7.54 290.51183 -1488.37 46925.814 -57349.8 5572.45 -62922.3 12657.296
7.55 293.52978 52.254555 46776.13 -56914.1 5630.34 -62544.4 12692.143
7.56 298.75462 -408.06666 46872.32 -57154.5 5730.56 -62885.1 12738.648
7.57 298.49016 -49.461474 46728.848 -56895.7 5725.49 -62621.2 12724.176
7.58 282.71996 -707.18237 46577.768 -57289.1 5422.99 -62712.1 12743.724
7.59 286.55433 -798.65517 47039.746 -57433.1 5496.54 -62929.6 12848.951
7.6 294.89096 -906.67472 47043.955 -56877.2 5656.45 -62533.6 12892.672
7.61 290.61233 -289.78756 46772.854 -57200.9 5574.38 -62775.3 12910.988
7.62 293.02657 -807.4724 47263.054 -56964.2 5620.69 -62584.9 13004.011
7.63 298.4053 -844.8986 47141.695 -56751.2 5723.86 -62475 12972.235
7.64 290.20692 -257.88364 46411.096 -57109.6 5566.6 -62676.2 12860.692
7.65 298.63905 -328.4793 46845.372 -57113.9 5728.34 -62842.2 12930.134
7.66 297.15443 25.27263 46942.365 -56886 5699.86 -62585.9 12925.22
7.67 289.25243 -881.86683 47717.844 -57024.2 5548.29 -62572.5 13064.813
7.68 283.72218 -1005.4112 46967.439 -57384 5442.21 -62826.2 12973.5
7.69 306.62743 -356.65138 46744.457 -56616.3 5881.57 -62497.9 12908.594
7.7 300.77754 -1293.0846 46555.905 -56965.6 5769.36 -62735 12875.04
7.71 300.03422 -908.39214 46899.182 -56805.5 5755.1 -62560.6 12932.111
7.72 297.56403 -210.77304 46453.662 -56912.8 5707.72 -62620.6 12875.887
7.73 285.18801 -879.30343 46828.553 -57298.5 5470.33 -62768.9 12938.633
7.74 298.28745 -150.72314 46571.997 -56852.8 5721.6 -62574.4 12910.836
7.75 288.54937 -414.13522 46813.572 -57089.3 5534.81 -62624.2 12967.203
7.76 305.70993 -1339.5848 46881.031 -56632.7 5863.97 -62496.7 13026.62
7.77 292.53369 -78.817292 46876.275 -56961.8 5611.23 -62573.1 13062.941
7.78 286.30707 -882.74651 46830.745 -56946.3 5491.8 -62438.1 13061.822
7.79 293.15148 -305.77576 46542.224 -57242.4 5623.08 -62865.4 13033.285
7.8 292.6639 -958.38594 47220.213 -56991.2 5613.73 -62605 13181.013
7.81 285.29519 -937.40146 47380.485 -57283.8 5472.39 -62756.2 13242.155
7.82 300.54662 -876.47059 46960.567 -56813.3 5764.93 -62578.2 13167.043
7.83 298.22552 -579.54652 46876.485 -57021.9 5720.41 -62742.3 13192.847
7.84 303.06708 -856.45752 47193.681 -56641.5 5813.28 -62454.8 13256.231
7.85 288.64173 -563.43345 47162.574 -56985.7 5536.58 -62522.3 13265.142
7.86 304.01927 -204.58682 47141.462 -56925.8 5831.54 -62757.4 13288.789
7.87 309.2335 -436.15494 47290.338 -56807.8 5931.56 -62739.3 13355.808
7.88 296.38393 -941.67701 47436.159 -57052.2 5685.08 -62737.3 13423.454
7.89 298.39276 -111.81644 46766.876 -57114.2 5723.62 -62837.8 13328.254
7.9 294.14477 -770.46118 47006.228 -57010 5642.13 -62652.1 13437.788
7.91 285.29176 -147.06204 46348.425 -57267.6 5472.32 -62739.9 13315.949
7.92 304.05685 -72.306376 46898.209 -57230.7 5832.26 -63062.9 13454.747
7.93 297.96418 -339.28489 46785.281 -56896.3 5715.4 -62611.7 13468.029
7.94 290.47764 -747.0987 46477.398 -57214.9 5571.79 -62786.7 13423.779
7.95 293.91224 98.634363 46899.645 -56976.1 5637.67 -62613.8 13537.735
7.96 291.61025 -782.08107 46926.99 -57165.3 5593.52 -62758.9 13571.826
7.97 301.08545 -1059.735 46654.209 -57021.7 5775.27 -62797 13549.728
7.98 298.73482 -703.99466 46929.962 -57226.2 5730.18 -62956.4 13621.736
7.99 294.43158 -707.44785 47035.21 -57150.7 5647.64 -62798.3 13640.726
8 302.94824 -488.07379 47016.837 -56884.2 5811 -62695.2 13662.912
8.01 296.89647 -470.27621 46868.506 -56938.4 5694.92 -62633.4 13675.691
8.02 281.72598 -498.41583 46847.134 -57040.2 5403.92 -62444.1 13754.777
8.03 289.8131 -635.90458 46880.036 -57333.5 5559.05 -62892.6 13783.618
8.04 292.52199 -750.6693 46830.384 -57003.7 5611.01 -62614.7 13804.711
8.05 297.91004 -731.74549 47113.085 -56972.9 5714.36 -62687.3 13911.164
8.06 295.59208 -293.38233 46725.84 -56922.8 5669.9 -62592.7 13849.444
8.07 292.21233 -351.68232 47130.953 -56963.7 5605.07 -62568.7 13925.412
8.08 298.89496 -770.22196 46882.165 -56951.4 5733.25 -62684.7 13919.007
8.09 293.41869 -723.94477 47090.111 -57139.3 5628.21 -62767.5 13953.951
8.1 303.89514 -1031.9436 46846.024 -56467.6 5829.16 -62296.7 13929.564
8.11 293.45611 -1083.0982 46622.482 -57034.5 5628.93 -62663.5 13902.677
8.12 299.63255 -950.18494 47110.481 -56743.2 5747.4 -62490.6 14032.642
8.13 282.69431 -106.47336 46689.743 -57416.9 5422.5 -62839.4 13961.553
8.14 291.8205 -110.08782 47000.669 -56803.1 5597.55 -62400.6 14068.652
8.15 293.99089 469.38075 46472.099 -57088.5 5639.18 -62727.6 14003.372
8.16 291.50498 -161.86925 46661.114 -56977.8 5591.5 -62569.3 14054.134
8.17 285.72028 -398.37261 46844.428 -57155.7 5480.54 -62636.3 14095.341
8.18 289.78976 136.26158 46710.795 -57194.6 5558.6 -62753.2 14101.305
8.19 300.11711 -992.94128 46892.823 -56761.3 5756.69 -62518 14170.402
8.2 294.21009 -641.10027 46718.718 -57002.3 5643.39 -62645.7 14167.969
8.21 298.38857 -1194.483 46995.311 -57163.8 5723.54 -62887.3 14223.741
8.22 294.33038 -1031.9912 47205.885 -57012.1 5645.7 -62657.8 14278.014
8.23 301.64176 -169.86116 46759.429 -56598.5 5785.94 -62384.5 14223.502
8.24 294.71917 -665.25264 46855.495 -56990 5653.15 -62643.2 14312.37
8.25 278.42258 -219.93758 46639.618 -57371.3 5340.56 -62711.8 14311.823
8.26 297.60744 -1379.7592 46613.711 -57030.5 5708.55 -62739 14335.098
8.27 299.57925 -474.29586 46975.462 -56788.8 5746.38 -62535.2 14421.748
8.28 279.71756 -1264.8641 46842.513 -57365.4 5365.4 -62730.8 14429.843
8.29 295.40786 -601.20283 46737.547 -57059.5 5666.36 -62725.8 14461.389
8.3 300.99282 -991.48594 46930.718 -56580.2 5773.49 -62353.6 14518.693
8.31 293.95917 -728.40471 46840.605 -57029.7 5638.57 -62668.3 14497.444
8.32 292.44886 -1510.1632 46976.073 -57277.8 5609.6 -62887.4 14530.337
8.33 295.93079 -34.011262 46673.961 -56886.5 5676.39 -62562.9 14516.818
8.34 294.77487 -287.54833 46946.002 -57195.3 5654.22 -62849.5 14611.403
8.35 289.3551 -367.16434 47040.22 -57067.7 5550.26 -62618 14672.953
8.36 300.79825 -1120.5306 47459.723 -56793.5 5769.76 -62563.3 14763.769
8.37 285.5469 -973.22715 46894.023 -57032.2 5477.21 -62509.4 14665.942
8.38 296.6708 -695.70817 46658.067 -56889.7 5690.59 -62580.3 14668.878
8.39 287.53963 -568.27091 46733.462 -57407.2 5515.44 -62922.6 14701.7
8.4 293.62552 -731.41351 46969.579 -56908.3 5632.17 -62540.5 14767.546
8.41 305.00884 -816.78843 46827.137 -56754 5850.52 -62604.5 14776.359
8.42 297.64389 -549.17021 46731.881 -57158.7 5709.25 -62868 14809.02
8.43 300.75799 -313.60012 46507.222 -56907.4 5768.99 -62676.3 14811.075
8.44 302.74171 -687.10069 46729.938 -56614.4 5807.04 -62421.5 14871.402
8.45 292.73168 -46.977075 46525.476 -57051.8 5615.03 -62666.8 14882.011
8.46 294.23397 -1133.2114 46573.469 -56752.4 5643.85 -62396.3 14905.471
8.47 286.73251 -558.44045 47044.343 -57141.5 5499.96 -62641.4 15056.079
8.48 300.10648 -401.50374 46437.394 -56704.3 5756.49 -62460.8 14929.938
8.49 294.40207 -202.59876 46884.962 -56749.4 5647.07 -62396.5 15034.754
8.5 292.17762 -904.18795 46866.203 -57205.6 5604.4 -62810 15068.166
8.51 294.13795 -628.31118 46854.543 -56940.8 5642 -62582.8 15111.487
8.52 285.48643 -625.49901 46631.562 -57158.1 5476.05 -62634.1 15084.308
8.53 297.21821 -38.390775 46947.429 -56904.8 5701.09 -62605.9 15147.453
8.54 291.46454 48.25912 46608.983 -57544 5590.72 -63134.8 15085.6
8.55 294.54553 -152.54656 46774.723 -56971.8 5649.82 -62621.6 15130.189
8.56 297.39522 -1004.7504 47274.529 -56585.3 5704.48 -62289.8 15271.779
8.57 290.39335 -458.11105 46960.283 -57014.3 5570.18 -62584.5 15223.414
8.58 286.05528 -145.94448 46694.267 -57275.6 5486.97 -62762.5 15210.636
8.59 302.35499 -563.12712 47069.739 -56778.8 5799.62 -62578.4 15303.115
8.6 290.66078 -795.02729 46912.347 -57314 5575.31 -62889.3 15296.1
8.61 295.15777 -464.52667 46926.162 -57096.3 5661.57 -62757.9 15346.887
8.62 305.26545 -724.31669 46828.674 -56829.3 5855.45 -62684.8 15338.25
8.63 289.67205 -396.88116 46778.759 -57282 5556.34 -62838.3 15352.217
8.64 290.60133 -137.02301 46726.733 -57154.1 5574.17 -62728.2 15354.807
8.65 293.7084 -686.58672 46866.443 -56904.8 5633.76 -62538.6 15419.66
8.66 291.40553 -1193.9048 47065.764 -57128.3 5589.59 -62717.9 15467.643
8.67 296.73815 -483.32465 46843.891 -56970 5691.88 -62661.9 15472.007
8.68 287.74673 -167.37276 46635.719 -57287.3 5519.41 -62806.8 15456.488
8.69 296.44234 -643.37303 46708.952 -56896 5686.21 -62582.2 15453.056
8.7 303.06152 -435.37224 46878.971 -56524.7 5813.17 -62337.8 15495.695
8.71 291.33202 -1507.3745 46925.44 -56811.2 5588.18 -62399.4 15522.134
8.72 297.08162 -986.34169 47247.225 -56833.1 5698.47 -62531.6 15611.977
8.73 289.53292 -656.71829 47089.257 -57045.8 5553.67 -62599.5 15604.683
8.74 294.8192 -529.96411 46762.898 -56429.9 5655.07 -62085 15536.382
8.75 301.36923 -553.34964 47213.336 -56777.4 5780.71 -62558.1 15659.551
8.76 292.97863 -231.20068 47192.801 -57173.7 5619.77 -62793.5 15684.38
8.77 295.05679 -266.94031 46625.357 -57176.5 5659.63 -62836.1 15603.087
8.78 288.49172 -543.50485 46791.122 -57161.3 5533.7 -62695 15674.367
8.79 306.08017 -112.2647 46908.256 -56689.7 5871.07 -62560.7 15732.495
8.8 292.11097 -857.96443 47017.269 -57036.1 5603.12 -62639.2 15795.394
8.81 294.60148 -257.48169 46952.524 -56696.6 5650.89 -62347.5 15793.262
8.82 291.87755 -701.37292 46797.263 -57053.3 5598.65 -62651.9 15762.393
8.83 297.65573 -703.20233 46777.563 -56744.9 5709.48 -62454.4 15772.876
8.84 293.93673 -921.62513 46881.336 -57031.1 5638.14 -62669.3 15845.366
8.85 298.50284 -1129.4307 47052.292 -56729 5725.73 -62454.7 15902.592
8.86 297.80992 -52.084607 46844.799 -56994.9 5712.44 -62707.3 15877.922
8.87 294.28899 -602.55986 46651.042 -56858.1 5644.9 -62503 15888.142
8.88 290.84594 -706.00541 46979.842 -57285.5 5578.86 -62864.3 15992.017
8.89 294.5685 -1201.1395 47048.283 -56792.2 5650.26 -62442.5 16078.294
8.9 305.87935 -428.9941 46702.97 -56761.2 5867.22 -62628.5 16053.029
8.91 301.74621 -636.45267 46679.957 -56896.9 5787.94 -62684.8 16070.875
8.92 297.6723 -343.60736 46717.953 -56939.9 5709.8 -62649.7 16128.115
8.93 284.62196 -361.11603 46585.15 -57281 5459.47 -62740.5 16138.39
8.94 299.15928 -1089.717 47034.534 -56875.5 5738.32 -62613.8 16274.372
8.95 303.01088 -753.58155 46767.449 -56838.7 5812.2 -62650.9 16238.492
8.96 297.99481 -333.16054 46690.493 -56563.2 5715.98 -62279.1 16286.707
8.97 286.42529 -461.62766 46114.849 -57167.2 5494.06 -62661.3 16181.268
8.98 293.40227 -943.98945 46690.434 -56833.4 5627.89 -62461.3 16348.236
8.99 286.64591 -753.93259 47006.477 -57365.5 5498.3 -62863.8 16435.295
9 295.49107 -1150.7615 46819.958 -56911.8 5667.96 -62579.8 16410.653
9.01 291.95589 -917.61694 46668.914 -57054.9 5600.15 -62655 16379.18
9.02 297.47686 30.686608 46938.056 -57101.4 5706.05 -62807.5 16475.24
9.03 297.28302 -998.22226 46973.095 -56833.1 5702.33 -62535.4 16511.59
9.04 295.37372 -25.378028 46598.398 -57072.5 5665.71 -62738.2 16407.793
9.05 289.66128 -745.47299 46568.667 -57028.8 5556.13 -62585 16407.036
9.06 304.46819 -229.53196 47062.508 -56633.8 5840.15 -62474 16521.142
9.07 284.96472 -851.21464 46830.438 -57382.6 5466.05 -62848.6 16476.086
9.08 286.34428 -489.36579 47062.906 -57075.9 5492.51 -62568.4 16570.772
9.09 295.06075 -546.08423 46960.154 -56897 5659.7 -62556.7 16539.26
9.1 284.92108 -255.49654 46651.618 -57368.6 5465.21 -62833.8 16479.025
9.11 287.01475 -85.656181 46840.634 -57129.9 5505.37 -62635.3 16548.847
9.12 297.79093 -586.70654 46735.358 -56938.5 5712.07 -62650.6 16566.664
9.13 299.25703 -224.66782 46977.217 -56682.1 5740.2 -62422.3 16660.201
9.14 305.49458 -608.29193 46930.398 -56763.2 5859.84 -62623.1 16695.338
9.15 297.60122 -703.09817 47351.032 -56866.7 5708.43 -62575.2 16798.799
9.16 298.85798 -783.71968 46750.811 -57055.9 5732.54 -62788.4 16698.643
9.17 291.30218 -1121.0448 47121.064 -57188.1 5587.61 -62775.7 16808.177
9.18 285.68249 -628.55847 46858.299 -57003.5 5479.82 -62483.3 16753.419
9.19 290.82207 -1106.9215 47026.677 -57161.8 5578.4 -62740.2 16802.68
9.2 300.43776 -338.54237 46786.687 -57246.1 5762.84 -63009 16790.66
9.21 293.74966 -563.57804 46772.897 -56934.7 5634.56 -62569.2 16830.331
9.22 297.19245 -960.03293 46827.888 -56913.2 5700.59 -62613.8 16867.486
9.23 295.40272 -687.78818 46746.574 -56941.9 5666.26 -62608.1 16914.769
9.24 292.3795 -569.6936 46834.593 -56826.8 5608.27 -62435.1 16969.744
9.25 291.24113 -225.86282 46670.698 -57232.6 5586.44 -62819.1 16933.844
9.26 295.18642 -568.09368 46546.555 -57066.7 5662.12 -62728.8 16924.715
9.27 294.26553 -1089.7856 46984.088 -56990.9 5644.45 -62635.4 17037.042
9.28 304.8576 -77.512907 47050.45 -56496.7 5847.62 -62344.4 17078.025
9.29 291.54597 -93.365075 46784.405 -57121.4 5592.29 -62713.7 17033.391
9.3 301.08184 -5.4846101 47183.218 -57033.1 5775.2 -62808.3 17164.606
9.31 299.72035 -1481.9329 46535.985 -57203.4 5749.08 -62952.5 17060.866
9.32 303.27975 -447.62379 46754.341 -56943.1 5817.36 -62760.5 17117.241
9.33 290.59422 -1189.2582 46716.505 -56975.3 5574.03 -62549.3 17128.327
9.34 292.5925 -716.83262 46868.403 -56635.4 5612.36 -62247.8 17193.663
9.35 303.67806 -655.9243 47025.211 -56854.8 5825 -62679.8 17233.612
9.36 296.32214 -49.745379 46743.207 -57136.5 5683.9 -62820.4 17162.802
9.37 304.69932 -1162.5157 46747.06 -56855.5 5844.59 -62700.1 17175.134
9.38 292.66425 79.411306 46779.218 -56787.9 5613.74 -62401.6 17209.419
9.39 291.42505 -288.51382 46974.315 -57123.2 5589.97 -62713.2 17319.565
9.4 301.20095 -1161.7865 46938.905 -57247.1 5777.48 -63024.6 17361.077
9.41 283.47899 -467.64106 46826.246 -57113.6 5437.55 -62551.1 17345.351
9.42 285.47705 -199.83902 46752.238 -56993.3 5475.87 -62469.1 17320.482
9.43 292.40804 -154.4169 46469.019 -57174.9 5608.82 -62783.7 17254.673
9.44 301.95136 473.54184 46704.25 -56915.7 5791.88 -62707.6 17340.927
9.45 291.9841 -915.80003 47329.619 -57181.2 5600.69 -62781.8 17493.564
9.46 304.3192 -652.11525 47036.902 -56543.9 5837.3 -62381.2 17443.849
9.47 290.49495 -527.67393 47063.214 -57197.3 5572.13 -62769.5 17478.099
9.48 294.13345 375.80291 46440.73 -57139.6 5641.92 -62781.5 17348.001
9.49 296.91068 -929.58756 47413.587 -57216.9 5695.19 -62912 17599.587
9.5 301.78167 -1129.9225 47034.957 -56792.7 5788.62 -62581.3 17522.789
9.51 297.02441 -749.53315 47161.766 -57424.1 5697.37 -63121.5 17602.132
9.52 290.40554 -913.21807 47223.328 -57082.8 5570.41 -62653.2 17614.448
9.53 291.57014 -663.52688 46932.941 -56796.8 5592.75 -62389.6 17554.076
9.54 298.17493 -694.17777 46860.144 -56769.2 5719.44 -62488.6 17555.338
9.55 290.28341 213.12211 46587.505 -57150.4 5568.07 -62718.5 17488.987
9.56 295.42282 -824.87132 46672.346 -56735.9 5666.65 -62402.6 17560.449
9.57 294.05824 -314.68936 46715.57 -56961.2 5640.47 -62601.6 17615.123
9.58 306.61104 -747.11773 46790.753 -56716.9 5881.26 -62598.2 17647.367
9.59 294.89144 -707.91587 47169.749 -56748.8 5656.46 -62405.3 17736.688
9.6 297.71207 -165.00288 47146.564 -56581.3 5710.56 -62291.9 17781.677
9.61 293.43399 -730.91139 46590.558 -57145.5 5628.5 -62774 17667.704
9.62 303.81563 -727.46518 46873.757 -56997.8 5827.64 -62825.4 17733.97
9.63 297.36679 -507.34215 46706.64 -57002.8 5703.94 -62706.7 17713.972
9.64 302.37245 -276.3319 46458.625 -57015.5 5799.95 -62815.5 17680.463
9.65 288.42817 -268.74543 46432.202 -57045.7 5532.48 -62578.2 17678.106
9.66 298.23964 -429.22103 47165.896 -56883.7 5720.68 -62604.4 17872.904
9.67 307.48998 -587.31495 46677.455 -56545.1 5898.12 -62443.3 17767.406
9.68 296.20321 -396.57422 46797.628 -56999.3 5681.62 -62680.9 17807.5
9.69 302.9444 -562.05936 46886.502 -57004.5 5810.92 -62815.4 17881.068
9.7 297.90065 -386.05845 47050.792 -56967.9 5714.18 -62682 17976.281
9.71 300.01168 -610.39836 46607.602 -56873 5754.67 -62627.7 17904.855
9.72 301.97717 -555.87933 46860.864 -57159.7 5792.37 -62952.1 18001.75
9.73 294.9249 92.585316 46691.622 -56785 5657.1 -62442.1 17970.278
9.74 300.55235 -907.33511 46581.727 -57113.4 5765.04 -62878.4 17954.773
9.75 298.48623 -320.36387 47025.611 -56784 5725.41 -62509.4 18079.221
9.76 293.17258 -1005.9613 46993.2 -57040.6 5623.49 -62664.1 18081.777
9.77 288.79016 -527.71917 46826.042 -57008.3 5539.43 -62547.7 18049.378
9.78 302.3345 -428.895 46666.275 -56833 5799.23 -62632.2 18032.244
9.79 290.66068 -859.04599 46598.415 -57102.4 5575.3 -62677.7 18055.241
9.8 300.34835 -362.17466 47179.118 -57149.1 5761.13 -62910.2 18237.975
9.81 292.30337 111.15704 46617.867 -56910 5606.81 -62516.8 18105.192
9.82 293.96568 -1118.0516 46609.15 -57261.8 5638.7 -62900.5 18139.21
9.83 305.09515 -171.18303 46671.048 -56804 5852.18 -62656.2 18197.219
9.84 291.68754 -469.35483 46665.432 -57069.4 5595 -62664.4 18194.911
9.85 291.45861 -575.58375 46473.544 -57013.9 5590.61 -62604.5 18158.23
9.86 292.88103 -1162.8218 47355.334 -56744.7 5617.89 -62362.6 18421.545
9.87 292.21281 -1244.002 46692.324 -57206 5605.08 -62811 18270.103
9.88 292.04495 149.26659 46506.393 -57061 5601.86 -62662.9 18250.585
9.89 288.47682 -317.5736 46443.858 -57105.1 5533.41 -62638.5 18254.309
9.9 293.63242 -479.8151 46632.44 -57070.3 5632.31 -62702.6 18302.529
9.91 296.35495 231.013 46081.01 -57211.8 5684.53 -62896.3 18168.128
9.92 288.11978 -663.42975 46571.772 -57080.2 5526.57 -62606.7 18318.146
9.93 294.57737 -435.25878 46825.459 -56726.6 5650.43 -62377 18413.969
9.94 281.78989 -118.86092 46903.692 -57103.2 5405.15 -62508.4 18468.671
9.95 290.65885 -1169.8699 47131.039 -56866 5575.27 -62441.3 18546.652
9.96 289.73394 48.373631 46743.461 -56905.5 5557.53 -62463 18479.579
9.97 299.28492 -491.37958 47117.462 -57373.9 5740.73 -63114.7 18582.23
9.98 302.34279 -536.7098 46742.504 -57114.4 5799.38 -62913.7 18517.364
