0 292.23278 41.984537 49689.4 -62768.8 5758.54 -68527.3 9.5217556
0.01 285.07805 -201.04595 49214.166 -63136.2 5617.55 -68753.7 19.444534
0.02 275.2008 -510.59256 49880.032 -63339.7 5422.91 -68762.7 28.738985
0.03 283.86924 -294.24855 49866.608 -63066 5593.73 -68659.7 37.921383
0.04 278.41186 -33.942165 49553.328 -63342.1 5486.19 -68828.3 45.656761
0.05 290.34133 -149.03644 49647.126 -63703.1 5721.26 -69424.4 52.600582
0.06 296.60294 -219.75758 49836.097 -63174.2 5844.65 -69018.9 60.915425
0.07 279.88358 -94.996863 49769.786 -63609.2 5515.19 -69124.4 68.066522
0.08 289.23859 -541.8967 50071.678 -63111.3 5699.53 -68810.8 74.517854
0.09 289.46627 -647.97106 50144.98 -63518.2 5704.02 -69222.3 81.275071
0.1 276.33749 343.6938 49637.273 -63864.1 5445.31 -69309.5 87.372086
0.11 286.46554 38.971992 49404.947 -63490.2 5644.89 -69135.1 93.021223
0.12 294.42431 495.15409 49550.213 -63966.3 5801.72 -69768 98.133048
0.13 292.92456 51.173449 49748.115 -64330.5 5772.17 -70102.7 103.84772
0.14 301.21734 546.25987 49845.713 -64283.6 5935.58 -70219.1 107.57282
0.15 291.17821 -208.31948 50317.469 -64504.8 5737.75 -70242.5 111.913
0.16 288.79217 164.95928 50027.218 -64481.9 5690.74 -70172.7 114.41341
0.17 286.60599 288.81735 50246.88 -64741.7 5647.66 -70389.4 117.64531
0.18 295.6254 -226.39703 50242.208 -64367 5825.39 -70192.4 121.31419
0.19 289.9339 -435.13794 50414.971 -64705.5 5713.23 -70418.7 122.67824
0.2 283.99525 -171.53969 50316.311 -65060.1 5596.21 -70656.3 126.20611
0.21 276.08525 -168.49847 49979.801 -64675.7 5440.34 -70116 129.98162
0.22 303.44906 924.99209 49684.888 -64095.9 5979.55 -70075.4 134.72254
0.23 282.62037 826.15718 49763.649 -64635.1 5569.12 -70204.2 140.11996
0.24 282.92167 -23.241843 49952.438 -64407.2 5575.06 -69982.2 146.41836
0.25 284.9769 73.06905 49954.762 -64967.8 5615.56 -70583.4 149.39735
0.26 283.42228 -380.28692 50168.854 -64869.4 5584.92 -70454.3 153.00915
0.27 288.42629 30.506483 50346.996 -64790.1 5683.53 -70473.7 155.3034
0.28 291.63272 143.83367 50025.106 -64719.2 5746.71 -70465.9 158.7079
0.29 294.09481 -305.80582 50329.231 -64469.7 5795.23 -70264.9 163.96224
0.3 287.75244 -442.63967 50267.202 -64751.8 5670.25 -70422.1 168.12936
0.31 291.11685 -48.459786 50088.224 -64631.4 5736.55 -70368 169.24888
0.32 300.29311 -307.94546 49892.153 -64398.1 5917.37 -70315.4 173.11396
0.33 286.91971 442.37313 49904.636 -64829.7 5653.84 -70483.6 177.69571
0.34 280.64745 359.81622 50146.207 -65437 5530.24 -70967.3 181.08417
0.35 283.22942 -268.81078 50138.559 -65095.9 5581.12 -70677 185.46917
0.36 280.80057 -315.9564 50394.142 -64978.6 5533.26 -70511.8 188.81819
0.37 280.88864 279.61929 50229.702 -65537.8 5535 -71072.8 193.06192
0.38 284.40963 7.937213 50185.376 -64999.4 5604.38 -70603.8 195.62771
0.39 291.01028 506.88732 50193.225 -64950.1 5734.44 -70684.5 198.23841
0.4 282.62954 -589.98603 50511.23 -65112.1 5569.3 -70681.4 201.47246
0.41 284.49317 249.73022 50362.607 -65489.7 5606.02 -71095.7 203.56617
0.42 291.52031 -839.4046 50615.05 -64808.9 5744.5 -70553.3 205.88341
0.43 285.98531 -177.25863 50270.563 -65312.7 5635.43 -70948.1 207.10634
0.44 291.56134 -1079.8452 50465.16 -65076.2 5745.3 -70821.6 209.37198
0.45 276.63797 -285.79992 50436.506 -65435.6 5451.23 -70886.8 209.08987
0.46 281.25528 71.766959 50251.339 -65131 5542.22 -70673.2 209.71523
0.47 299.23392 -373.99104 50513.595 -64997.4 5896.49 -70893.9 214.10534
0.48 288.76079 600.59348 50028.116 -65270.7 5690.12 -70960.8 215.29826
0.49 273.86148 -97.949147 50212.911 -65935 5396.52 -71331.5 217.90587
0.5 280.84439 67.713676 50422.015 -65735.6 5534.12 -71269.8 220.27092
0.51 284.67792 -238.24115 50429.127 -66106.2 5609.66 -71715.9 221.48007
0.52 277.95392 -30.309457 50587.494 -66561.6 5477.17 -72038.8 223.88141
0.53 268.45386 -102.18193 50833.07 -66626.2 5289.96 -71916.1 223.71447
0.54 292.62895 -681.52291 51117.235 -66535.2 5766.34 -72301.5 225.60761
0.55 289.09092 516.32443 50775.307 -67112.4 5696.62 -72809 225.41179
0.56 291.92566 564.73109 50642.665 -67310.9 5752.48 -73063.4 224.92069
0.57 286.27296 51.132345 50874.297 -67639.3 5641.09 -73280.4 225.52204
0.58 297.38555 -292.63053 51235.806 -67393.7 5860.07 -73253.8 226.8208
0.59 294.03039 -27.807986 51064.248 -67698.1 5793.96 -73492.1 225.7981
0.6 291.63527 279.39719 50861.471 -67513 5746.76 -73259.7 226.16367
0.61 289.5194 -115.28268 51085.966 -67715.2 5705.07 -73420.2 226.24867
0.62 280.9946 343.04795 50893.284 -67891.9 5537.08 -73429 226.01837
0.63 296.23551 59.092193 51023.549 -67521.3 5837.41 -73358.7 226.39765
0.64 284.09885 -207.87101 51071.103 -67901.4 5598.25 -73499.7 226.69482
0.65 296.50585 81.675784 51041.099 -67634.4 5842.74 -73477.2 226.68023
0.66 283.39173 20.923663 50991.999 -68015.9 5584.32 -73600.2 226.16246
0.67 282.32866 60.232064 51036.84 -67757.3 5563.37 -73320.7 226.10987
0.68 280.00496 -333.27253 51202.597 -68025.5 5517.58 -73543 226.85495
0.69 289.14254 123.45611 51038.337 -67961.1 5697.64 -73658.7 226.271
0.7 290.52545 -14.445448 51025.039 -67698.3 5724.89 -73423.1 226.67577
0.71 291.04555 -72.34503 51064.547 -67734.7 5735.14 -73469.8 226.66922
0.72 289.75343 93.118786 51029.341 -67524 5709.68 -73233.6 226.79136
0.73 287.83634 -91.277036 51167.304 -67900.7 5671.9 -73572.6 226.84646
0.74 295.42338 554.75323 50963.395 -67513.6 5821.41 -73335 226.27072
0.75 288.77135 -18.297202 51098.084 -67741.9 5690.33 -73432.2 226.98874
0.76 284.14936 -131.54672 51125.128 -67890.8 5599.25 -73490.1 227.05193
0.77 294.21429 93.150714 51072.269 -67708 5797.58 -73505.6 226.75767
0.78 283.44417 -515.64424 51356.871 -67998 5585.35 -73583.4 227.72451
0.79 274.05682 -104.66638 51278.024 -67943.7 5400.37 -73344.1 227.2723
0.8 297.24194 6.9949399 51229.591 -67477 5857.24 -73334.2 226.98844
0.81 290.10898 6.6692536 51187.065 -67873.4 5716.68 -73590.1 227.12226
0.82 286.27636 -244.84123 51211.85 -67794.4 5641.16 -73435.6 227.60119
0.83 279.53636 -251.79259 51232.624 -68156.6 5508.35 -73664.9 227.265
0.84 295.07034 292.9591 51043.247 -67430.8 5814.45 -73245.2 226.59839
0.85 285.5018 86.417599 51184.473 -67746.9 5625.9 -73372.8 227.09687
0.86 282.90946 -444.85659 51326.853 -68059.6 5574.82 -73634.4 227.43408
0.87 285.43995 -308.86964 51131 -67799.9 5624.68 -73424.5 226.83867
0.88 284.93551 689.29834 50738.676 -67904.8 5614.74 -73519.6 225.95228
0.89 285.6636 668.27621 50718.135 -67845.1 5629.09 -73474.2 226.08718
0.9 281.49771 -240.88173 51108.938 -67954.4 5547 -73501.4 226.79727
0.91 284.97113 -70.865255 51037.148 -67771.3 5615.44 -73386.7 226.78956
0.92 287.8406 -241.22844 51233.489 -68084.1 5671.99 -73756.1 226.68456
0.93 288.14973 289.42539 50944.678 -67714.4 5678.08 -73392.5 226.22245
0.94 282.59091 511.91326 50800.988 -67874.9 5568.54 -73443.5 225.58272
0.95 286.14812 -253.90763 51085.594 -67914.8 5638.63 -73553.4 226.70833
0.96 283.18294 396.0826 50932.819 -67791.8 5580.2 -73372 226.01052
0.97 287.19157 121.24944 50997.595 -67772.1 5659.2 -73431.3 225.49647
0.98 286.31806 -393.43823 51305.576 -67796.5 5641.98 -73438.5 227.17064
0.99 285.29759 -838.11912 51430.628 -67747.9 5621.87 -73369.8 227.27014
1 278.55704 69.270532 51001.92 -67913.3 5489.05 -73402.3 226.54708
1.01 285.42423 23.155477 51048.81 -67619.7 5624.37 -73244.1 226.67957
1.02 285.81702 0.3190397 51094.979 -67885.1 5632.11 -73517.2 226.50359
1.03 286.76634 168.52805 50877.937 -67650 5650.82 -73300.8 225.9967
1.04 278.51951 174.11427 50954.557 -67987.2 5488.31 -73475.5 226.33475
1.05 278.01143 -304.00096 51178.468 -67664.8 5478.3 -73143.1 226.80058
1.06 286.54986 395.61685 50993.599 -67819 5646.55 -73465.6 226.90062
1.07 288.08797 149.95054 50978.289 -67873.9 5676.86 -73550.7 226.99187
1.08 286.58487 -170.54704 51232.878 -67918.5 5647.24 -73565.7 227.64688
1.09 283.27932 -101.84936 51119.782 -67783.1 5582.1 -73365.2 227.08601
1.1 277.59345 211.00484 50961.933 -67963.9 5470.06 -73433.9 226.40671
1.11 292.75058 -429.49252 51294.385 -67961.2 5768.74 -73730 227.6911
1.12 281.90695 -96.36078 51172.779 -67735.2 5555.06 -73290.2 227.10854
1.13 296.56773 307.60597 51040.651 -67707.9 5843.96 -73551.8 227.06225
1.14 301.99456 91.51108 51110.812 -67486 5950.89 -73436.9 226.93311
1.15 284.48878 -237.83287 51159.63 -67840.5 5605.94 -73446.4 226.88316
1.16 292.15099 -85.291869 51195.983 -67488 5756.92 -73244.9 226.98455
1.17 288.66911 112.03191 51083.258 -68006.3 5688.31 -73694.6 227.02917
1.18 290.80243 264.58486 51117.729 -67694.5 5730.35 -73424.8 227.1936
1.19 284.31866 -256.15954 51192.843 -68010.9 5602.58 -73613.5 227.06825
1.2 293.70771 451.05415 50944.837 -67557.4 5787.6 -73345 226.26307
1.21 281.83748 154.2701 50962.985 -67930.6 5553.69 -73484.3 226.71533
1.22 281.39234 538.74625 50943.491 -67876.3 5544.92 -73421.2 227.10056
1.23 278.80369 279.2571 51003.278 -67944.7 5493.91 -73438.6 226.71914
1.24 288.42009 -193.55803 51335.821 -67724.4 5683.4 -73407.8 228.27446
1.25 273.61683 355.59168 51096.793 -67928.3 5391.7 -73320 227.10973
1.26 289.57468 -8.0987583 51237.52 -67739.9 5706.16 -73446.1 227.9937
1.27 274.90634 -316.77515 51358.067 -68005.7 5417.11 -73422.8 228.14903
1.28 290.05229 -96.571447 51336.339 -67610.3 5715.57 -73325.8 228.49575
1.29 291.73676 -15.145578 51270.01 -67873.4 5748.76 -73622.2 227.93599
1.3 295.60998 -352.20768 51284.401 -67478 5825.08 -73303.1 228.12835
1.31 284.47158 348.54494 51053.462 -67898.7 5605.6 -73504.3 227.96278
1.32 289.35759 429.92451 51035.958 -67777.7 5701.88 -73479.6 227.67278
1.33 282.67428 -96.098016 51195.911 -67964 5570.18 -73534.1 227.51167
1.34 286.68443 -46.021006 51290.842 -67825.3 5649.2 -73474.5 228.32152
1.35 277.50979 124.93131 51242.903 -68128.3 5468.41 -73596.7 228.51845
1.36 286.94853 243.57246 51111.158 -67804.1 5654.41 -73458.5 227.48591
1.37 280.9546 -605.58002 51570.307 -68135.8 5536.29 -73672.1 229.1326
1.38 290.86974 120.01104 51185.266 -67655.8 5731.68 -73387.5 227.59806
1.39 277.17837 67.539957 51216.337 -68085 5461.88 -73546.9 228.42504
1.4 286.57163 -740.96093 51660.769 -67764.5 5646.98 -73411.5 229.51724
1.41 278.96105 -312.09829 51316.214 -68167.2 5497.01 -73664.2 228.48299
1.42 292.89972 -392.2474 51423.496 -67745.1 5771.68 -73516.8 228.92647
1.43 289.42608 -382.63122 51433.324 -67563.8 5703.23 -73267 229.18336
1.44 285.71474 -537.96313 51456.127 -67774.5 5630.1 -73404.6 228.83697
1.45 294.98891 -249.02535 51471.165 -67757.2 5812.85 -73570 229.008
1.46 294.37544 -27.676661 51220.493 -67666.1 5800.76 -73466.9 228.07557
1.47 283.76635 20.189212 51247.72 -67939.3 5591.7 -73531 228.36921
1.48 294.48201 210.66111 51157.083 -67659.1 5802.86 -73462 228.0792
1.49 284.2688 183.01794 51102.106 -67902.2 5601.6 -73503.8 227.71334
1.5 287.34258 -304.81341 51396.433 -67632 5662.17 -73294.1 228.96541
1.51 289.40322 -224.2521 51423.823 -67950 5702.78 -73652.8 228.48983
1.52 288.98445 19.988633 51281.471 -67753.1 5694.53 -73447.6 228.48934
1.53 290.35931 738.59203 50970.654 -67722.6 5721.62 -73444.2 227.80216
1.54 287.03928 -26.536603 51128.243 -68050.3 5656.2 -73706.5 228.48345
1.55 291.32908 167.17938 51064.011 -67603.8 5740.73 -73344.6 228.41979
1.56 285.92997 -39.923022 51143.024 -67985.1 5634.34 -73619.5 228.81216
1.57 292.55672 14.168929 51185.31 -67698.2 5764.92 -73463.1 229.12393
1.58 278.04113 -439.04413 51300.329 -68256.8 5478.88 -73735.7 229.33002
1.59 289.57812 199.64807 51181.886 -67757.9 5706.22 -73464.1 229.1433
1.6 274.55688 203.34452 51203.509 -68142.8 5410.23 -73553 229.36546
1.61 284.22491 55.287689 51273.147 -67902.6 5600.74 -73503.3 229.42667
1.62 279.85452 -329.09922 51395.995 -68091.2 5514.62 -73605.8 229.8853
1.63 286.47141 655.46467 51032.681 -67979.6 5645.01 -73624.6 228.6089
1.64 300.12227 -770.62319 51711.084 -67681.5 5914 -73595.5 230.30858
1.65 289.3108 152.68963 51163.522 -67858.6 5700.96 -73559.5 228.96296
1.66 292.64801 -481.64581 51531.755 -67970.3 5766.72 -73737.1 229.85445
1.67 288.46921 380.22803 51066.983 -67779.4 5684.37 -73463.8 228.32507
1.68 289.8316 -612.80797 51663.287 -67830.2 5711.22 -73541.5 230.77523
1.69 284.71807 -92.312651 51298.279 -67877 5610.46 -73487.4 230.14947
1.7 287.35181 93.931844 51228.925 -67651.4 5662.35 -73313.7 229.39694
1.71 285.8046 -13.754936 51319.163 -68031.3 5631.87 -73663.1 230.08175
1.72 280.60839 156.38406 51326.733 -67855.4 5529.47 -73384.9 229.75636
1.73 289.77517 -498.74464 51626.137 -67584.2 5710.11 -73294.3 230.80875
1.74 289.30709 173.92993 51202.742 -68035.6 5700.88 -73736.4 229.36085
1.75 285.11812 -391.68913 51484.332 -67994.7 5618.34 -73613.1 230.15535
1.76 295.50208 -367.34983 51671.449 -67733.3 5822.96 -73556.3 230.99878
1.77 278.51089 -394.85394 51566.706 -68189.5 5488.14 -73677.6 230.78283
1.78 300.57706 208.62787 51339.441 -67861.1 5922.96 -73784.1 229.77768
1.79 292.71227 -588.0144 51719.728 -67570.6 5767.98 -73338.6 231.25211
1.8 291.36756 -473.19964 51624.892 -67831.6 5741.49 -73573.1 231.1581
1.81 283.76978 -330.7775 51559.461 -67890.4 5591.77 -73482.1 230.84485
1.82 289.56815 -86.601331 51476.617 -68290.1 5706.03 -73996.2 230.49248
1.83 279.31312 -488.43637 51494.098 -67937.6 5503.95 -73441.6 230.29673
1.84 288.81778 -375.45865 51469.373 -67677.8 5691.24 -73369 230.15838
1.85 282.48028 373.55856 51242.385 -68025.3 5566.36 -73591.6 229.83998
1.86 288.45626 12.144482 51469.51 -67873.2 5684.12 -73557.3 230.60875
1.87 278.55594 658.40597 51028.705 -68090.3 5489.03 -73579.3 228.96296
1.88 287.94992 108.18247 51342.524 -67958.2 5674.14 -73632.4 229.86163
1.89 288.65257 243.64918 51260.697 -67873.5 5687.99 -73561.5 229.09789
1.9 295.35761 -305.67436 51529.451 -68118.2 5820.11 -73938.3 230.47052
1.91 290.87839 -367.47715 51536.48 -67900.5 5731.85 -73632.3 230.32871
1.92 282.91945 77.366029 51396.696 -67986.8 5575.01 -73561.8 230.35325
1.93 288.79212 293.70254 51216.874 -67989 5690.74 -73679.7 230.1869
1.94 292.86765 93.562602 51363.631 -67749.9 5771.05 -73521 230.3433
1.95 286.08204 -373.11291 51557.047 -68071.9 5637.33 -73709.2 230.40707
1.96 294.92956 19.181725 51411.31 -67455 5811.68 -73266.6 230.12419
1.97 283.00071 17.664376 51322.236 -68077.4 5576.61 -73654.1 230.21585
1.98 288.0268 -97.076388 51471.27 -67897.6 5675.65 -73573.3 230.79397
1.99 289.73644 -136.09947 51542.719 -67879.5 5709.34 -73588.8 231.1023
2 287.84015 836.40084 51004.91 -68183.3 5671.98 -73855.3 229.60584
2.01 290.05898 196.13047 51274.925 -68050.9 5715.7 -73766.6 229.98388
2.02 296.20143 211.66545 51288.001 -67987.8 5836.74 -73824.6 230.07846
2.03 276.05709 371.85053 51213.859 -68244.4 5439.79 -73684.2 230.20814
2.04 293.56676 537.26346 51186.945 -67832.6 5784.82 -73617.4 229.75337
2.05 285.94022 132.58032 51383.171 -67865.1 5634.54 -73499.7 230.35689
2.06 285.68941 161.78958 51365.374 -67842.5 5629.6 -73472.1 229.85597
2.07 287.10018 189.70636 51264.196 -67860.9 5657.4 -73518.3 229.8437
2.08 283.13347 472.05436 51158.944 -67940.2 5579.23 -73519.5 229.56856
2.09 280.75808 37.799138 51342.787 -68176.4 5532.42 -73708.9 229.96385
2.1 288.60786 251.45893 51238.391 -67897.2 5687.1 -73584.3 230.13325
2.11 287.39674 -299.36548 51530.336 -68092.1 5663.24 -73755.4 230.5561
2.12 294.50511 520.15958 51155.915 -67865.4 5803.31 -73668.7 229.94862
2.13 283.44014 183.60929 51268.049 -68084.1 5585.27 -73669.4 230.26204
2.14 286.74362 227.23637 51190.677 -67864.7 5650.37 -73515.1 229.72764
2.15 284.55739 341.80386 51245.769 -68112 5607.29 -73719.3 230.52347
2.16 288.36331 396.44492 51111.338 -67857 5682.29 -73539.3 229.51593
2.17 291.34275 296.38793 51252.144 -68031.4 5741 -73772.4 230.59949
2.18 281.68851 99.584639 51346.369 -67962 5550.76 -73512.8 230.56775
2.19 294.08053 -288.02162 51407.475 -67618.6 5794.95 -73413.6 230.15045
2.2 282.18736 -124.55964 51434.349 -67855.9 5560.59 -73416.5 230.34037
2.21 271.96334 -115.30087 51430.916 -68385.6 5359.12 -73744.7 230.48947
2.22 279.9318 -96.93768 51430.077 -67982.2 5516.14 -73498.3 230.00601
2.23 284.00048 -123.62569 51431.223 -67929.1 5596.32 -73525.5 230.28511
2.24 286.37361 -288.02629 51597.141 -67890.1 5643.08 -73533.1 231.0908
2.25 291.55248 -544.71285 51672.524 -67545.9 5745.13 -73291 231.45874
2.26 287.40703 74.477687 51312.13 -67913.9 5663.44 -73577.3 230.35536
2.27 281.56878 -236.84679 51418.73 -68084.3 5548.4 -73632.7 230.36667
2.28 294.24318 399.47318 51212.151 -67629.8 5798.15 -73428 230.06079
2.29 284.93144 348.50677 51133.072 -67974 5614.66 -73588.6 229.81021
2.3 292.49601 198.54213 51211.64 -67715.4 5763.72 -73479.1 229.98411
2.31 288.39119 183.20411 51327.416 -67966.5 5682.84 -73649.3 230.41241
2.32 296.05669 88.508441 51259.335 -67803.8 5833.89 -73637.7 230.47028
2.33 285.66699 -116.19848 51306.307 -68173.9 5629.15 -73803.1 230.1027
2.34 289.18587 1.5762099 51383.788 -67872 5698.49 -73570.4 230.88198
2.35 278.19268 -101.36808 51380.636 -68354.8 5481.87 -73836.7 230.45197
2.36 285.80362 -341.15103 51573.907 -67944.9 5631.85 -73576.7 231.11957
2.37 289.61047 263.70422 51279.427 -67942.1 5706.86 -73649 230.58696
2.38 281.04212 -395.4133 51590.551 -68217.9 5538.02 -73755.9 231.56964
2.39 284.45877 -177.76217 51525.493 -67981.9 5605.35 -73587.3 230.88058
2.4 271.75197 -523.87881 51701.91 -68106.7 5354.95 -73461.6 231.93106
2.41 294.61677 -242.7673 51493.839 -67935.2 5805.51 -73740.7 231.67232
2.42 284.57326 -293.29819 51567.454 -68055.1 5607.6 -73662.7 231.54366
2.43 277.25746 -148.73042 51419.609 -68111 5463.44 -73574.4 231.15384
2.44 282.80832 315.37497 51253.323 -68134.3 5572.82 -73707.2 230.66313
2.45 294.80375 159.18326 51383.595 -67575.6 5809.2 -73384.8 231.12254
2.46 288.63866 -171.45335 51532.103 -67994.2 5687.71 -73681.9 231.61102
2.47 276.81345 129.94936 51230.064 -68045.3 5454.69 -73500 230.8377
2.48 290.16146 -51.963092 51355.181 -67755.2 5717.72 -73472.9 230.5615
2.49 269.65917 -19.308674 51383.754 -68422.5 5313.72 -73736.2 230.93421
2.5 293.65803 -211.33585 51558.39 -67808.8 5786.62 -73595.4 231.10549
2.51 288.17388 -269.44358 51580.063 -68078.3 5678.55 -73756.9 231.14877
2.52 283.86063 267.85347 51304.146 -67727.4 5593.56 -73321 230.87439
2.53 277.22218 65.9441 51438.967 -68277.8 5462.75 -73740.6 231.24511
2.54 292.19083 646.93648 51275.164 -67838.6 5757.71 -73596.3 231.27354
2.55 288.39755 -361.15532 51593.408 -68028.3 5682.96 -73711.2 231.52146
2.56 284.47494 432.09772 51146.569 -67939.7 5605.66 -73545.4 230.38265
2.57 275.42609 -640.49527 51619.504 -68198.8 5427.35 -73626.1 231.39492
2.58 284.70396 -229.00069 51539.182 -67836.3 5610.18 -73446.4 231.23498
2.59 285.09232 334.77263 51271.727 -68284.3 5617.83 -73902.2 231.0062
2.6 292.71511 50.660494 51452.101 -67791.2 5768.04 -73559.2 231.51646
2.61 291.46774 -331.48658 51583.498 -67700.1 5743.46 -73443.6 231.24479
2.62 282.56517 626.18478 51071.647 -67887.8 5568.03 -73455.8 230.69993
2.63 287.94913 41.814609 51269.789 -67775.2 5674.12 -73449.4 230.56892
2.64 280.08453 -72.487766 51454.351 -68016.9 5519.15 -73536 231.34744
2.65 288.49007 -217.15795 51408.922 -67866.9 5684.78 -73551.6 230.79946
2.66 289.55117 -393.20702 51612.301 -67821 5705.69 -73526.6 231.66324
2.67 291.4754 -118.5759 51489.891 -68065.3 5743.61 -73808.9 231.79465
2.68 282.05785 591.80453 51060.655 -67794.2 5558.03 -73352.3 230.6058
2.69 288.15871 -173.48755 51411.476 -68079.9 5678.25 -73758.2 231.69778
2.7 286.37285 1.0344417 51483.418 -67782.4 5643.06 -73425.5 232.01741
2.71 283.794 400.98594 51263.313 -67959.7 5592.25 -73552 231.26131
2.72 282.94949 -643.41692 51696.411 -67859.6 5575.6 -73435.2 233.01301
2.73 285.0558 -294.48658 51507.021 -68068 5617.11 -73685.1 232.23985
2.74 296.88294 -170.98515 51565.007 -67730.9 5850.17 -73581.1 232.18013
2.75 284.92693 67.728891 51283.435 -67913.9 5614.57 -73528.5 231.73381
2.76 293.68746 375.33662 51217.866 -67667.6 5787.2 -73454.8 231.28621
2.77 292.55989 317.45281 51315.944 -67894.2 5764.98 -73659.1 232.12327
2.78 289.29749 -417.47412 51540.067 -67910.5 5700.69 -73611.2 232.34616
2.79 294.4393 416.46638 51314.613 -67499.9 5802.02 -73301.9 232.41281
2.8 283.99638 378.17112 51348.357 -67986.9 5596.23 -73583.1 232.07761
2.81 296.28216 -149.35416 51517.803 -67719 5838.33 -73557.3 231.86247
2.82 286.65753 303.91886 51318.24 -68112.1 5648.67 -73760.7 231.81051
2.83 292.36545 -77.244773 51415.911 -67681.2 5761.15 -73442.3 231.58541
2.84 289.72806 434.01259 51154.382 -67920 5709.18 -73629.2 230.85477
2.85 288.93483 161.80726 51304.143 -67768 5693.55 -73461.5 231.58664
2.86 279.25077 -120.32601 51425.512 -68348.8 5502.72 -73851.5 231.83984
2.87 280.73998 -92.666808 51600.663 -67952.8 5532.07 -73484.9 233.03078
2.88 284.03205 -328.25466 51642.248 -68213.4 5596.94 -73810.3 232.66527
2.89 297.65695 -172.34569 51466.762 -67802.7 5865.42 -73668.1 232.06726
2.9 297.25052 -2.464488 51377.732 -67852.5 5857.41 -73709.9 231.75809
2.91 287.23791 485.21427 51190.987 -68015 5660.11 -73675.1 230.96122
2.92 292.53055 57.895392 51394.736 -67780.8 5764.4 -73545.2 232.10223
2.93 289.16016 196.86954 51179.139 -68067.3 5697.99 -73765.3 231.04736
2.94 288.23973 464.22446 51336.644 -67787 5679.85 -73466.8 231.89955
2.95 288.4665 -155.16737 51459.111 -67992.3 5684.32 -73676.6 232.01834
2.96 290.75092 -230.07755 51488.993 -67870.1 5729.33 -73599.4 231.9501
2.97 290.05215 811.61806 50995.172 -68007.8 5715.56 -73723.4 231.02361
2.98 285.04882 -176.47461 51342.048 -68030.5 5616.97 -73647.5 231.84225
2.99 283.64238 52.478957 51355.386 -67792.5 5589.26 -73381.7 232.01998
3 285.11034 -133.31786 51371.057 -68021.7 5618.18 -73639.9 231.98853
3.01 291.06717 -181.61762 51543.15 -67676.4 5735.57 -73411.9 232.46048
3.02 281.75638 -138.60145 51391.087 -68091.6 5552.09 -73643.7 231.8892
3.03 278.38437 -208.39341 51447.857 -67834.5 5485.65 -73320.1 231.75715
3.04 291.39734 188.42325 51159.78 -67969.9 5742.07 -73712 231.45464
3.05 285.20178 183.37496 51182.509 -68066.1 5619.99 -73686 231.40634
3.06 295.30225 261.58934 51210.818 -67820.2 5819.02 -73639.2 231.4745
3.07 286.78529 12.337049 51451.962 -68001.9 5651.19 -73653.1 232.52849
3.08 290.98418 99.994193 51406.396 -68058.5 5733.93 -73792.5 232.27847
3.09 279.64583 -451.77395 51623.897 -67762.8 5510.5 -73273.3 232.87594
3.1 288.44728 51.579317 51200.034 -67938.9 5683.94 -73622.9 231.45581
3.11 290.05477 -520.03878 51610.551 -67707.7 5715.62 -73423.3 232.26219
3.12 278.98303 222.49536 51307.809 -68117.1 5497.44 -73614.6 231.79078
3.13 286.62229 -339.33501 51472.529 -67826.8 5647.98 -73474.8 231.65037
3.14 279.90944 197.22701 51259.018 -68133.5 5515.7 -73649.2 231.91448
3.15 298.11609 99.6664 51346.983 -67514.4 5874.47 -73388.9 232.13675
3.16 284.26268 -356.05316 51467.73 -68084.9 5601.48 -73686.4 232.75589
3.17 288.43808 4.1481038 51299.297 -67758.1 5683.76 -73441.9 231.56404
3.18 277.35228 -30.145032 51246.674 -68147.4 5465.31 -73612.7 231.66529
3.19 283.88258 246.57457 51200.326 -67851.4 5593.99 -73445.4 231.32496
3.2 278.44969 232.50995 51206.111 -67979.4 5486.93 -73466.4 231.29427
3.21 294.48814 -311.67218 51402.346 -67851.1 5802.98 -73654.1 231.69222
3.22 286.85417 -18.018331 51305.463 -67717.5 5652.55 -73370 231.43629
3.23 292.1642 335.95885 51137.306 -67889.6 5757.18 -73646.8 230.7572
3.24 290.90016 -207.32551 51495.357 -67817.6 5732.27 -73549.9 232.76774
3.25 285.63564 28.906335 51358.19 -67809.6 5628.54 -73438.1 232.14805
3.26 280.3106 -249.98232 51429.589 -68067.6 5523.6 -73591.2 232.12925
3.27 289.59754 -11.03255 51437.074 -68002.4 5706.61 -73709 232.49894
3.28 291.46181 349.29751 51259.568 -67806.8 5743.34 -73550.1 231.73919
3.29 294.28976 -329.92993 51485.435 -67843.6 5799.07 -73642.7 232.43108
3.3 286.88096 -43.202737 51463.766 -67855.6 5653.08 -73508.6 232.44984
3.31 282.68049 223.14042 51241.853 -68262.2 5570.3 -73832.5 231.85085
3.32 279.51984 -185.64607 51464.522 -67946.4 5508.02 -73454.5 232.63957
3.33 284.26794 43.811177 51326.588 -67896.9 5601.59 -73498.5 232.48505
3.34 277.68679 209.9431 51320.476 -68192.3 5471.9 -73664.2 232.48513
3.35 281.0482 -155.21996 51409.897 -67901.6 5538.14 -73439.7 232.25312
3.36 288.40775 -207.08759 51481.802 -67743.1 5683.16 -73426.3 232.96304
3.37 277.35578 -214.86028 51494.58 -68229.1 5465.38 -73694.5 232.65176
3.38 282.69213 93.35804 51330.44 -67770.7 5570.53 -73341.2 232.18864
3.39 277.00241 -356.79423 51547.916 -67988.7 5458.42 -73447.1 232.86753
3.4 285.08717 -444.97841 51434.055 -67729.2 5617.73 -73346.9 232.25588
3.41 285.48428 558.38294 50964.367 -68134 5625.55 -73759.6 230.99532
3.42 290.13057 252.13964 51159.064 -67722.1 5717.11 -73439.2 231.71398
3.43 287.02182 89.812845 51375.858 -67647.7 5655.85 -73303.5 232.1473
3.44 280.71459 -30.753888 51357.51 -67997.5 5531.57 -73529.1 232.08182
3.45 293.39974 158.20407 51327.81 -67495 5781.53 -73276.5 232.24353
3.46 279.3191 45.979822 51339.488 -67905.3 5504.07 -73409.4 232.60797
3.47 280.31075 14.606122 51261.913 -68198.1 5523.61 -73721.7 232.35911
3.48 282.00846 330.46634 51100.38 -67823 5557.06 -73380.1 231.93671
3.49 279.3067 -487.57939 51568.619 -68480.5 5503.82 -73984.3 233.01248
3.5 293.06609 337.27981 51281.245 -67838.3 5774.96 -73613.2 232.50176
3.51 280.93017 -387.71705 51523.207 -67882.2 5535.81 -73418 233.34999
3.52 289.80755 131.99699 51275.469 -67731.6 5710.74 -73442.4 232.41624
3.53 290.89746 358.21831 51285.616 -67868.4 5732.22 -73600.6 232.38541
3.54 291.67403 -194.89132 51410.526 -67813.4 5747.52 -73561 232.96639
3.55 287.61965 -483.9599 51626.738 -67916.2 5667.63 -73583.8 232.86366
3.56 290.22754 236.97016 51310.569 -67789.4 5719.02 -73508.4 232.2123
3.57 287.27279 -389.21406 51548.863 -67821.1 5660.8 -73481.9 232.98965
3.58 285.73751 -63.859791 51481.108 -68029 5630.54 -73659.6 233.01746
3.59 282.63617 26.135316 51406.318 -67829.3 5569.43 -73398.7 233.08025
3.6 289.08846 230.24997 51282.767 -68251.3 5696.57 -73947.8 232.53269
3.61 285.86087 -45.082257 51433.532 -67881.7 5632.97 -73514.7 233.06123
3.62 278.98178 196.45725 51257.261 -68218.8 5497.42 -73716.2 232.44064
3.63 285.87915 127.91844 51243.458 -67848.5 5633.33 -73481.8 231.85397
3.64 279.6608 587.54166 51060.367 -68087.3 5510.8 -73598.1 231.62357
3.65 298.76185 -117.86397 51448.069 -67782.5 5887.19 -73669.7 232.67087
3.66 281.46329 57.362038 51252.148 -67858.4 5546.32 -73404.7 232.31514
3.67 289.94203 -453.64749 51481.51 -68168.6 5713.39 -73882 232.41711
3.68 287.91747 19.736278 51381.65 -67768.8 5673.5 -73442.3 232.354
3.69 283.63056 193.5405 51317.721 -67976.3 5589.03 -73565.4 232.93947
3.7 295.26126 129.37387 51409.771 -67673.7 5818.21 -73491.9 233.02286
3.71 276.35786 -361.80911 51605.027 -68028.1 5445.71 -73473.8 234.13052
3.72 286.58985 -148.44756 51534.268 -67744.4 5647.34 -73391.8 234.02953
3.73 271.46447 -44.440059 51418.743 -68413.2 5349.29 -73762.5 233.38169
3.74 289.37333 608.71925 51181.905 -67783.3 5702.19 -73485.5 232.12511
3.75 279.24557 -70.324291 51452.51 -68079.7 5502.62 -73582.3 233.26449
3.76 293.97671 155.34949 51430.941 -67756.6 5792.9 -73549.5 233.04459
3.77 291.85429 56.896148 51382.254 -67995.8 5751.08 -73746.9 232.57975
3.78 298.65947 -170.51209 51518.668 -67639.1 5885.17 -73524.3 232.73252
3.79 285.48687 -450.99037 51491.744 -68087.2 5625.6 -73712.8 232.85559
3.8 280.84018 -224.67035 51283.282 -68139 5534.04 -73673.1 232.35874
3.81 280.70372 -43.527128 51198.414 -67806.4 5531.35 -73337.8 232.05726
3.82 275.5801 706.54737 50974.512 -67995.1 5430.39 -73425.5 232.24725
3.83 290.51312 -194.32586 51391.619 -67926.8 5724.65 -73651.4 233.06066
3.84 281.93081 428.09849 51210.019 -67529.6 5555.53 -73085.1 232.51113
3.85 281.50494 -277.248 51321.73 -68073.2 5547.14 -73620.3 232.81118
3.86 286.06761 -135.17768 51453.748 -68037.7 5637.05 -73674.8 233.31929
3.87 290.42794 63.520982 51234.221 -67869.2 5722.97 -73592.2 232.37854
3.88 291.51385 496.18452 51030.264 -67993.4 5744.37 -73737.8 231.93381
3.89 292.63827 17.594313 51230.852 -67843.3 5766.53 -73609.8 232.45842
3.9 284.89264 -28.205393 51305.753 -67905.6 5613.89 -73519.5 232.78893
3.91 284.29953 93.539511 51231.248 -68033 5602.21 -73635.2 232.69863
3.92 297.48682 244.26976 51239.904 -67508 5862.07 -73370.1 232.48037
3.93 287.692 -53.808461 51370.592 -67893.3 5669.06 -73562.3 233.35212
3.94 290.45089 -275.68199 51372.604 -67609.5 5723.42 -73332.9 233.24385
3.95 286.82159 -245.87886 51283.59 -68016.4 5651.91 -73668.3 232.91439
3.96 281.84885 -340.97833 51417.729 -67920.1 5553.92 -73474 233.85957
3.97 282.8155 376.21115 51221.871 -68066.8 5572.96 -73639.7 233.23998
3.98 281.24279 205.32374 51272.855 -67938.3 5541.97 -73480.3 232.89628
3.99 291.7608 -287.79042 51458.807 -67885.9 5749.23 -73635.1 233.47781
4 294.70314 129.72919 51283.897 -67547.6 5807.21 -73354.8 233.10606
4.01 277.63233 -422.38414 51537.651 -67976 5470.83 -73446.8 234.81734
4.02 297.16896 -53.458832 51365.287 -67549.7 5855.8 -73405.5 234.04602
4.03 289.1302 424.23113 51177.366 -68006.5 5697.4 -73703.9 232.84814
4.04 278.49118 209.32328 51153.587 -68034 5487.75 -73521.7 233.21593
4.05 289.31792 113.6402 51403.589 -68057.1 5701.1 -73758.2 233.76254
4.06 287.76741 -46.748443 51364.957 -67915.3 5670.54 -73585.9 233.92179
4.07 290.60877 589.07019 51097.066 -67793.2 5726.53 -73519.7 232.91346
4.08 280.5525 447.41461 51112.967 -68011.6 5528.37 -73539.9 233.18777
4.09 285.6277 120.72108 51280.424 -67861.6 5628.38 -73490 233.58962
4.1 283.45097 -503.537 51503.744 -67980.8 5585.49 -73566.3 233.86015
4.11 285.8894 -160.79742 51576.332 -67889.7 5633.54 -73523.2 234.88171
4.12 291.9862 267.26371 51235.642 -67777.6 5753.68 -73531.3 233.7358
4.13 285.76898 -123.09191 51421.414 -67697.5 5631.16 -73328.7 234.3955
4.14 284.94991 137.54802 51207.41 -68020.3 5615.02 -73635.3 233.39385
4.15 288.85826 211.3318 51237.042 -67755.1 5692.04 -73447.1 233.39146
4.16 274.68634 -373.88518 51451.515 -68210.9 5412.78 -73623.7 234.07584
4.17 287.44963 0.53300606 51191.573 -67776 5664.28 -73440.3 232.98205
4.18 275.90257 333.34627 51096.248 -68132 5436.74 -73568.7 233.4597
4.19 283.5141 -34.672229 51280.64 -67806.7 5586.73 -73393.4 234.03544
4.2 273.09114 -375.23999 51402.158 -68116 5381.34 -73497.3 234.03636
4.21 279.00671 -534.14132 51563.687 -67893.8 5497.91 -73391.8 234.53004
4.22 288.44174 -14.408517 51380.575 -67995.7 5683.83 -73679.5 234.09246
4.23 278.06752 209.01927 51236.299 -68057.2 5479.4 -73536.6 234.15956
4.24 283.52824 240.70405 51200.916 -68040 5587.01 -73627 233.56665
4.25 287.60616 466.44219 51088.444 -67990.5 5667.37 -73657.8 233.58229
4.26 294.65629 -228.31048 51358.383 -67783.5 5806.29 -73589.8 234.23605
4.27 290.0767 347.39287 51046.31 -67913.3 5716.05 -73629.3 233.54946
4.28 284.5516 -308.36829 51368.68 -67854.5 5607.18 -73461.6 234.35927
4.29 298.8457 -177.73911 51384.725 -67645.7 5888.84 -73534.5 234.79962
4.3 286.36337 213.92789 51204.383 -67969.6 5642.88 -73612.5 234.27431
4.31 283.38121 523.96988 50932.33 -67897 5584.11 -73481.1 233.36159
4.32 286.37656 -434.17656 51428.894 -67892.9 5643.14 -73536 234.86038
4.33 292.13804 608.77895 50949.345 -67814.6 5756.67 -73571.3 233.56757
4.34 281.61045 -447.81132 51511.859 -68165.4 5549.22 -73714.6 235.33716
4.35 286.03102 222.89409 51197.442 -67858.3 5636.33 -73494.6 234.06967
4.36 282.5674 -348.73443 51413.41 -67924.8 5568.08 -73492.9 234.97142
4.37 283.00527 430.7199 50990.166 -68098.5 5576.7 -73675.2 234.27704
4.38 291.48915 -161.00387 51355.833 -67799.3 5743.88 -73543.2 234.5423
4.39 286.10506 -157.74516 51376.446 -67815.7 5637.79 -73453.4 234.79048
4.4 283.98477 147.52899 51204.513 -67854.1 5596.01 -73450.1 234.78467
4.41 286.62764 -185.369 51380.781 -67834.6 5648.08 -73482.7 235.13443
4.42 283.30557 13.114981 51274.435 -68227 5582.62 -73809.6 234.27986
4.43 293.26095 -573.33008 51606.81 -67891 5778.8 -73669.8 235.91269
4.44 274.47209 -60.009388 51445.843 -68151 5408.56 -73559.5 235.23444
4.45 288.04675 53.63123 51312.581 -68023 5676.05 -73699.1 235.30339
4.46 286.90684 256.30991 51238.044 -68033.3 5653.59 -73686.9 234.6152
4.47 279.36758 -146.43836 51416.856 -68224 5505.02 -73729 235.22272
4.48 279.31064 -116.18129 51407.466 -67798.9 5503.9 -73302.8 234.84803
4.49 281.61868 -88.297801 51333.788 -67957 5549.38 -73506.4 234.97264
4.5 294.46161 -124.46347 51412.627 -67640.2 5802.45 -73442.7 235.03332
4.51 287.22704 183.31622 51290.045 -68055.5 5659.9 -73715.4 234.40681
4.52 274.43924 12.040819 51348.813 -68070.4 5407.91 -73478.3 234.95529
4.53 283.99217 -382.82051 51537.315 -67842.3 5596.15 -73438.4 235.51443
4.54 282.10614 -250.20012 51368.755 -68235.2 5558.99 -73794.2 234.85541
4.55 277.16455 -144.66243 51385.232 -67795.9 5461.61 -73257.5 235.41168
4.56 295.14163 89.010447 51289.489 -67702.5 5815.85 -73518.3 234.69211
4.57 282.60492 -110.1317 51412.883 -67877.2 5568.81 -73446.1 235.83919
4.58 286.62035 -193.59299 51381.119 -68058 5647.94 -73705.9 235.23704
4.59 286.35099 -33.852439 51387.957 -67860.5 5642.63 -73503.1 236.05942
4.6 287.13356 -277.30646 51473.905 -68087.3 5658.05 -73745.4 236.03058
4.61 292.38262 185.87544 51266.41 -67885.5 5761.49 -73647 235.16762
4.62 292.96699 118.77694 51348.133 -68098 5773 -73871 235.61361
4.63 284.56425 -454.71968 51529.856 -67716.1 5607.42 -73323.6 236.09231
4.64 286.90393 260.58686 51210.036 -67987.6 5653.53 -73641.1 235.26667
4.65 292.26796 63.118451 51340.503 -67581.6 5759.23 -73340.8 235.67711
4.66 281.22701 -245.42411 51502.548 -68003.9 5541.66 -73545.6 236.49171
4.67 283.47248 623.37882 51046.966 -67887.8 5585.91 -73473.7 235.20158
4.68 295.95344 -218.41362 51454.827 -67756.7 5831.85 -73588.6 235.98404
4.69 287.2989 -298.7345 51390.079 -68070.1 5661.31 -73731.4 235.71313
4.7 288.17367 -330.80843 51524.547 -67800.5 5678.55 -73479 236.57552
4.71 281.47774 197.92593 51268.247 -68000.1 5546.6 -73546.7 235.7769
4.72 295.12436 -66.066282 51394.233 -67774.3 5815.51 -73589.8 236.13498
4.73 274.25816 165.06814 51211.067 -68184.4 5404.34 -73588.7 235.64138
4.74 291.40256 216.47655 51204.761 -67807.1 5742.18 -73549.3 235.87646
4.75 282.50882 271.54437 51119.146 -67957.7 5566.92 -73524.6 235.48902
4.76 292.86611 297.45935 51225.993 -67647.2 5771.01 -73418.2 236.09997
4.77 288.09719 302.36419 51114.565 -68020.2 5677.04 -73697.3 235.84102
4.78 287.16302 162.37079 51287.107 -67753 5658.63 -73411.6 236.13957
4.79 286.64267 -484.54885 51568.766 -67700.1 5648.38 -73348.5 236.95511
4.8 289.54 -127.14291 51329.637 -67961.5 5705.47 -73667 236.18505
4.81 289.13937 54.471819 51164.575 -67522.1 5697.58 -73219.6 235.83291
4.82 282.00035 -3.5942712 51183.11 -67949.8 5556.9 -73506.7 236.20844
4.83 278.92818 300.70968 51101.194 -68138.8 5496.36 -73635.2 235.56692
4.84 291.75763 -532.943 51477.435 -67912.8 5749.17 -73662 236.69512
4.85 278.27529 -348.70724 51452.391 -68105.9 5483.5 -73589.4 236.71463
4.86 284.88689 -138.10511 51370.861 -67831.4 5613.78 -73445.2 236.62933
4.87 280.60681 85.200472 51189.773 -68141 5529.44 -73670.4 235.79859
4.88 286.08872 59.753106 51178.63 -67772.4 5637.46 -73409.9 236.20046
4.89 276.57602 -88.134427 51280.883 -68184.4 5450.01 -73634.4 235.74596
4.9 289.28608 103.05508 51268.909 -67747.6 5700.47 -73448.1 236.46386
4.91 291.21398 225.16273 51166.015 -67975.6 5738.46 -73714 235.9339
4.92 295.61053 326.32614 51312.461 -67573.6 5825.09 -73398.7 236.43755
4.93 281.33652 -346.18314 51525.692 -67992.3 5543.82 -73536.1 236.97974
4.94 287.41593 190.24082 51217.843 -67814.8 5663.62 -73478.4 236.15664
4.95 297.01332 -133.83833 51435.075 -67743.8 5852.74 -73596.5 236.79266
4.96 281.47652 222.38517 51237.188 -68179.4 5546.58 -73726 236.32868
4.97 289.84664 -722.27926 51732.345 -67809 5711.52 -73520.5 237.67327
4.98 286.13369 34.463716 51303.936 -68145.8 5638.35 -73784.1 236.31866
4.99 288.0798 -7.9966621 51262.53 -67875.5 5676.7 -73552.2 236.5037
5 284.08825 593.23648 51121.74 -68099.6 5598.04 -73697.6 235.72764
5.01 289.11681 -98.963657 51305.953 -67848.7 5697.13 -73545.9 235.99699
5.02 298.48979 256.21111 51147.942 -67611.5 5881.83 -73493.3 235.22462
5.03 282.65333 550.86899 51061.966 -67881.9 5569.77 -73451.7 235.41714
5.04 281.95029 586.16367 50983.965 -68097.3 5555.92 -73653.2 235.4478
5.05 292.7088 15.422228 51230.017 -67700.9 5767.91 -73468.8 236.15603
5.06 282.77083 -423.66707 51415.616 -68067.4 5572.08 -73639.5 236.66981
5.07 295.44777 193.75661 51300.086 -67665.1 5821.89 -73487 236.31804
5.08 282.03523 69.845286 51198.699 -68143.8 5557.59 -73701.4 235.68207
5.09 291.18332 58.932446 51331.135 -67860.6 5737.85 -73598.4 236.03359
5.1 287.72371 374.17422 51137.9 -67949.2 5669.68 -73618.8 235.57399
5.11 292.13038 -41.107785 51340.399 -67853.2 5756.52 -73609.7 236.06422
5.12 280.73071 107.26318 51252.939 -68041.4 5531.88 -73573.3 235.50777
5.13 290.69708 321.02128 51173.494 -67629.7 5728.27 -73358 235.73024
5.14 288.52624 165.05453 51264.039 -67828.1 5685.5 -73513.6 236.01095
5.15 288.58819 -112.90959 51342.839 -67816.2 5686.72 -73502.9 236.45199
5.16 282.67208 64.225289 51270.379 -67967.2 5570.14 -73537.4 236.04401
5.17 290.63187 -265.67907 51438.43 -67886.2 5726.99 -73613.2 236.37334
5.18 286.86997 215.05761 51235.232 -67938.6 5652.86 -73591.4 235.60493
5.19 297.55169 42.218775 51333.574 -67806 5863.35 -73669.3 235.56261
5.2 278.1146 -84.24671 51286.182 -68153.4 5480.33 -73633.7 235.62529
5.21 283.45227 660.7601 50940.252 -67945.6 5585.51 -73531.1 234.62659
5.22 291.86592 665.5047 51007.095 -67919.2 5751.31 -73670.5 234.99085
5.23 290.65907 111.25316 51201.961 -67703.5 5727.52 -73431.1 235.2935
5.24 296.80689 183.97715 51167.453 -67956.5 5848.67 -73805.2 235.00629
5.25 281.55109 430.37662 51120.705 -68031.6 5548.05 -73579.7 235.07618
5.26 291.26136 66.53531 51335.558 -67780.9 5739.39 -73520.3 235.30628
5.27 287.35796 333.44372 51235.257 -68042.5 5662.47 -73705 235.2545
5.28 287.94517 -146.9875 51453.882 -67921.7 5674.05 -73595.8 236.058
5.29 293.91971 -265.37736 51522.282 -67823.7 5791.78 -73615.5 236.08811
5.3 283.54844 -125.20664 51454.475 -68062.6 5587.41 -73650 235.92398
5.31 285.10384 -51.737164 51399.244 -67790.4 5618.06 -73408.5 235.55354
5.32 284.26208 -48.620363 51395.127 -68003.1 5601.47 -73604.6 235.72283
5.33 285.36822 236.67383 51343.629 -67820.2 5623.27 -73443.4 235.86785
5.34 282.26146 8.2444534 51265.893 -68253.2 5562.05 -73815.3 235.25861
5.35 285.3 -139.58449 51478.345 -67904.5 5621.92 -73526.4 236.28255
5.36 285.8 189.08497 51238.589 -68092.6 5631.77 -73724.4 235.26799
5.37 291.64392 400.21772 51164.601 -67736 5746.93 -73482.9 235.22383
5.38 287.57042 101.38029 51354.11 -68070.1 5666.66 -73736.8 235.93638
5.39 305.6174 160.69012 51364.412 -67632.8 6022.28 -73655.1 235.68439
5.4 284.52258 319.85593 51155.928 -68175.6 5606.6 -73782.2 234.88547
5.41 287.91987 -63.452062 51520.437 -67942.1 5673.55 -73615.7 236.08142
5.42 292.3244 -247.904 51705.936 -68028.6 5760.34 -73789 236.74234
5.43 290.27455 -242.19331 51501.253 -67805.2 5719.95 -73525.1 235.93472
5.44 286.55996 -111.55472 51356.206 -68095.2 5646.75 -73742 235.65337
5.45 285.31151 53.084224 51251.138 -67849.3 5622.15 -73471.5 235.04575
5.46 276.55334 235.22729 51261.004 -67983.5 5449.57 -73433.1 235.62987
5.47 285.45823 -210.68702 51545.149 -68227.5 5625.04 -73852.5 235.79315
5.48 289.79622 509.50807 51266.887 -67883.9 5710.52 -73594.4 235.74304
5.49 283.68251 -104.81432 51536.946 -68008.3 5590.05 -73598.3 235.73123
5.5 293.92495 85.580975 51335.417 -67807.3 5791.88 -73599.2 235.68993
5.51 286.24892 438.31046 51125.5 -67841.9 5640.62 -73482.5 235.40655
5.52 296.72862 166.77409 51326.099 -67907.7 5847.13 -73754.8 235.74798
5.53 285.40373 -232.14081 51428.511 -68025.7 5623.97 -73649.7 235.8019
5.54 285.33771 228.54344 51207.827 -67921 5622.67 -73543.6 235.64712
5.55 284.51028 -390.10917 51465.504 -67731 5606.36 -73337.3 235.82339
5.56 281.01184 288.51863 51210.572 -68071.5 5537.42 -73608.9 235.26217
5.57 292.27592 -60.372667 51308.982 -67693.6 5759.38 -73453 235.47993
5.58 293.69942 -347.85258 51584.145 -67826.5 5787.44 -73614 236.17585
5.59 275.14933 -231.88098 51386.228 -68300.6 5421.9 -73722.5 235.80809
5.6 280.99015 28.742036 51313.695 -67844.4 5537 -73381.4 235.43265
5.61 273.16807 305.28056 51233.784 -68085.9 5382.86 -73468.8 235.55973
5.62 287.59389 -256.11575 51470.859 -68047.9 5667.12 -73715.1 235.94255
5.63 287.03689 505.91235 51167.405 -67966.6 5656.15 -73622.8 235.00159
5.64 301.09885 -244.47155 51570.078 -67557.6 5933.24 -73490.8 236.48529
5.65 280.15014 -35.449156 51341.123 -67930 5520.44 -73450.5 235.1774
5.66 293.93454 -77.280557 51425.716 -67721.9 5792.07 -73513.9 235.95441
5.67 284.45073 -9.7812635 51328.418 -67986.9 5605.19 -73592 235.65461
5.68 291.23614 333.96414 51168.463 -67811.1 5738.9 -73550 235.14066
5.69 292.56172 -105.05534 51471.717 -67931 5765.02 -73696.1 236.10585
5.7 291.71497 69.158216 51339.639 -67935.7 5748.33 -73684.1 235.34412
5.71 279.97591 -407.44701 51597.666 -68276.8 5517.01 -73793.8 236.29592
5.72 288.73772 -105.03936 51510.715 -67745.7 5689.66 -73435.4 236.20332
5.73 283.16056 44.095161 51317.658 -67945.5 5579.76 -73525.2 235.72931
5.74 283.25414 -449.03291 51651.413 -67684.5 5581.61 -73266.1 236.6718
5.75 284.13113 412.38832 51135.49 -68076.7 5598.89 -73675.5 234.95774
5.76 289.45254 -319.12217 51457.208 -67692.7 5703.75 -73396.5 235.86689
5.77 291.23903 572.54184 51242.548 -67857.6 5738.95 -73596.6 235.79248
5.78 288.02864 -513.52568 51642.782 -67931 5675.69 -73606.7 236.89324
5.79 291.45345 -148.14712 51442.642 -67952.1 5743.18 -73695.3 235.72532
5.8 290.90689 -42.069373 51389.365 -67797 5732.41 -73529.4 236.07692
5.81 289.95139 88.539118 51384.946 -68047 5713.58 -73760.6 236.09368
5.82 285.99128 -511.48188 51566.524 -67846.7 5635.54 -73482.2 236.60419
5.83 283.41129 -268.39108 51504.284 -68091.5 5584.7 -73676.2 236.50495
5.84 282.49568 88.116182 51326.528 -67952.4 5566.66 -73519.1 235.91801
5.85 292.88199 -131.09741 51420.733 -67665 5771.33 -73436.3 236.40756
5.86 287.18182 -28.243555 51374.955 -68054.8 5659 -73713.8 236.31458
5.87 292.55384 -385.48778 51589.636 -67571.7 5764.86 -73336.6 236.70986
5.88 287.75272 168.81761 51335.364 -68048.1 5670.25 -73718.4 235.74762
5.89 280.20963 300.92586 51218.456 -68249.1 5521.61 -73770.7 235.89676
5.9 288.89376 -34.871289 51448.63 -67869.2 5692.74 -73561.9 236.33105
5.91 272.95786 -233.11194 51529.053 -68352.3 5378.72 -73731 236.85526
5.92 287.36564 164.69033 51278.635 -67929.4 5662.63 -73592.1 235.91526
5.93 292.50109 403.81309 51281.441 -67937.9 5763.82 -73701.7 235.98063
5.94 295.16106 395.91594 51178.721 -67709.5 5816.24 -73525.8 235.62316
5.95 288.07002 -4.8942414 51309.427 -67990.5 5676.51 -73667 235.98179
5.96 298.78884 -255.73133 51622.017 -67685.3 5887.72 -73573 236.74705
5.97 283.45239 -189.33777 51431.187 -68150.6 5585.51 -73736.1 235.95451
5.98 286.19279 431.7374 51209.013 -67708.9 5639.51 -73348.4 235.74802
5.99 287.85793 12.395445 51388.369 -67942 5672.33 -73614.4 235.86722
6 293.88268 153.45648 51276.628 -67794.3 5791.05 -73585.4 235.45208
6.01 286.66272 -437.20232 51601.332 -68008 5648.77 -73656.7 236.54754
6.02 293.67185 -132.53631 51431.54 -67578 5786.89 -73364.9 236.43243
6.03 287.92593 545.20121 51124.605 -67896.8 5673.67 -73570.5 235.21591
6.04 283.95982 -641.04815 51706.762 -68075.7 5595.51 -73671.2 237.13194
6.05 282.86634 364.47901 51153.753 -68068.8 5573.97 -73642.7 235.0677
6.06 299.19669 54.096427 51420.723 -67807.6 5895.76 -73703.4 236.16936
6.07 284.5199 -272.62738 51456.986 -67959.7 5606.55 -73566.3 236.25564
6.08 287.37802 -61.418444 51433.856 -67683.8 5662.87 -73346.7 236.25181
6.09 280.58482 116.50099 51267.851 -67941.6 5529.01 -73470.6 235.36279
6.1 279.12903 46.24201 51317.879 -68115.6 5500.32 -73616 236.06399
6.11 284.17973 -243.42276 51495.521 -68093.8 5599.85 -73693.7 236.04508
6.12 283.65646 23.323058 51280.953 -68083.9 5589.54 -73673.5 235.43821
6.13 289.5127 -91.400282 51363.526 -67686.4 5704.93 -73391.3 235.81421
6.14 290.79047 194.43052 51309.847 -67917.1 5730.11 -73647.2 235.6631
6.15 285.71602 -175.66789 51512.509 -67954.1 5630.12 -73584.2 236.42617
6.16 287.08488 255.58373 51332.287 -67594.5 5657.09 -73251.6 235.56896
6.17 283.61901 -2.364883 51366.712 -68026.9 5588.8 -73615.6 235.9838
6.18 285.77205 -41.918439 51364.571 -68068.6 5631.22 -73699.8 235.64793
6.19 283.58756 -720.8386 51649.999 -67978.2 5588.18 -73566.3 236.04578
6.2 283.71214 131.70513 51305.418 -67932.9 5590.63 -73523.5 235.33897
6.21 282.51946 -700.10903 51591.098 -68085.8 5567.13 -73652.9 235.71726
6.22 285.06135 63.641856 51409.791 -68022.1 5617.22 -73639.3 235.93691
6.23 291.51065 85.301413 51306.35 -68125 5744.3 -73869.3 235.41844
6.24 283.94049 17.807414 51276.833 -67880 5595.13 -73475.2 235.99972
6.25 290.06056 -105.99694 51389.312 -67775.2 5715.73 -73490.9 236.05302
6.26 283.46012 68.643405 51272.617 -68201.6 5585.67 -73787.3 235.83996
6.27 273.50632 -190.63946 51485.711 -68302 5389.52 -73691.5 236.06542
6.28 286.36231 57.046377 51361.308 -67900.5 5642.86 -73543.4 235.78733
6.29 290.12137 -17.222368 51360.994 -68188.5 5716.93 -73905.4 235.609
6.3 284.45372 -434.34759 51582.557 -67937.1 5605.25 -73542.4 236.37807
6.31 288.42437 59.927252 51369.036 -68274 5683.49 -73957.5 236.27648
6.32 295.53218 -84.179761 51396.785 -67860.2 5823.55 -73683.7 235.84739
6.33 280.40925 -100.41095 51402.339 -68119.2 5525.55 -73644.7 236.5759
6.34 296.22616 214.71135 51388.741 -67913.8 5837.23 -73751 236.76577
6.35 288.77006 -669.03457 51620.448 -67640.3 5690.3 -73330.6 236.35415
6.36 283.04707 321.18788 51211.511 -67912.7 5577.53 -73490.2 235.44988
6.37 285.42526 108.82976 51357.89 -68060.9 5624.39 -73685.3 235.86277
6.38 286.94751 -313.07684 51476.732 -67717.2 5654.39 -73371.6 235.986
6.39 284.7418 410.08007 51199.307 -68006.3 5610.92 -73617.2 235.39212
6.4 285.11899 -74.906469 51404.752 -67729.3 5618.36 -73347.7 235.55045
6.41 291.35932 -107.57866 51459.72 -67993.6 5741.32 -73734.9 235.92287
6.42 293.59339 -404.69955 51564.804 -67896.5 5785.35 -73681.9 236.56982
6.43 286.45635 492.18137 51089.694 -68258.5 5644.71 -73903.2 235.14348
6.44 289.97417 -173.21583 51342.139 -67880.2 5714.03 -73594.3 235.52648
6.45 285.28519 -61.717301 51325.785 -67739.1 5621.63 -73360.8 235.70771
6.46 277.57712 388.3192 51103.213 -68232.3 5469.74 -73702.1 235.41229
6.47 290.99744 -75.939062 51371.155 -67844.8 5734.19 -73578.9 236.01329
6.48 282.98959 377.83511 51271.795 -68014.6 5576.4 -73591 236.02929
6.49 294.66768 121.68626 51208.012 -67736.7 5806.52 -73543.2 235.46625
6.5 280.50565 -55.691261 51363.852 -68131.3 5527.45 -73658.8 235.60021
6.51 282.214 425.20342 51178.297 -68077.2 5561.11 -73638.3 235.30509
6.52 280.08167 -113.41899 51380.671 -68035.5 5519.09 -73554.6 236.1422
6.53 288.05076 -317.24598 51480.187 -67940.1 5676.13 -73616.2 236.24461
6.54 281.46235 -18.985168 51356.707 -67942.3 5546.3 -73488.6 236.20085
6.55 287.44125 111.82646 51432.851 -68069.9 5664.12 -73734 236.3047
6.56 301.80204 -271.46166 51541.488 -67636.3 5947.1 -73583.4 236.51231
6.57 286.83226 218.77172 51296.26 -67966.2 5652.12 -73618.4 235.74319
6.58 291.54051 -208.90752 51423.903 -67789.8 5744.89 -73534.7 236.27482
6.59 289.90688 80.530657 51250.29 -67813.6 5712.7 -73526.3 235.38403
6.6 294.29881 -115.2221 51382.908 -67763.9 5799.25 -73563.1 236.50556
6.61 283.42597 555.45056 51029.393 -67910.9 5584.99 -73495.9 235.36255
6.62 290.09277 -282.69779 51464.244 -67694.3 5716.37 -73410.7 236.59814
6.63 282.04123 -125.53784 51413.81 -68054.8 5557.71 -73612.5 236.13896
6.64 294.64029 -62.332784 51332.051 -67720.9 5805.98 -73526.8 236.64822
6.65 289.93828 493.19147 51138.587 -67978.6 5713.32 -73691.9 236.02375
6.66 294.39779 264.91522 51270.798 -67443.2 5801.2 -73244.4 236.2991
6.67 286.7431 56.973498 51315.255 -68013.2 5650.36 -73663.6 235.82652
6.68 283.83516 -63.593845 51410.139 -68150.1 5593.06 -73743.2 236.03628
6.69 294.33452 42.503718 51390.768 -67494.2 5799.95 -73294.2 236.29579
6.7 284.73984 401.77595 51260.423 -68044.5 5610.88 -73655.4 236.27009
6.71 280.73758 -314.52125 51590.432 -68294.3 5532.02 -73826.3 237.41711
6.72 292.22495 -200.98414 51599.803 -67912.2 5758.38 -73670.6 237.18831
6.73 275.08246 -240.99016 51551.476 -68301.2 5420.58 -73721.7 237.19389
6.74 272.79199 45.425003 51294.138 -68038 5375.45 -73413.4 236.10419
6.75 298.9612 613.36147 51088.491 -67516.1 5891.12 -73407.2 235.82273
6.76 287.98063 132.07408 51297.795 -68095.3 5674.74 -73770 235.8476
6.77 285.9577 202.14503 51267.046 -67941.9 5634.88 -73576.8 236.41201
6.78 293.66073 671.48649 51031.743 -67883 5786.67 -73669.7 235.38345
6.79 286.72513 -327.17045 51605.039 -68162.3 5650 -73812.3 237.4238
6.8 291.24576 -505.68972 51689.558 -67782.4 5739.09 -73521.5 237.1143
6.81 285.50795 163.80918 51376.769 -68038.2 5626.02 -73664.2 236.84797
6.82 288.42873 -146.11549 51443.15 -67961.4 5683.57 -73644.9 236.74298
6.83 292.52485 205.13098 51298.961 -67794.9 5764.29 -73559.1 236.68601
6.84 279.99226 -64.069947 51450.147 -68068.4 5517.33 -73585.7 237.84392
6.85 291.20246 -235.59498 51331.076 -67989.1 5738.23 -73727.4 237.21616
6.86 285.74456 -332.43109 51378.242 -67872.6 5630.68 -73503.3 237.63126
6.87 285.45837 -475.17292 51479.767 -68100.6 5625.04 -73725.6 237.78963
6.88 284.5439 -118.91932 51377.251 -67949.2 5607.02 -73556.2 237.71936
6.89 287.5205 -47.732023 51283.292 -67791.6 5665.68 -73457.3 237.08878
6.9 285.7552 350.68138 51204.799 -68046.3 5630.89 -73677.2 237.6883
6.91 279.98161 -391.81947 51421.011 -68092.8 5517.12 -73609.9 237.5332
6.92 288.08768 89.431028 51285.365 -67849.2 5676.85 -73526 237.59811
6.93 285.31214 100.80433 51233.841 -68318.8 5622.16 -73941 237.01927
6.94 289.04526 -282.64372 51458.026 -67844.7 5695.72 -73540.5 237.44407
6.95 285.82873 -229.61475 51380.121 -68019.1 5632.34 -73651.4 237.88444
6.96 293.14408 -187.07597 51441.09 -67925.3 5776.49 -73701.8 237.60162
6.97 298.28614 -37.447707 51362.31 -67555.2 5877.82 -73433 237.7716
6.98 289.61717 324.0131 51126.868 -67819.6 5706.99 -73526.6 237.21083
6.99 285.92382 211.04454 51214.978 -67687.7 5634.21 -73321.9 237.15823
7 282.71079 368.22285 51255.402 -67924.3 5570.9 -73495.2 237.98468
7.01 287.22243 -110.17981 51302.849 -67767 5659.8 -73426.8 237.67871
7.02 276.11268 -408.50622 51495.171 -68455.9 5440.88 -73896.8 238.21899
7.03 299.70462 255.54749 51158.632 -67683.1 5905.77 -73588.8 237.45652
7.04 300.70904 -61.29964 51297.831 -67873.4 5925.56 -73798.9 237.66266
7.05 271.06374 305.54637 50996.264 -67858.9 5341.39 -73200.3 236.5194
7.06 281.55919 -92.491291 51283.908 -67938 5548.21 -73486.2 237.78867
7.07 285.13481 17.04873 51262.77 -67990.4 5618.67 -73609.1 237.65143
7.08 287.15872 621.48222 50983.615 -68016.3 5658.55 -73674.9 237.00184
7.09 284.77089 27.011861 51320.737 -67976.9 5611.5 -73588.4 238.02271
7.1 282.38681 -328.36599 51504.753 -68054.2 5564.52 -73618.7 239.06938
7.11 296.23175 40.756323 51342.369 -67810.9 5837.34 -73648.2 237.78878
7.12 286.44587 166.00299 51222.543 -68002.1 5644.5 -73646.6 237.36584
7.13 280.55645 359.49642 51143.28 -67875.1 5528.45 -73403.6 237.44205
7.14 293.94242 226.45651 51320.33 -67945.7 5792.22 -73737.9 237.93869
7.15 294.1406 -82.830763 51440.603 -67726.2 5796.13 -73522.4 238.07093
7.16 274.84939 -143.19242 51398.262 -68118.8 5415.99 -73534.8 237.82292
7.17 294.1449 -30.412095 51424.476 -67988.8 5796.21 -73785 238.49102
7.18 278.34559 -16.53055 51370.596 -68145.3 5484.88 -73630.2 238.38851
7.19 286.53201 303.88094 51229.962 -67957.5 5646.2 -73603.7 238.20616
7.2 279.93147 -210.07564 51479.961 -67912.3 5516.13 -73428.4 238.64274
7.21 288.51773 -165.88783 51452.809 -67812.9 5685.33 -73498.2 238.01888
7.22 291.44971 658.7339 51100.986 -68183.2 5743.1 -73926.3 236.91394
7.23 291.85074 251.78263 51281.319 -67932.3 5751.01 -73683.3 237.76875
7.24 294.19047 223.30913 51239.233 -67692.3 5797.11 -73489.4 237.36684
7.25 285.89118 -35.430541 51283.338 -67944.9 5633.57 -73578.5 237.33896
7.26 290.69863 238.44634 51182.421 -67628.5 5728.3 -73356.8 237.25554
7.27 293.56347 107.06733 51404.389 -67783.5 5784.76 -73568.3 238.35581
7.28 293.07795 414.00319 51173.918 -67893.1 5775.19 -73668.3 237.3668
7.29 286.84809 -200.59484 51550.119 -67937.6 5652.43 -73590 238.57206
7.3 293.81055 154.05489 51262.342 -67762 5789.63 -73551.7 238.14806
7.31 290.47917 -44.053096 51454.97 -67692.5 5723.98 -73416.5 238.19297
7.32 280.77734 -457.74167 51544.302 -67911.7 5532.8 -73444.5 238.60261
7.33 286.69218 -355.71408 51493.48 -67768.5 5649.36 -73417.8 238.69222
7.34 290.90245 27.224301 51311.934 -67875 5732.32 -73607.3 237.86025
7.35 289.56828 -188.96376 51459.725 -67840.9 5706.03 -73546.9 238.51321
7.36 289.86888 -368.95754 51497.952 -67762.7 5711.95 -73474.6 238.20673
7.37 286.69781 -146.48442 51469.136 -67930.9 5649.47 -73580.4 238.84931
7.38 283.28642 19.229614 51366.194 -67809.1 5582.24 -73391.4 238.38234
7.39 281.13546 -774.23198 51755.922 -68150.4 5539.86 -73690.3 240.03728
7.4 279.55066 443.46866 51212.503 -67980.5 5508.63 -73489.1 238.10882
7.41 291.11569 -467.25123 51668.925 -67982.9 5736.52 -73719.5 239.34609
7.42 289.18223 -58.6607 51367.222 -68034.6 5698.42 -73733 238.4574
7.43 282.56856 -97.836983 51372.28 -67976.8 5568.1 -73544.9 238.1279
7.44 295.88174 -280.11408 51495.477 -67982.5 5830.44 -73812.9 238.68485
7.45 281.37186 -1.9678294 51307.768 -68094.7 5544.52 -73639.2 237.94319
7.46 300.39733 -35.238286 51327.98 -67753.9 5919.42 -73673.3 238.00232
7.47 278.68958 159.97287 51257.167 -67975.4 5491.66 -73467 237.96303
7.48 292.49877 377.62377 51276.034 -67770.4 5763.78 -73534.2 238.25706
7.49 283.74421 -244.47436 51477.067 -67818.3 5591.26 -73409.6 239.12789
7.5 286.97566 -66.571478 51363.828 -68179.8 5654.94 -73834.8 238.65843
7.51 286.59477 -92.437655 51452.957 -67877.1 5647.44 -73524.6 239.29799
7.52 279.00404 49.3649 51226.704 -68212.7 5497.86 -73710.5 238.09772
7.53 287.90066 83.663065 51285.087 -67947.5 5673.17 -73620.6 238.26304
7.54 281.60301 -404.53282 51642.952 -67796.3 5549.07 -73345.4 239.25028
7.55 292.20893 492.83492 51172.476 -68016.6 5758.06 -73774.6 237.95399
7.56 293.92459 -166.16528 51569.948 -67663.6 5791.87 -73455.5 239.39788
7.57 288.50193 -212.84145 51441.076 -68001.9 5685.02 -73686.9 238.72128
7.58 287.09797 -538.10417 51663.153 -67823.1 5657.35 -73480.4 239.26381
7.59 278.32515 504.81412 51127.598 -68189.9 5484.48 -73674.4 237.87602
7.6 290.3024 291.43148 51197.571 -67851.3 5720.5 -73571.8 238.65836
7.61 286.21341 -111.80903 51360.179 -68178.9 5639.92 -73818.8 238.72182
7.62 291.4143 332.35976 51125.668 -68023.2 5742.41 -73765.6 237.75213
7.63 298.1377 144.35234 51246.022 -67590.3 5874.89 -73465.2 238.32694
7.64 281.29941 -273.12084 51580.631 -67963.5 5543.09 -73506.6 239.25444
7.65 294.10561 737.62591 51025.327 -67734.1 5795.44 -73529.5 237.59831
7.66 281.30201 30.163357 51247.285 -68035 5543.14 -73578.2 237.72509
7.67 293.36747 63.996087 51447.663 -67688.3 5780.89 -73469.2 238.95836
7.68 291.54248 207.17118 51350.628 -67778.3 5744.93 -73523.2 238.63393
7.69 279.49408 -255.69371 51373.489 -68170.3 5507.52 -73677.9 238.54019
7.7 282.70562 344.42891 51170.583 -67825.5 5570.8 -73396.3 237.99377
7.71 286.71957 -185.28505 51435.725 -67987.2 5649.9 -73637.1 238.57866
7.72 285.99259 -496.85449 51613.786 -67862.2 5635.57 -73497.7 239.17679
7.73 288.3317 -320.44437 51522.912 -67775.4 5681.66 -73457.1 238.72514
7.74 277.13196 460.48705 51113.921 -68131.8 5460.97 -73592.7 237.75369
7.75 290.55629 575.19577 51199.893 -67715.7 5725.5 -73441.2 238.34464
7.76 291.23581 58.748349 51363.975 -68014.7 5738.89 -73753.6 238.97746
7.77 287.5583 75.962423 51307.248 -67934.9 5666.42 -73601.3 238.39863
7.78 293.19052 106.46738 51377.008 -67507.5 5777.41 -73284.9 238.23686
7.79 281.30407 -723.29441 51674.692 -67956.8 5543.18 -73500 239.55417
7.8 293.89524 333.50917 51173.277 -67670.2 5791.29 -73461.5 238.01734
7.81 293.29877 -58.786991 51328.34 -67753.3 5779.54 -73532.8 238.68055
7.82 279.14987 -298.71927 51474.054 -67711.2 5500.73 -73212 238.92682
7.83 288.69237 113.73895 51288.296 -68090.1 5688.77 -73778.9 238.53127
7.84 290.94254 210.40079 51220.524 -67804.7 5733.11 -73537.8 237.90355
7.85 288.19119 24.486149 51319.984 -67958.2 5678.89 -73637.1 238.48858
7.86 291.74522 198.42762 51277.235 -67730.2 5748.93 -73479.2 238.48371
7.87 294.25595 521.04181 51177.071 -67767.6 5798.4 -73566 238.0479
7.88 298.07372 -58.933659 51425.735 -67786.4 5873.63 -73660 238.50344
7.89 279.94168 415.18201 51123.396 -68299.2 5516.33 -73815.6 237.71468
7.9 293.80804 118.62897 51387.336 -67931 5789.58 -73720.5 239.20329
7.91 292.42358 381.93845 51129.44 -67868.2 5762.29 -73630.5 237.9165
7.92 280.15574 -728.10486 51600.954 -68074.9 5520.55 -73595.4 239.13211
7.93 285.60823 436.77248 51051.464 -67875.3 5628 -73503.3 237.48547
7.94 288.02974 266.09214 51203.881 -67899.3 5675.71 -73575 237.62585
7.95 291.03323 -112.66512 51408.13 -67866.8 5734.9 -73601.7 238.36459
7.96 271.63242 -150.6864 51369.647 -68025 5352.6 -73377.6 238.50294
7.97 295.25721 306.62417 51207.567 -67650 5818.13 -73468.1 237.41565
7.98 293.88096 683.55665 51014.044 -67688.7 5791.01 -73479.7 236.98542
7.99 280.86958 -320.36939 51394.908 -68172.5 5534.62 -73707.2 237.83364
8 294.36693 -433.52869 51519.731 -67846.9 5800.59 -73647.5 238.00047
8.01 280.52059 467.972 51038.848 -68121.7 5527.74 -73649.4 237.13908
8.02 293.29268 134.37956 51201.72 -67846.5 5779.42 -73625.9 237.79291
8.03 289.26599 -176.31168 51304.784 -67643.2 5700.07 -73343.3 237.89462
8.04 282.42546 -317.57607 51440.348 -67903.4 5565.28 -73468.6 238.42053
8.05 287.24216 460.22902 51094.609 -67826.7 5660.19 -73486.8 237.56002
8.06 285.61004 -27.154263 51260.024 -68023.2 5628.03 -73651.2 237.25088
8.07 288.24615 -548.41081 51527.703 -67731.7 5679.98 -73411.7 238.37092
8.08 282.70846 144.7677 51387.422 -68130.8 5570.85 -73701.7 237.90529
8.09 288.632 -125.33803 51443.856 -67805.4 5687.58 -73493 238.04116
8.1 290.26861 632.09189 51069.608 -67949.1 5719.83 -73668.9 237.10388
8.11 298.07361 -118.45748 51374.186 -67586.5 5873.63 -73460.1 237.63485
8.12 281.3734 98.176268 51267.688 -67925.6 5544.55 -73470.2 237.59426
8.13 291.57051 262.37252 51194.938 -67823.1 5745.48 -73568.5 238.15864
8.14 296.64392 -664.17751 51657.241 -67746.3 5845.46 -73591.8 238.90412
8.15 283.74532 25.473249 51289.096 -67984.9 5591.29 -73576.2 238.28556
8.16 296.32922 358.86678 51119.34 -67574.1 5839.26 -73413.3 237.89058
8.17 285.80143 -448.36767 51478.263 -67882.7 5631.8 -73514.5 238.25867
8.18 289.88944 -108.40379 51335.059 -67941.8 5712.36 -73654.2 238.38731
8.19 283.38741 278.96427 51064.958 -68082 5584.23 -73666.2 237.58346
8.2 291.22424 56.891638 51228.983 -67791.3 5738.66 -73530 237.52491
8.21 286.26188 -312.93038 51446.633 -67899.7 5640.88 -73540.6 238.14081
8.22 281.57817 376.80708 51078.357 -68009.5 5548.58 -73558.1 236.91979
8.23 297.17544 525.75247 51025.246 -67725 5855.93 -73580.9 236.88278
8.24 288.01036 -131.49505 51351.896 -67440.9 5675.33 -73116.2 237.89961
8.25 291.07161 68.755746 51283.937 -67906.2 5735.65 -73641.9 237.85289
8.26 285.21813 -231.56992 51485.553 -67856.2 5620.31 -73476.5 238.92939
8.27 285.36549 89.014192 51338.317 -67962.6 5623.21 -73585.8 238.22683
8.28 283.29324 -454.6192 51472.229 -67881.2 5582.38 -73463.6 238.55055
8.29 279.74243 -983.52918 51661.948 -68135 5512.41 -73647.4 238.65768
8.3 279.71241 328.96346 51194.83 -67946.8 5511.82 -73458.6 237.84202
8.31 295.32013 -452.29223 51681.659 -67875.1 5819.37 -73694.5 239.46678
8.32 299.18152 235.9464 51343.154 -67604.4 5895.46 -73499.9 237.99819
8.33 277.1469 177.02958 51197.029 -68074.7 5461.26 -73535.9 237.54455
8.34 276.28278 -115.0068 51400.267 -67975.2 5444.24 -73419.4 238.60311
8.35 290.19299 856.84439 50969.073 -67585.6 5718.34 -73304 236.73989
8.36 283.21372 159.56295 51323.847 -67965.6 5580.81 -73546.4 237.8243
8.37 286.8735 -409.88046 51523.817 -67919 5652.93 -73571.9 238.42303
8.38 282.14093 -263.44519 51510.954 -67880.7 5559.67 -73440.4 238.47033
8.39 293.30735 112.88638 51310.656 -67907.8 5779.71 -73687.5 238.44628
8.4 292.70222 653.76343 51081.933 -67864.8 5767.79 -73632.6 237.37507
8.41 284.05482 167.29372 51316.138 -68098.8 5597.39 -73696.2 238.33745
8.42 290.63962 -303.45573 51481.423 -67866.2 5727.14 -73593.3 238.00126
8.43 280.42397 352.17446 51154.726 -68208.2 5525.84 -73734.1 237.35071
8.44 286.68627 -317.82505 51533.605 -68026.4 5649.24 -73675.7 238.13277
8.45 280.25525 -4.0982419 51282.779 -68002.9 5522.51 -73525.4 237.49614
8.46 299.67292 63.107262 51338.336 -67633.3 5905.14 -73538.5 237.83852
8.47 286.90127 97.038011 51260.604 -67960.7 5653.48 -73614.2 237.93055
8.48 288.33883 -461.07892 51568.321 -67894.1 5681.8 -73575.9 238.61805
8.49 281.10566 -1.9813179 51349.044 -68293 5539.27 -73832.3 237.624
8.5 286.98671 -675.02467 51727.54 -67880.9 5655.16 -73536.1 239.19473
8.51 278.20772 401.00931 51259.448 -68137.9 5482.17 -73620.1 237.70335
8.52 280.46517 66.542894 51318.123 -68047.6 5526.65 -73574.3 237.7797
8.53 294.17576 219.23841 51241.96 -67947.8 5796.82 -73744.6 237.0066
8.54 291.14405 49.778584 51389.153 -67899.4 5737.08 -73636.5 238.66629
8.55 283.56525 -59.354948 51350.002 -68015.5 5587.74 -73603.2 238.39988
8.56 285.24441 588.56569 51087.267 -68038.2 5620.83 -73659 237.23866
8.57 281.38884 -188.41662 51473.149 -67816.9 5544.85 -73361.8 238.79742
8.58 290.53051 416.7155 51265.233 -67653.1 5724.99 -73378.1 237.88101
8.59 283.52566 266.31189 51390.964 -68108.9 5586.96 -73695.8 238.81675
8.6 289.65625 -775.69829 51901.98 -68002.6 5707.76 -73710.4 239.84881
8.61 293.86572 -334.1891 51582.694 -67590 5790.71 -73380.7 239.86126
8.62 279.06049 -209.86342 51401.275 -68132.2 5498.97 -73631.1 238.74154
8.63 284.48484 201.15027 51381.915 -67909.5 5605.86 -73515.4 238.6827
8.64 281.23578 324.9298 51154.338 -68214.2 5541.84 -73756 237.9619
8.65 285.32793 -75.480064 51377.335 -67920.9 5622.47 -73543.4 238.72557
8.66 292.19954 -63.861474 51412.952 -67800.9 5757.88 -73558.8 238.59328
8.67 291.14285 158.95404 51303.025 -67771.4 5737.06 -73508.4 238.3173
8.68 276.57811 -144.97264 51395.204 -68306 5450.05 -73756 238.929
8.69 283.09677 -317.01872 51543.652 -67807.8 5578.51 -73386.4 238.97402
8.7 280.87539 90.169195 51382.002 -68224.2 5534.73 -73759 238.6799
8.71 289.04785 -88.520499 51453.095 -67716.8 5695.77 -73412.5 238.90578
8.72 288.9047 -406.32275 51618.231 -67988.8 5692.95 -73681.8 238.91725
8.73 286.16469 -280.12744 51551.351 -68054.2 5638.96 -73693.2 239.11582
8.74 292.54137 -55.481963 51477.348 -67580 5764.62 -73344.7 238.92874
8.75 291.68237 -496.22658 51600.568 -67966.5 5747.69 -73714.2 239.44657
8.76 297.13112 451.03807 51153.492 -67330 5855.06 -73185.1 238.224
8.77 292.46866 -431.84214 51452.413 -67963.4 5763.18 -73726.6 239.11375
8.78 293.98144 -317.19707 51434.013 -67661.7 5792.99 -73454.7 238.5924
8.79 287.94684 -2.1818285 51339.252 -67989.1 5674.08 -73663.2 238.72534
8.8 290.32762 -73.161748 51471.25 -67897.2 5720.99 -73618.2 239.11009
8.81 282.71214 -81.833758 51495.364 -68158.5 5570.93 -73729.4 239.65606
8.82 286.96692 347.23595 51356.351 -67856.3 5654.77 -73511 239.11585
8.83 297.79068 488.49886 51148.158 -67646.3 5868.05 -73514.4 238.44638
8.84 284.82993 -51.951676 51359.39 -67968.6 5612.66 -73581.2 239.05043
8.85 293.3555 369.74968 51332.416 -67772.4 5780.66 -73553.1 239.0447
8.86 278.88074 -29.205049 51525.341 -68051.9 5495.43 -73547.3 239.85228
8.87 291.22974 694.31279 51143.231 -67743.6 5738.77 -73482.3 238.67858
8.88 284.59369 -42.603934 51553.6 -68121.5 5608 -73729.5 239.8296
8.89 282.69564 -183.76464 51418.968 -68026 5570.6 -73596.6 239.29899
8.9 279.40981 43.78518 51377.031 -68047.1 5505.85 -73553 238.5233
8.91 277.75576 78.471901 51286.045 -68187.1 5473.26 -73660.4 238.95491
8.92 289.14612 312.88113 51185.03 -67868.1 5697.71 -73565.9 238.4482
8.93 276.3887 -228.19907 51446.135 -68342.1 5446.32 -73788.4 238.83134
8.94 278.20786 -118.2306 51361.195 -68086.3 5482.17 -73568.5 238.52992
8.95 284.4326 -556.39613 51623.401 -67980.4 5604.83 -73585.2 240.11413
8.96 301.44393 -203.57535 51449.943 -67642.5 5940.04 -73582.5 238.98759
8.97 285.76812 51.881104 51241.925 -68005 5631.15 -73636.1 238.68564
8.98 294.13606 210.95662 51299.833 -67756.4 5796.04 -73552.5 239.31033
8.99 280.33047 8.9689413 51355.23 -67972.8 5524 -73496.8 239.31226
9 283.56006 -313.88636 51475.742 -68108.9 5587.64 -73696.5 239.29163
9.01 283.53314 -266.24419 51569.837 -67865.4 5587.11 -73452.5 239.24483
9.02 279.26278 100.77258 51410.662 -68248.7 5502.96 -73751.7 239.82371
9.03 287.12219 -79.683773 51433.246 -67795.5 5657.83 -73453.3 239.5354
9.04 294.00306 -119.00905 51330.203 -67667.4 5793.42 -73460.9 238.72069
9.05 294.30962 402.42332 51135.736 -67869.4 5799.46 -73668.8 238.29102
9.06 288.07923 183.114 51362.428 -67934.9 5676.69 -73611.6 239.01193
9.07 295.99182 -158.18716 51385.997 -67690.9 5832.61 -73523.5 238.76791
9.08 287.78692 -157.46748 51430.203 -68153.3 5670.93 -73824.2 238.99233
9.09 291.94612 -20.640811 51328.212 -67837.1 5752.89 -73590 238.67551
9.1 288.15251 272.82823 51258.66 -68300.1 5678.13 -73978.3 238.35108
9.11 297.01281 245.30854 51193.326 -67966.3 5852.73 -73819.1 237.86502
9.12 287.67072 -1068.9066 51832.944 -68099.7 5668.64 -73768.3 240.24738
9.13 288.62355 -48.398108 51349.019 -67803.4 5687.41 -73490.8 238.84873
9.14 287.1232 9.0829831 51305.991 -67795.4 5657.85 -73453.2 238.45046
9.15 288.63446 5.9692543 51339.239 -67999.9 5687.63 -73687.5 238.41637
9.16 277.60235 8.1085509 51237.866 -68040.9 5470.24 -73511.1 238.01721
9.17 293.19314 -165.58232 51431.216 -67603.7 5777.46 -73381.1 238.9663
9.18 280.22753 -118.74176 51287.267 -67988.9 5521.97 -73510.8 238.43446
9.19 292.48115 35.748639 51301.657 -67730.4 5763.43 -73493.9 238.78822
9.2 287.52585 -428.80004 51520.928 -68079.8 5665.78 -73745.5 239.22052
9.21 300.17355 -391.27851 51492.541 -67644.5 5915.01 -73559.5 239.05332
9.22 295.59137 -293.21348 51525.916 -67856.1 5824.72 -73680.8 239.62852
9.23 290.59957 -216.10732 51311.111 -67857.6 5726.35 -73584 238.41288
9.24 281.95791 30.112567 51317.086 -68029 5556.07 -73585 238.39106
9.25 298.92663 148.84566 51227.481 -67573.8 5890.44 -73464.3 237.98633
9.26 283.76018 68.174816 51276.512 -68013.2 5591.58 -73604.8 238.65617
9.27 292.11259 298.3795 51197.299 -67831.1 5756.17 -73587.2 238.01611
9.28 280.37834 126.27316 51224.57 -68256.2 5524.94 -73781.1 238.35838
9.29 295.65563 320.42712 51191.681 -67778.7 5825.98 -73604.7 238.45893
9.3 277.31917 -28.959133 51202.897 -68054.5 5464.66 -73519.2 237.86017
9.31 294.29689 577.03063 50981.311 -67597.5 5799.21 -73396.7 237.546
9.32 288.85024 -470.67517 51391.369 -67958.8 5691.88 -73650.7 238.68128
9.33 283.21178 -177.72323 51335.992 -67821.2 5580.77 -73401.9 238.59489
9.34 290.17564 -5.337234 51233.769 -67576.2 5718 -73294.2 238.59471
9.35 290.18302 -363.9458 51422.685 -67882.2 5718.14 -73600.4 238.45723
9.36 279.3517 -134.43068 51417.114 -68030.3 5504.71 -73535 238.88744
9.37 285.99175 -36.058271 51233.649 -67744.6 5635.55 -73380.2 237.99449
9.38 289.04622 -183.24854 51346.333 -68006.9 5695.74 -73702.6 238.35278
9.39 291.3864 -373.777 51346.743 -67783 5741.86 -73524.8 238.42657
9.4 283.88441 230.63863 51191.517 -67866.2 5594.03 -73460.3 238.13615
9.41 290.24881 -138.48518 51292.899 -67726.6 5719.44 -73446 237.87129
9.42 274.78393 -347.26282 51440.172 -68382 5414.7 -73796.7 238.50614
9.43 292.82716 15.103337 51352.591 -67791.1 5770.25 -73561.4 238.33433
9.44 279.07245 285.46671 51078.297 -68238.4 5499.21 -73737.6 237.69678
9.45 290.71819 -506.05313 51487.997 -67932 5728.69 -73660.7 238.3203
9.46 284.92679 105.94346 51278.397 -68085.5 5614.57 -73700 237.74622
9.47 282.44032 -885.41891 51745.741 -67859.7 5565.57 -73425.2 239.49248
9.48 287.94244 264.14044 51078.868 -68102.1 5673.99 -73776.1 237.1305
9.49 291.01828 99.226204 51239.799 -67875 5734.6 -73609.6 237.65824
9.5 284.20063 -175.62162 51372.18 -67869.6 5600.26 -73469.9 238.06511
9.51 284.07753 -171.13349 51361.16 -68199.8 5597.83 -73797.6 238.08758
9.52 288.87582 -58.856139 51244.329 -67773.8 5692.38 -73466.2 237.98327
9.53 283.01195 -12.800245 51182.934 -67940.6 5576.84 -73517.4 237.65242
9.54 281.81538 -175.88454 51443.796 -67945.3 5553.26 -73498.5 238.96156
9.55 291.38364 485.49003 51039.142 -67620.2 5741.8 -73362 237.5716
9.56 288.59147 -108.34166 51392.876 -67966.8 5686.78 -73653.6 238.46256
9.57 289.75409 -110.55731 51358.862 -67910 5709.69 -73619.7 238.10497
9.58 290.47744 -29.751723 51403.452 -67876.6 5723.95 -73600.6 238.16861
9.59 296.73171 253.7237 51282.297 -67900.5 5847.19 -73747.7 238.31919
9.6 279.11698 -181.59526 51351.508 -68186.3 5500.08 -73686.3 238.48201
9.61 288.11051 532.44877 51107.196 -67792.9 5677.3 -73470.2 237.71984
9.62 281.44939 196.56792 51237.084 -68031.5 5546.04 -73577.5 238.30203
9.63 290.66246 637.58393 51013.39 -67835.7 5727.59 -73563.3 237.14096
9.64 283.88586 305.56033 51189.91 -68045.9 5594.06 -73640 237.80575
9.65 287.12348 -539.37762 51611.717 -68048.7 5657.85 -73706.5 238.82066
9.66 281.37748 30.655265 51349.646 -68140.5 5544.63 -73685.1 237.95611
9.67 284.27948 -199.97824 51448.557 -67836.8 5601.81 -73438.7 238.60792
9.68 288.48619 17.488402 51401.646 -68034.2 5684.71 -73718.9 238.22645
9.69 300.57527 157.96125 51376.88 -67382.7 5922.93 -73305.6 238.55132
9.7 286.63883 252.1768 51245.737 -68050.8 5648.3 -73699.1 237.76732
9.71 291.67715 160.20169 51295.198 -67774 5747.59 -73521.6 238.01706
9.72 280.43019 61.546152 51354.603 -68080 5525.96 -73606 238.41133
9.73 284.80289 528.83127 51140.139 -67791.1 5612.13 -73403.3 238.62183
9.74 286.1977 -120.07395 51408.424 -67919.6 5639.61 -73559.3 238.47211
9.75 289.82589 98.936707 51245.85 -67980.7 5711.11 -73691.8 237.89725
9.76 274.87704 -58.703801 51312.526 -68169.6 5416.53 -73586.1 238.39483
9.77 290.01143 163.90184 51187.351 -67837.2 5714.76 -73552 238.20976
9.78 276.78861 67.730482 51327.55 -68403.8 5454.2 -73858 237.81088
9.79 290.06548 -67.127868 51368.35 -67933.1 5715.83 -73648.9 238.43353
9.8 281.54435 -54.948554 51385.146 -67964.2 5547.92 -73512.2 238.49316
9.81 282.38526 -170.37795 51357.271 -68089.9 5564.49 -73654.4 237.83096
9.82 283.1945 78.37368 51349.05 -67934.4 5580.43 -73514.8 238.29297
9.83 296.4077 -248.25648 51518.052 -67536.7 5840.8 -73377.5 238.40711
9.84 286.49135 295.4452 51148.085 -67942.4 5645.4 -73587.8 237.44496
9.85 285.38288 -365.12029 51506.906 -68003.7 5623.56 -73627.2 239.05191
9.86 282.84382 -91.736475 51316.525 -68089.4 5573.52 -73663 237.97005
9.87 293.88288 142.32395 51363.933 -67841.8 5791.05 -73632.8 238.63673
9.88 281.2546 -146.33417 51333.904 -68235 5542.21 -73777.3 237.8458
9.89 289.17145 -343.27455 51479.422 -67961 5698.21 -73659.3 238.21925
9.9 281.94185 -255.09767 51489.901 -67926.2 5555.75 -73482 238.63391
9.91 298.65918 710.62821 51135.313 -67629.7 5885.17 -73514.9 237.6412
9.92 289.63477 61.585187 51455.648 -68102.9 5707.34 -73810.3 238.5758
9.93 296.27829 572.56789 51192.49 -67847.6 5838.25 -73685.9 237.61622
9.94 288.53445 263.73045 51251.165 -68104.6 5685.66 -73790.2 237.85459
9.95 286.47653 108.04519 51268.224 -67950.9 5645.11 -73596 237.79148
9.96 284.3482 -146.67452 51439.88 -68241.4 5603.17 -73844.6 238.05443
9.97 279.71925 -18.638809 51373.483 -67947.6 5511.95 -73459.6 238.52088
9.98 283.0671 -291.39467 51621.11 -68048.3 5577.92 -73626.2 239.15699
