0 290.39626 107.32368 49536.952 -62656.6 5722.35 -68378.9 9.3938851
0.01 294.75386 247.14928 49390.211 -62298.9 5808.21 -68107.1 20.417274
0.02 286.5909 -754.94097 49754.726 -62640.2 5647.36 -68287.6 29.835874
0.03 288.62586 -372.92358 49352.227 -62466.6 5687.46 -68154 40.260284
0.04 293.41048 441.1498 49188.225 -62778.2 5781.74 -68559.9 52.376006
0.05 301.67506 18.277715 49402.473 -62537 5944.6 -68481.6 60.697971
0.06 290.99422 352.27942 49530.645 -62640.2 5734.13 -68374.3 70.969761
0.07 293.01537 598.60387 49023.715 -62418.5 5773.96 -68192.5 79.084472
0.08 293.00786 350.86333 49572.926 -62404.9 5773.81 -68178.7 88.659231
0.09 295.03993 -412.25977 49782.346 -62402.7 5813.85 -68216.5 96.199718
0.1 287.90281 -522.91964 49630.257 -62788.3 5673.21 -68461.5 104.74811
0.11 280.69442 111.02107 49859.045 -63061.3 5531.17 -68592.5 113.70418
0.12 285.87005 -373.16543 49422.012 -62592.5 5633.16 -68225.7 119.39798
0.13 288.68537 -56.635522 49195.193 -62410 5688.63 -68098.7 127.02656
0.14 287.69208 -23.854879 49427.724 -62455.8 5669.06 -68124.8 136.35194
0.15 293.70748 -129.35344 49317.851 -62107.2 5787.59 -67894.8 147.35126
0.16 297.47587 -769.28336 49321.644 -62333.4 5861.85 -68195.3 158.37482
0.17 292.80078 519.11837 48831.206 -62303 5769.73 -68072.7 163.58687
0.18 289.66096 304.35138 49597.012 -62257.1 5707.86 -67965 174.02568
0.19 288.73172 84.267893 49485.914 -62694.2 5689.55 -68383.7 183.22513
0.2 282.23206 -557.82738 49339.546 -62634.2 5561.47 -68195.6 194.11315
0.21 290.64773 -606.85111 49605.562 -63061.1 5727.3 -68788.4 202.25717
0.22 284.75453 -18.312662 49099.931 -62978.6 5611.17 -68589.8 204.41721
0.23 292.62731 -735.90159 49502.182 -62696.1 5766.31 -68462.4 214.51773
0.24 289.12169 -386.3952 49745.673 -62744.2 5697.23 -68441.4 222.09754
0.25 294.47706 330.25658 49622.067 -62866.9 5802.76 -68669.7 232.70617
0.26 301.52104 70.175961 49686.192 -62992.5 5941.56 -68934.1 240.2701
0.27 280.19435 -131.63139 49547.925 -62721 5521.31 -68242.3 246.88041
0.28 284.40384 269.37284 49488.914 -62744.1 5604.26 -68348.4 255.17154
0.29 297.95695 -40.400764 49216.817 -62884.9 5871.33 -68756.2 260.86578
0.3 286.61163 122.00243 49419.277 -62929.9 5647.77 -68577.7 271.39594
0.31 289.60726 892.27666 49207.839 -62700 5706.8 -68406.8 273.5795
0.32 301.70388 -53.399601 49738.299 -63016.3 5945.17 -68961.5 282.94141
0.33 289.70758 -472.8392 49725.791 -63238.9 5708.78 -68947.7 289.24103
0.34 286.74615 -58.449914 49575.91 -63461.2 5650.42 -69111.7 290.6835
0.35 298.35113 261.77865 49465.194 -62798.2 5879.1 -68677.3 294.55857
0.36 294.88061 -109.63667 49627.858 -63298.9 5810.71 -69109.6 302.58451
0.37 291.0424 317.84726 49284.027 -63274.5 5735.08 -69009.6 306.58908
0.38 293.3278 -274.07558 49695.071 -63174.4 5780.11 -68954.6 315.16389
0.39 283.93149 -207.57727 50041.386 -63498.4 5594.96 -69093.4 325.49044
0.4 289.43455 -415.04141 49689.533 -63608.2 5703.39 -69311.6 334.09466
0.41 299.20667 -112.00596 49974.262 -63493 5895.96 -69388.9 339.53851
0.42 295.15113 620.37987 49662.329 -63395.9 5816.04 -69211.9 340.96472
0.43 277.41564 -297.58341 50033.785 -63992.6 5466.56 -69459.1 348.57552
0.44 289.37409 552.2795 49511.825 -63742.9 5702.2 -69445.1 351.70454
0.45 297.67881 106.90799 49898.204 -63806.2 5865.85 -69672.1 355.55069
0.46 289.21894 232.91562 49967.633 -64130.7 5699.15 -69829.9 361.20344
0.47 283.54234 130.55406 50156.027 -64729.6 5587.29 -70316.9 363.49915
0.48 292.3431 393.25249 50122.366 -64281.8 5760.71 -70042.5 370.39324
0.49 281.5183 -502.70903 50399.772 -64496.5 5547.4 -70043.9 375.22273
0.5 279.20883 393.91922 49649.717 -64836.4 5501.89 -70338.2 376.88611
0.51 297.36992 109.8633 49932.202 -64495.4 5859.76 -70355.1 381.59367
0.52 303.51355 363.27243 49805.987 -64123.8 5980.83 -70104.6 388.7764
0.53 290.67066 -75.403071 50441.786 -64683.6 5727.75 -70411.4 395.88462
0.54 284.00245 158.27911 50102.326 -64752.3 5596.35 -70348.6 399.10341
0.55 290.22483 -121.48625 50424.684 -64591 5718.97 -70310 402.21799
0.56 289.03331 83.529439 50561.426 -64991.3 5695.49 -70686.8 405.20154
0.57 284.31821 476.00438 50120.426 -65313.1 5602.58 -70915.7 406.75979
0.58 294.98364 -92.605694 50450.795 -65122.4 5812.74 -70935.1 412.3198
0.59 288.5973 -235.81311 50382.624 -65316 5686.9 -71002.9 412.84613
0.6 284.0104 -302.65659 50613.629 -65685.7 5596.51 -71282.2 417.34369
0.61 292.01591 -86.874519 50498.955 -65200 5754.26 -70954.3 415.13155
0.62 292.43715 -195.44847 50405.42 -65256.4 5762.56 -71018.9 414.5172
0.63 291.95795 -0.77139736 50422.536 -64974.2 5753.12 -70727.3 419.78146
0.64 294.71702 196.81647 50231.262 -65387.2 5807.49 -71194.6 421.87817
0.65 288.84892 613.53094 50089.423 -65569.7 5691.86 -71261.5 425.31887
0.66 293.63477 370.98172 50078.509 -65284.9 5786.16 -71071.1 426.62881
0.67 278.54944 -11.60993 50406.59 -65681 5488.9 -71169.9 430.13582
0.68 297.87222 -743.53738 50734.517 -65092.7 5869.66 -70962.4 432.92327
0.69 287.00256 294.12599 50208.015 -65646.8 5655.47 -71302.3 430.98842
0.7 296.98734 -520.38384 50573.371 -65285.2 5852.22 -71137.5 433.6793
0.71 288.47648 685.90249 50100.826 -65820.5 5684.52 -71505 431.14451
0.72 296.62191 122.91102 50472.832 -65719 5845.02 -71564.1 435.66134
0.73 300.40029 209.20848 50363.585 -65118.6 5919.48 -71038.1 435.10385
0.74 290.11435 65.906957 50351.344 -65421.5 5716.79 -71138.3 436.78334
0.75 297.85234 15.163524 50358.613 -65106.7 5869.27 -70976 438.9137
0.76 291.61234 -200.497 50528.745 -65418 5746.31 -71164.3 440.00865
0.77 287.99222 -4.91721 50411.432 -65537.3 5674.97 -71212.2 438.86404
0.78 301.75513 -269.08647 50647.189 -65326.6 5946.18 -71272.7 442.55514
0.79 301.23794 -864.86994 50906.445 -65460.6 5935.98 -71396.6 445.96414
0.8 284.13187 -157.65941 50493.608 -65916.1 5598.9 -71515 444.31481
0.81 278.68559 -358.51716 50723.887 -65972.4 5491.58 -71463.9 448.2401
0.82 286.88132 -394.89986 50963.37 -66299 5653.08 -71952.1 451.36285
0.83 289.7742 -33.885799 50820.911 -66627.7 5710.09 -72337.8 451.57834
0.84 297.53582 -233.68148 51008.429 -66661.4 5863.03 -72524.5 454.02703
0.85 290.84092 -188.25936 51008.25 -67427.1 5731.11 -73158.2 453.53333
0.86 287.44303 224.64941 50852.957 -67626.7 5664.15 -73290.8 453.19961
0.87 292.16448 -3.0148607 51061.11 -67251.5 5757.19 -73008.7 454.58272
0.88 288.19073 85.593517 50935.925 -67530 5678.89 -73208.9 453.10178
0.89 290.70079 -318.8645 51120.391 -67144.8 5728.35 -72873.1 454.97368
0.9 290.47176 -266.57484 51202.564 -67698.4 5723.83 -73422.2 455.25333
0.91 291.65776 201.15229 51069.102 -67732.9 5747.2 -73480.1 454.30041
0.92 307.23341 -296.09664 51335.414 -67159 6054.13 -73213.1 455.39398
0.93 296.6906 -142.03795 51216.754 -67534.8 5846.38 -73381.2 455.08552
0.94 291.27426 -194.40265 51205.545 -67636.4 5739.65 -73376.1 454.98453
0.95 291.35082 273.89802 50986.034 -67741.9 5741.16 -73483 454.05256
0.96 300.22779 351.56721 51002.041 -67145.1 5916.08 -73061.2 454.2332
0.97 289.59719 270.03052 50963.808 -67657.9 5706.6 -73364.5 454.09677
0.98 297.03383 341.01078 51066.287 -67379.6 5853.14 -73232.7 454.90683
0.99 280.38143 290.32454 50963.747 -67597.3 5525 -73122.3 454.17768
1 285.71185 -82.788151 51304.463 -67847.2 5630.04 -73477.3 456.50464
1.01 294.68969 -221.25642 51242.911 -67487.9 5806.95 -73294.8 456.40958
1.02 291.65385 -380.67304 51505.958 -67577.1 5747.13 -73324.2 457.69392
1.03 289.466 220.04271 51191.801 -67676.3 5704.01 -73380.3 455.28573
1.04 283.18972 58.703925 51127.644 -67373.3 5580.34 -72953.7 455.21496
1.05 289.45151 -191.88169 51288.916 -67842.6 5703.73 -73546.3 455.69589
1.06 291.94059 -441.07563 51517.85 -67577.7 5752.78 -73330.5 456.9531
1.07 283.57866 -174.4497 51248.663 -67572.9 5588 -73160.9 455.4534
1.08 297.30393 -196.05169 51214.661 -67392.9 5858.46 -73251.4 454.94164
1.09 294.27239 351.63627 51051.912 -67646.7 5798.73 -73445.4 454.78768
1.1 290.93768 43.146286 51240.253 -67697.7 5733.01 -73430.8 455.90116
1.11 294.21916 -605.8015 51540.945 -67341.3 5797.68 -73139 457.51599
1.12 292.89896 448.41709 51037.558 -67750.5 5771.66 -73522.2 454.73235
1.13 295.13056 342.46819 51168.237 -67497.1 5815.64 -73312.7 455.75218
1.14 304.20442 71.205413 51192.716 -67331.4 5994.44 -73325.9 456.26319
1.15 281.86495 -107.10921 51240.429 -67736.4 5554.23 -73290.6 456.21285
1.16 295.60687 302.45655 51123.269 -67612.6 5825.02 -73437.6 455.79111
1.17 282.884 -50.235973 51371.084 -68038.5 5574.31 -73612.8 457.71927
1.18 288.05894 286.18281 51169.496 -67537.6 5676.29 -73213.9 456.32158
1.19 295.51276 -182.80664 51393.093 -67414.1 5823.17 -73237.3 457.21693
1.2 284.1158 -143.4837 51338.402 -67844.8 5598.59 -73443.4 457.43865
1.21 311.99035 237.99817 51283.662 -67265.2 6147.86 -73413 456.98582
1.22 294.86977 284.54778 51111.053 -67742.4 5810.5 -73552.9 455.54639
1.23 286.54862 -163.98667 51341.899 -67549.5 5646.53 -73196 456.90187
1.24 289.90991 -131.104 51338.969 -67848.7 5712.76 -73561.4 456.85184
1.25 290.26427 723.80709 50918.279 -67613.4 5719.74 -73333.1 454.20279
1.26 278.11284 -20.733908 51209.537 -67826.1 5480.3 -73306.4 456.19968
1.27 290.83775 -67.997234 51272.384 -67607.1 5731.05 -73338.1 455.74038
1.28 291.8894 160.3264 51312.687 -67632.3 5751.77 -73384 457.01043
1.29 289.00289 114.66391 51244.416 -67554.6 5694.89 -73249.5 455.63509
1.3 285.50387 96.784525 51304.822 -67793.6 5625.94 -73419.6 456.14055
1.31 302.50205 174.31524 51156.563 -67550.3 5960.89 -73511.2 455.68411
1.32 286.70745 -15.009437 51321.999 -67887.7 5649.66 -73537.4 456.04468
1.33 292.30121 -208.37728 51315.279 -67423.8 5759.88 -73183.7 455.96385
1.34 286.7492 -122.87118 51289.652 -67867.1 5650.48 -73517.6 455.81825
1.35 305.31512 395.44415 51075.348 -67485.4 6016.33 -73501.7 454.70174
1.36 290.66592 27.399592 51253.662 -67692.5 5727.66 -73420.2 456.37255
1.37 294.76369 -109.82107 51383.482 -67592.9 5808.41 -73401.3 457.14962
1.38 283.16518 194.15335 51214.552 -67576.1 5579.85 -73156 456.1224
1.39 293.8738 -258.67141 51544.61 -67820.7 5790.87 -73611.5 458.6139
1.4 282.31385 -818.09649 51641.404 -67549.4 5563.08 -73112.5 458.92866
1.41 291.9924 -411.17432 51389.974 -67735.7 5753.8 -73489.5 457.4219
1.42 292.58804 132.82388 51053.161 -67748.1 5765.54 -73513.6 455.75511
1.43 301.79887 145.95926 51281.456 -67319.3 5947.04 -73266.4 457.34879
1.44 295.55677 339.98422 51251.425 -67569.7 5824.04 -73393.7 457.3005
1.45 287.99506 390.5453 51077.231 -68036 5675.03 -73711 456.01214
1.46 301.02292 -299.29797 51438.395 -67502.8 5931.75 -73434.5 457.80673
1.47 306.6853 -119.49417 51406.812 -67272.7 6043.33 -73316 458.35401
1.48 292.03347 446.62252 51104.046 -67729.1 5754.61 -73483.7 456.29887
1.49 291.51338 -52.537608 51314.841 -67487.4 5744.36 -73231.8 457.5991
1.5 291.99309 -139.50277 51417.151 -67682 5753.81 -73435.8 458.40989
1.51 301.90407 419.89284 51048.513 -67465.4 5949.11 -73414.5 455.879
1.52 289.13686 -24.071818 51292.123 -67524.5 5697.53 -73222 457.31293
1.53 291.07952 362.98321 51042.935 -67636.5 5735.81 -73372.3 455.8868
1.54 294.67544 -56.859033 51355.358 -67427.4 5806.67 -73234.1 457.72718
1.55 284.76716 185.28794 51207.284 -67777.7 5611.42 -73389.1 455.9716
1.56 301.01668 -55.897155 51211.31 -67494.1 5931.62 -73425.7 457.02036
1.57 294.13081 129.70872 51223.983 -67468.3 5795.94 -73264.2 457.25229
1.58 282.3671 -431.6953 51524.62 -67664.7 5564.13 -73228.8 458.28675
1.59 301.9902 -536.10202 51550.209 -67601 5950.81 -73551.8 458.82595
1.6 289.10073 -137.51484 51304.651 -67678.2 5696.82 -73375 457.67414
1.61 291.36351 -544.30705 51505.87 -67456.3 5741.41 -73197.7 458.74332
1.62 276.20694 -259.68769 51402.507 -68007.9 5442.74 -73450.7 458.41026
1.63 294.16115 978.8202 50824.889 -67464.7 5796.53 -73261.2 455.49403
1.64 283.56228 157.23207 51107.908 -67897.1 5587.68 -73484.8 456.39612
1.65 289.37403 445.06785 51148.923 -67458.7 5702.2 -73161 456.95786
1.66 292.04884 -435.89515 51437.636 -67720.7 5754.91 -73475.7 458.71934
1.67 300.49997 -384.781 51574.527 -67455.1 5921.44 -73376.6 458.54486
1.68 288.11105 -288.57195 51374.887 -67824.4 5677.31 -73501.7 458.2898
1.69 290.96279 407.31073 51147.126 -67747.5 5733.51 -73481 456.43023
1.7 287.59522 -53.029315 51421.76 -67654.6 5667.15 -73321.7 458.55949
1.71 282.73942 336.6825 51183.191 -67826 5571.47 -73397.4 456.02501
1.72 298.62658 26.010901 51342.611 -67529.1 5884.53 -73413.7 457.44786
1.73 298.05147 343.63175 51107.41 -67725.3 5873.19 -73598.5 456.21957
1.74 284.77156 268.43962 51249.14 -67714.2 5611.51 -73325.7 457.10706
1.75 286.28055 203.97392 51247.552 -67860.6 5641.24 -73501.9 457.54365
1.76 295.71632 26.938578 51377.616 -67491.3 5827.18 -73318.5 457.60991
1.77 288.98443 -243.77679 51424.764 -67784.5 5694.53 -73479 458.28501
1.78 287.6003 -144.1274 51361.238 -67780.7 5667.25 -73447.9 457.28072
1.79 297.25096 -42.444622 51404.093 -67526.7 5857.42 -73384.1 458.19526
1.8 288.13413 89.452487 51336.416 -67837.6 5677.77 -73515.4 457.15744
1.81 289.99421 -59.300727 51372.629 -67771.7 5714.42 -73486.1 457.7577
1.82 275.15309 77.616617 51359.454 -67925.7 5421.97 -73347.6 458.03639
1.83 288.19942 -62.448238 51351.322 -67870.1 5679.06 -73549.1 457.15218
1.84 296.82457 171.25181 51246.221 -67721.4 5849.02 -73570.4 456.62291
1.85 293.4232 -178.53462 51478.143 -67921.5 5781.99 -73703.5 458.7125
1.86 300.92828 106.68506 51366.022 -67360.9 5929.88 -73290.8 457.9919
1.87 289.98162 80.674986 51353.624 -67820.4 5714.17 -73534.5 458.13864
1.88 286.96329 -232.99727 51457.232 -67678 5654.7 -73332.7 458.98879
1.89 295.07115 -76.325318 51351.551 -67702 5814.47 -73516.4 457.82175
1.9 286.64342 -120.31529 51450.638 -68075.9 5648.39 -73724.3 459.01722
1.91 290.19692 -229.14259 51566.09 -67566.3 5718.42 -73284.7 459.74493
1.92 286.99353 168.16107 51317.209 -67609.8 5655.29 -73265.1 457.54288
1.93 291.67347 257.4115 51247.028 -67916.5 5747.51 -73664 456.97626
1.94 295.03957 78.706205 51312.336 -67593.7 5813.84 -73407.5 457.28962
1.95 292.18634 -67.472587 51240.463 -67899.5 5757.62 -73657.1 457.36554
1.96 300.87011 370.39082 51170.092 -67808.2 5928.74 -73736.9 457.22201
1.97 291.48981 373.25787 51125.591 -67452.5 5743.89 -73196.4 456.39749
1.98 288.29109 -9.7380543 51450.647 -67761.9 5680.86 -73442.8 457.97751
1.99 294.48527 -679.76004 51718.752 -67586.6 5802.92 -73389.5 460.49644
2 288.38841 473.79332 51251.976 -67826.7 5682.78 -73509.5 458.07455
2.01 303.56929 23.433837 51277.117 -67422.6 5981.92 -73404.6 457.83766
2.02 284.76737 494.85943 51122.073 -67867.2 5611.43 -73478.6 456.82885
2.03 297.27809 -278.09743 51574.568 -67748.1 5857.95 -73606.1 459.98931
2.04 287.39753 314.29475 51256.109 -67920.9 5663.25 -73584.1 457.79201
2.05 292.36001 407.44062 51204.995 -67425.8 5761.04 -73186.9 457.40637
2.06 296.36129 -177.78512 51517.742 -67773.9 5839.89 -73613.8 459.73718
2.07 271.63564 -60.055901 51436.414 -68254.3 5352.66 -73607 459.19939
2.08 295.66512 215.6125 51409.893 -67722.5 5826.17 -73548.6 459.24098
2.09 286.21052 92.431919 51456.342 -68101.6 5639.86 -73741.5 459.28184
2.1 287.44697 -89.663022 51485.117 -67878.1 5664.23 -73542.4 459.09063
2.11 291.81026 126.3124 51300.746 -67446.9 5750.21 -73197.1 458.86539
2.12 288.34611 509.32281 51162.516 -67799.9 5681.95 -73481.9 457.92269
2.13 296.51821 -407.03704 51569.016 -67469 5842.98 -73312 460.09467
2.14 290.29818 -246.52502 51420.81 -67774.8 5720.41 -73495.2 459.55141
2.15 291.38955 67.441601 51388.027 -67884.2 5741.92 -73626.1 459.6012
2.16 281.32511 -321.8529 51570.993 -68076.7 5543.6 -73620.2 460.35909
2.17 293.0367 -179.60844 51553.947 -67796.4 5774.38 -73570.8 460.58406
2.18 306.53035 523.25784 51192.754 -67502 6040.27 -73542.3 457.83443
2.19 287.65254 106.2791 51373.569 -67891 5668.28 -73559.3 459.26825
2.2 302.82138 768.11104 51114.668 -67428.9 5967.19 -73396.1 457.79553
2.21 281.76973 128.29169 51336.435 -67944.9 5552.36 -73497.3 458.53153
2.22 290.35897 -180.39297 51484.959 -67820.9 5721.61 -73542.5 459.3394
2.23 300.2294 -50.610399 51430.904 -67737.8 5916.11 -73653.9 458.78897
2.24 294.11773 -288.6113 51530.683 -67996.2 5795.68 -73791.9 459.87834
2.25 288.88047 -296.88127 51542.174 -67645.8 5692.48 -73338.2 459.62647
2.26 280.41819 -72.735264 51225.331 -68086.4 5525.72 -73612.1 457.25448
2.27 293.95156 -36.354705 51405.652 -67553.9 5792.4 -73346.3 458.15014
2.28 289.29603 -30.476956 51261.714 -67419.5 5700.67 -73120.1 458.17552
2.29 292.30764 132.28253 51233.976 -67798.1 5760.01 -73558.1 458.46871
2.3 296.09667 71.241003 51367.838 -67461.3 5834.67 -73296 458.89384
2.31 285.94028 141.41687 51307.989 -67901.3 5634.54 -73535.9 457.98465
2.32 275.5781 117.94995 51278.27 -67968.7 5430.35 -73399 458.1134
2.33 300.80752 -494.49212 51597.928 -67789.7 5927.5 -73717.3 459.42346
2.34 287.74954 -383.43191 51555.642 -67944.3 5670.19 -73614.5 459.30637
2.35 303.31215 -437.96675 51590.499 -67546.3 5976.86 -73523.1 459.88443
2.36 285.60181 479.57691 51143.355 -67841.4 5627.87 -73469.3 457.52412
2.37 298.93259 74.129761 51334.423 -67530.1 5890.56 -73420.7 458.7249
2.38 286.78464 -156.90501 51463.732 -67840 5651.18 -73491.2 459.63563
2.39 289.29811 -291.56468 51490.267 -67847.8 5700.71 -73548.5 459.28113
2.4 296.94926 -469.25046 51605.839 -67572 5851.47 -73423.4 460.15401
2.41 286.85126 37.612639 51281.772 -67770.9 5652.49 -73423.4 457.70799
2.42 297.2194 436.68799 51071.883 -67676.3 5856.8 -73533.1 456.59299
2.43 283.33948 338.27817 51306.83 -67850.7 5583.29 -73434 458.02821
2.44 293.52297 146.485 51200.793 -67462.6 5783.96 -73246.5 457.39784
2.45 294.41375 -277.19908 51466.198 -67598.7 5801.51 -73400.2 459.41911
2.46 291.22114 -121.88737 51376.212 -67756.9 5738.6 -73495.5 458.45041
2.47 294.60274 -339.78026 51590.443 -67444.2 5805.24 -73249.4 460.33238
2.48 295.40743 -184.50581 51394.522 -67527.1 5821.09 -73348.2 458.50455
2.49 286.84471 505.2916 51057.462 -67641.9 5652.36 -73294.3 456.53708
2.5 288.88636 -31.906274 51314.157 -67782.8 5692.59 -73475.4 458.19729
2.51 294.11633 42.222409 51256.178 -67735.3 5795.65 -73531 457.53054
2.52 286.38994 -57.704529 51386.976 -67837.9 5643.4 -73481.3 458.26233
2.53 293.97964 -90.673457 51311.587 -67703.7 5792.96 -73496.7 457.85747
2.54 277.89228 -46.880727 51250.938 -67966.3 5475.95 -73442.3 457.67818
2.55 299.12325 303.76678 51262.989 -67641 5894.31 -73535.3 458.23623
2.56 294.72933 -129.04854 51433.502 -67498.9 5807.73 -73306.6 459.06919
2.57 292.48301 697.38777 50951.907 -67752.7 5763.47 -73516.2 455.90145
2.58 287.65915 -112.24843 51337.969 -67589.1 5668.41 -73257.5 458.8455
2.59 284.14635 -510.72663 51500.269 -67894.5 5599.19 -73493.7 459.59387
2.6 284.60146 36.661121 51308.428 -67617.1 5608.16 -73225.3 458.95238
2.61 286.16331 -187.23136 51336.988 -67846.1 5638.93 -73485.1 458.73532
2.62 299.44779 -117.4883 51454.744 -67506 5900.71 -73406.7 459.32394
2.63 292.13473 -220.17793 51393.709 -67710.6 5756.6 -73467.2 459.06812
2.64 295.27352 344.89525 51118.771 -67476.3 5818.45 -73294.7 457.48722
2.65 284.57722 -269.50606 51395.977 -67816.1 5607.68 -73423.8 459.53682
2.66 295.33651 -694.45753 51629.68 -67517.1 5819.69 -73336.8 460.30819
2.67 285.81341 -226.94897 51344.493 -67992.5 5632.04 -73624.6 459.30724
2.68 295.12737 510.6262 51106.159 -67655.3 5815.57 -73470.8 458.6362
2.69 283.18407 -800.0732 51600.312 -67795.5 5580.23 -73375.7 460.59645
2.7 288.91781 -455.27878 51503.614 -67851.4 5693.21 -73544.6 460.65519
2.71 295.02316 -187.49514 51484.183 -67575.9 5813.52 -73389.4 460.8647
2.72 286.37934 392.53859 51177.804 -68034.1 5643.19 -73677.3 459.57649
2.73 295.03651 434.33722 51165.536 -67695.4 5813.78 -73509.1 459.57558
2.74 286.48234 414.50753 51205.705 -67892.6 5645.22 -73537.8 459.40862
2.75 286.55753 426.43579 51159.759 -67931.5 5646.7 -73578.2 459.08482
2.76 278.57334 -373.08241 51490.651 -67843.3 5489.37 -73332.7 460.66659
2.77 283.86277 -157.06464 51534.545 -67919.8 5593.6 -73513.4 461.2263
2.78 302.12207 68.213439 51432.045 -67487.9 5953.41 -73441.3 460.36814
2.79 286.05959 250.91894 51372.095 -67830.3 5636.89 -73467.2 459.96258
2.8 300.96974 162.50119 51373.909 -67664.5 5930.7 -73595.2 460.14241
2.81 278.24086 126.6808 51202.593 -68080 5482.82 -73562.8 459.66504
2.82 284.38466 621.56875 51089.002 -67686.4 5603.89 -73290.2 458.91213
2.83 294.10345 -162.73547 51575.11 -68058 5795.4 -73853.4 461.49286
2.84 287.21798 -180.82546 51420.249 -67751.8 5659.72 -73411.6 459.95391
2.85 289.72853 111.19215 51299.319 -67885.5 5709.19 -73594.7 459.4092
2.86 285.33427 340.72812 51168.318 -67619.7 5622.6 -73242.4 458.64128
2.87 287.44732 -608.61233 51665.523 -67744.2 5664.24 -73408.4 461.5755
2.88 288.69214 153.35361 51300.555 -67726.6 5688.77 -73415.3 459.62503
2.89 289.02787 260.04484 51254.287 -67822.7 5695.38 -73518 459.18155
2.9 284.83509 560.91029 51231.421 -68013.9 5612.76 -73626.7 459.45206
2.91 294.57016 200.12577 51308.942 -67701.4 5804.59 -73506 459.61347
2.92 285.29373 -133.0698 51328.563 -68081.1 5621.8 -73702.9 459.22187
2.93 290.39421 453.44994 51233.236 -67563.3 5722.31 -73285.6 459.38369
2.94 280.27802 -563.10724 51684.237 -68024 5522.96 -73547 462.1891
2.95 291.70829 -143.32425 51429.454 -67739.3 5748.2 -73487.5 459.88804
2.96 292.55042 415.21475 51283.354 -67892.3 5764.79 -73657.1 459.56691
2.97 295.51757 -231.84475 51445.281 -67685.8 5823.26 -73509.1 460.12257
2.98 282.77356 72.393108 51221.709 -67975.7 5572.14 -73547.9 459.2662
2.99 300.85364 -25.97975 51533.746 -67356.8 5928.41 -73285.2 461.46604
3 291.03336 -48.846783 51387.792 -67816.5 5734.9 -73551.4 459.69968
3.01 295.22472 -179.79087 51627.024 -67555.2 5817.49 -73372.7 462.31612
3.02 297.45399 133.92918 51337.936 -67627 5861.42 -73488.4 459.72042
3.03 279.42487 -156.34146 51413.211 -68028.7 5506.15 -73534.8 460.1862
3.04 292.32154 542.35887 51127.917 -67687.7 5760.28 -73448 458.36515
3.05 289.61954 463.95599 51214.253 -68026.7 5707.04 -73733.7 458.85018
3.06 278.4407 -238.27258 51479.494 -67684.8 5486.76 -73171.6 460.62394
3.07 298.84929 -332.45155 51498.244 -67980.5 5888.92 -73869.4 460.65353
3.08 299.74146 48.898333 51400.874 -67317.7 5906.5 -73224.2 460.59852
3.09 277.99322 32.341743 51337.338 -67920.8 5477.94 -73398.7 459.18087
3.1 286.64041 614.77247 51172.424 -67683.9 5648.34 -73332.3 458.48546
3.11 289.98335 -46.253974 51517.899 -67771.1 5714.21 -73485.3 461.00053
3.12 280.2501 -323.71876 51555.79 -68111.7 5522.41 -73634.1 460.84651
3.13 283.26857 355.15363 51251.366 -67757 5581.89 -73338.9 459.16765
3.14 294.30078 102.43754 51278.142 -67410.7 5799.29 -73210 458.77373
3.15 281.37538 -42.647473 51363.731 -67939.4 5544.59 -73484 459.77639
3.16 295.55356 215.68919 51334.024 -67545.1 5823.97 -73369.1 460.25844
3.17 289.95733 -141.48362 51476.979 -67917.6 5713.7 -73631.3 460.54072
3.18 286.41799 -265.1974 51573.387 -67768.2 5643.95 -73412.2 461.45342
3.19 288.02987 0.76445249 51330.092 -67925.8 5675.72 -73601.6 459.6809
3.2 287.06048 345.46827 51259.774 -67844.5 5656.61 -73501.1 459.9255
3.21 292.55477 80.517886 51478.44 -67660.6 5764.88 -73425.5 460.64558
3.22 284.2205 -253.72392 51458.206 -68004.9 5600.65 -73605.6 460.59364
3.23 289.501 80.196997 51366.582 -67570.2 5704.7 -73274.9 460.17871
3.24 292.33811 212.34527 51350.828 -67857.3 5760.61 -73617.9 460.23514
3.25 289.1631 252.69527 51321.599 -67751.5 5698.05 -73449.5 459.84527
3.26 280.01962 -218.10867 51431.154 -68164 5517.87 -73681.9 460.39527
3.27 289.75105 -119.42928 51425.881 -67797 5709.63 -73506.7 459.83906
3.28 302.62793 15.637693 51323.867 -67733.9 5963.37 -73697.3 459.77692
3.29 290.21227 433.00197 51233.317 -67891.1 5718.72 -73609.8 458.73812
3.3 289.08262 -448.99857 51669.737 -67705.7 5696.46 -73402.1 461.81293
3.31 282.95856 36.860196 51303.483 -68109.5 5575.78 -73685.2 459.17548
3.32 291.0492 214.11729 51366.14 -67607.2 5735.21 -73342.5 459.13746
3.33 292.39145 -283.99032 51509.696 -67945.2 5761.66 -73706.9 460.23412
3.34 290.67864 -24.243576 51456.334 -67602.2 5727.91 -73330.1 460.51408
3.35 294.72399 5.088505 51309.406 -67762.1 5807.62 -73569.7 459.4867
3.36 285.6374 26.899369 51293.212 -67861.2 5628.57 -73489.8 459.02493
3.37 296.97678 -61.102019 51453.354 -67748.3 5852.02 -73600.3 460.25105
3.38 285.80511 79.094819 51399.952 -67908.1 5631.88 -73540 459.98709
3.39 294.15957 183.59187 51309.617 -67678.9 5796.5 -73475.4 459.2345
3.4 294.70287 -27.179316 51432.221 -67811.4 5807.21 -73618.6 460.29564
3.41 292.57488 -506.92329 51675.776 -67735.6 5765.28 -73500.8 461.09554
3.42 289.73279 -67.396486 51404.338 -67772.9 5709.27 -73482.1 459.46305
3.43 293.47696 -412.38034 51528.532 -67795.8 5783.05 -73578.8 460.20185
3.44 284.53106 -405.95427 51551.321 -68073.7 5606.77 -73680.5 460.39438
3.45 295.76323 71.589856 51393.644 -67731.1 5828.1 -73559.2 459.85966
3.46 289.16129 129.23506 51280.223 -67975.6 5698.01 -73673.6 458.69597
3.47 293.3966 336.63391 51168.685 -67943.3 5781.47 -73724.7 458.09312
3.48 300.315 35.885483 51377.494 -67421.2 5917.8 -73339 459.29741
3.49 294.38679 50.140366 51306.657 -67820.2 5800.98 -73621.2 458.92325
3.5 294.55042 316.27399 51202.615 -67590.9 5804.2 -73395.1 457.97968
3.51 290.4435 -466.06835 51518.757 -67606.4 5723.28 -73329.7 460.08701
3.52 280.36929 -96.389451 51318.082 -68023.3 5524.76 -73548.1 458.79318
3.53 297.8371 181.14229 51276.519 -67730.5 5868.97 -73599.4 459.16256
3.54 289.71673 45.563697 51323.826 -67944.5 5708.96 -73653.4 459.46081
3.55 296.97777 397.85147 51157.386 -67678.5 5852.04 -73530.5 457.86997
3.56 291.56963 -181.96418 51471.715 -67560.6 5745.47 -73306.1 460.59122
3.57 290.82074 77.791129 51379.103 -67810.2 5730.71 -73540.9 459.90186
3.58 289.88509 -78.622734 51481.861 -67772.1 5712.27 -73484.3 460.66544
3.59 292.4456 115.50321 51363.831 -67661.6 5762.73 -73424.4 459.80333
3.6 290.07425 -315.95897 51472.354 -67962.1 5716 -73678.1 460.28992
3.61 295.55253 308.5214 51216.849 -67719.9 5823.95 -73543.9 458.63335
3.62 290.49758 -78.612894 51398.171 -67802.9 5724.34 -73527.3 460.1231
3.63 281.26991 4.926667 51274.035 -67912.3 5542.51 -73454.8 458.86385
3.64 295.38654 366.72211 51128.56 -67576.5 5820.68 -73397.2 457.41069
3.65 293.58475 -191.26088 51454.457 -67736.9 5785.18 -73522.1 459.30189
3.66 279.8227 390.51295 51242.909 -67965.1 5513.99 -73479.1 458.97608
3.67 285.26614 -113.53019 51379.672 -67827.9 5621.26 -73449.2 459.2291
3.68 290.65577 -48.430691 51394.091 -67679.2 5727.46 -73406.6 459.49386
3.69 291.81133 -21.785166 51354.557 -67792.8 5750.23 -73543 458.9253
3.7 284.4837 -325.81255 51483.011 -67930.2 5605.84 -73536 459.74634
3.71 290.82751 390.03447 51200.422 -67629.5 5730.84 -73360.3 458.15128
3.72 292.02814 -144.9639 51456.345 -67893.7 5754.5 -73648.2 460.19962
3.73 295.18552 -25.082315 51471.266 -67741.5 5816.72 -73558.2 459.54082
3.74 285.34846 -242.24064 51453.519 -68039 5622.88 -73661.9 460.11169
3.75 290.05169 422.55937 51180.083 -67741.7 5715.56 -73457.3 458.02563
3.76 283.31071 250.5879 51231.59 -67820.4 5582.72 -73403.2 458.14263
3.77 294.27302 72.85994 51383.912 -67759 5798.74 -73557.8 459.1099
3.78 293.77787 554.64023 51185.371 -67537.8 5788.98 -73326.7 458.40367
3.79 288.97765 192.94885 51256.513 -67807 5694.39 -73501.4 458.65316
3.8 293.24952 -235.96307 51520.563 -67545 5778.57 -73323.6 459.95709
3.81 290.71785 88.211231 51353.792 -67918.3 5728.68 -73647 459.38115
3.82 298.84438 397.188 51165.263 -67672.3 5888.82 -73561.1 458.3206
3.83 284.51619 290.59495 51274.863 -67841.5 5606.48 -73448 459.57113
3.84 294.00783 -304.95912 51512.81 -67638.9 5793.51 -73432.4 460.54695
3.85 287.80304 339.87061 51174.858 -67895.7 5671.25 -73567 457.92826
3.86 298.22697 409.69012 51216.271 -67396.8 5876.65 -73273.5 458.54632
3.87 300.25611 321.25176 51301.086 -67661.7 5916.64 -73578.3 458.94173
3.88 279.2005 234.64028 51304.553 -68136.6 5501.73 -73638.3 459.66211
3.89 289.7332 130.06488 51291.003 -67718.4 5709.28 -73427.7 459.04567
3.9 294.18096 -227.72072 51485.03 -67741.2 5796.92 -73538.1 460.24478
3.91 292.01842 -104.36723 51423.922 -67843.3 5754.31 -73597.6 460.11523
3.92 279.76883 -146.10379 51412.559 -68046 5512.93 -73558.9 459.96818
3.93 296.09776 -122.05395 51401.629 -67702.6 5834.7 -73537.3 460.06138
3.94 294.70494 105.68138 51339.387 -67962.7 5807.25 -73770 459.34787
3.95 288.8213 -60.654567 51475.692 -67703.2 5691.31 -73394.6 461.05175
3.96 286.66873 -96.030111 51475.156 -68092.6 5648.89 -73741.5 460.7208
3.97 297.54416 149.19548 51442.667 -67741.7 5863.2 -73604.9 460.47955
3.98 291.76942 -292.90504 51610.634 -67863.5 5749.4 -73612.9 461.77758
3.99 294.12257 -185.7081 51510.781 -67820.3 5795.77 -73616 460.54265
4 280.78284 -471.95324 51577.368 -68056.7 5532.91 -73589.6 461.12175
4.01 288.1542 610.0238 51156.432 -67711.2 5678.16 -73389.3 459.50449
4.02 285.89898 -9.0379327 51402.775 -68112.2 5633.73 -73745.9 460.47916
4.03 304.7187 -231.90825 51490.565 -67507.3 6004.57 -73511.8 460.66897
4.04 295.44355 305.08413 51117.889 -67693.5 5821.8 -73515.3 458.45915
4.05 288.04143 -131.91746 51472.352 -67711.2 5675.94 -73387.2 461.39018
4.06 289.2089 -214.09709 51456.977 -67861.4 5698.95 -73560.4 460.57906
4.07 292.63506 -126.13834 51433.631 -67494.9 5766.46 -73261.3 460.35732
4.08 287.00249 -105.57234 51434.24 -67800.7 5655.47 -73456.2 461.42464
4.09 287.36979 209.61875 51191.446 -67656.6 5662.71 -73319.3 458.61457
4.1 290.72831 7.9201086 51359.326 -68011.4 5728.89 -73740.3 460.93092
4.11 289.22532 5.5056205 51397.311 -67741.7 5699.27 -73441 460.15668
4.12 286.29975 104.7833 51366.953 -67939.3 5641.62 -73580.9 460.81395
4.13 282.98355 355.44053 51263.573 -68011.9 5576.28 -73588.1 459.5285
4.14 293.19618 -142.07925 51520.075 -67724.6 5777.52 -73502.1 461.44069
4.15 283.8098 -59.994352 51367.846 -68041.9 5592.56 -73634.4 460.21579
4.16 284.44571 -301.57155 51455.141 -67667.1 5605.09 -73272.2 460.76384
4.17 281.01569 -302.59063 51528.069 -68003.6 5537.5 -73541.1 461.35133
4.18 291.88054 441.68914 51140.2 -67592.9 5751.59 -73344.5 458.85461
4.19 294.0116 155.135 51273.386 -67841 5793.59 -73634.6 459.77878
4.2 290.97889 490.82905 51207.292 -67522.8 5733.83 -73256.6 458.33235
4.21 299.03583 331.49661 51224.017 -67932.1 5892.59 -73824.7 459.19214
4.22 295.05847 -159.09877 51430.123 -67639.7 5814.22 -73453.9 460.62214
4.23 294.49179 110.15822 51304.416 -67854.8 5803.05 -73657.8 459.43051
4.24 299.97274 103.94743 51336.633 -67495.8 5911.05 -73406.9 459.96254
4.25 289.65006 -1.4141697 51346.307 -67861.6 5707.64 -73569.3 460.38048
4.26 293.0729 350.70814 51218.958 -67721.3 5775.09 -73496.4 459.66108
4.27 295.14076 -359.19749 51534.037 -67532.3 5815.84 -73348.1 460.58518
4.28 288.43655 175.3999 51277.535 -67708.9 5683.73 -73392.6 458.61752
4.29 294.12624 -324.97901 51570.717 -67937.9 5795.85 -73733.7 461.16171
4.3 290.90969 397.81547 51312.435 -67741.5 5732.46 -73473.9 459.84007
4.31 289.07313 27.874177 51449.251 -67793.5 5696.27 -73489.8 460.76408
4.32 287.22638 -281.41879 51495.739 -67839.3 5659.88 -73499.2 460.34292
4.33 298.54806 283.51121 51173.044 -67541.6 5882.98 -73424.6 458.86493
4.34 291.26788 463.10778 51113.451 -67836.8 5739.52 -73576.3 458.40112
4.35 290.75598 -308.63335 51542.608 -67730.7 5729.43 -73460.1 461.14328
4.36 291.33015 -486.32936 51682.882 -67729 5740.75 -73469.7 462.52726
4.37 291.94313 242.89235 51245.068 -67728.6 5752.83 -73481.5 458.97755
4.38 279.81031 246.93133 51178.409 -68104.4 5513.75 -73618.1 459.17554
4.39 292.20283 305.94699 51193.737 -67763.6 5757.94 -73521.6 459.46089
4.4 286.90733 -543.15325 51680.754 -67604.4 5653.6 -73258 462.4427
4.41 292.96268 411.24011 51166.318 -67615.3 5772.92 -73388.2 459.15648
4.42 287.88811 203.29057 51319.656 -67858.1 5672.92 -73531 459.8739
4.43 287.89185 -168.23254 51516.312 -67707.1 5673 -73380.1 460.94102
4.44 294.55757 204.52267 51320.912 -67915.4 5804.35 -73719.8 459.80463
4.45 291.3648 28.810237 51350.776 -67566.6 5741.43 -73308 459.96661
4.46 290.87395 -82.73763 51418.174 -67907.1 5731.76 -73638.9 460.37444
4.47 295.62 -298.04359 51530.483 -67755.1 5825.28 -73580.4 460.80191
4.48 288.21236 -192.32453 51479.454 -67578.2 5679.31 -73257.5 460.10566
4.49 288.62396 -440.32887 51656.82 -67799.4 5687.42 -73486.8 461.63701
4.5 294.18103 591.37338 51060.619 -68056.5 5796.93 -73853.5 458.01537
4.51 288.36849 215.88341 51266.378 -67640.8 5682.39 -73323.2 459.28815
4.52 286.42108 548.09212 51168.785 -67928.4 5644.01 -73572.4 458.8749
4.53 285.58961 457.88664 51236.113 -67753.5 5627.63 -73381.1 458.95594
4.54 281.7437 -347.2151 51464.616 -68169.7 5551.84 -73721.5 460.07796
4.55 290.84522 -185.44761 51512.467 -67602.8 5731.19 -73334 460.50016
4.56 289.71667 -301.37081 51495.247 -67831 5708.95 -73539.9 460.7571
4.57 285.37621 168.98706 51299.477 -67731.4 5623.42 -73354.8 459.84845
4.58 280.24296 300.49849 51226.574 -67645.9 5522.27 -73168.2 459.04159
4.59 290.98016 -224.53391 51432.531 -67701.4 5733.85 -73435.3 459.90346
4.6 287.98346 -113.54918 51556.875 -67665.9 5674.8 -73340.7 461.2757
4.61 287.51783 132.77666 51408.128 -67883.9 5665.63 -73549.5 459.65398
4.62 292.54116 -89.971136 51459.848 -67654.7 5764.61 -73419.3 460.17292
4.63 278.22697 228.28117 51375.817 -68188.6 5482.55 -73671.2 459.76263
4.64 296.00161 125.25803 51370.75 -67751.2 5832.8 -73584 459.76149
4.65 288.60256 0.044601567 51506.245 -67850.7 5687 -73537.7 460.04153
4.66 300.05064 7.4659405 51387.944 -67623.7 5912.59 -73536.3 459.46029
4.67 289.87731 -210.46984 51433.796 -67772.2 5712.12 -73484.3 459.65682
4.68 288.54377 459.14285 51238.531 -67812.1 5685.84 -73497.9 458.99391
4.69 286.47384 -226.74863 51553.691 -67847.4 5645.05 -73492.5 460.77934
4.7 289.08347 591.18297 51101.298 -67869.1 5696.48 -73565.6 457.70261
4.71 291.0062 -508.48329 51636.748 -67853.3 5734.36 -73587.7 460.51023
4.72 286.99218 -103.56193 51398.63 -67955.4 5655.27 -73610.7 459.32843
4.73 292.05496 131.56229 51410.157 -67497.1 5755.03 -73252.1 459.23389
4.74 284.78607 -146.65663 51407.506 -67749 5611.8 -73360.7 459.24891
4.75 293.3691 -52.607203 51474.102 -67819.1 5780.93 -73600.1 459.42722
4.76 302.36983 476.33337 51218.608 -67577.6 5958.29 -73535.9 457.80816
4.77 293.12302 -3.8328992 51281.707 -67914.5 5776.08 -73690.5 457.77316
4.78 279.47291 -98.819313 51430.459 -67793.8 5507.1 -73300.9 458.84873
4.79 284.17544 168.32795 51235.207 -68005.8 5599.76 -73605.6 458.15969
4.8 283.82224 73.644481 51286.46 -67822.8 5592.8 -73415.6 458.60654
4.81 293.46591 106.66193 51261.474 -67644.8 5782.83 -73427.6 457.86346
4.82 289.71122 -104.43476 51378.764 -67799.3 5708.85 -73508.2 458.48438
4.83 291.12063 12.596976 51400.803 -67744.3 5736.62 -73480.9 459.20633
4.84 285.31961 34.937986 51300.372 -67790 5622.31 -73412.3 458.08271
4.85 294.49163 77.785635 51329.97 -67663.8 5803.05 -73466.9 457.65817
4.86 295.38295 -146.1457 51341.374 -67764 5820.61 -73584.7 458.06417
4.87 295.38879 245.60694 51241.472 -67494.5 5820.72 -73315.2 457.20974
4.88 287.99812 214.27953 51188.85 -67779.2 5675.09 -73454.2 457.09296
4.89 284.07201 -251.85115 51592.72 -67639.5 5597.72 -73237.2 460.24181
4.9 297.89808 243.78233 51127.587 -67471.1 5870.17 -73341.2 456.54459
4.91 287.90808 94.293446 51271.971 -67800 5673.32 -73473.3 457.37404
4.92 287.22022 -553.85479 51489.965 -67658 5659.76 -73317.8 458.49992
4.93 281.38131 -292.86049 51378.672 -67938.1 5544.7 -73482.8 458.44797
4.94 294.08422 -196.15356 51393.198 -67677.1 5795.02 -73472.1 458.11164
4.95 284.38797 451.8109 51034.973 -67841.9 5603.95 -73445.8 456.64256
4.96 303.79629 787.67252 51034.934 -67300.3 5986.4 -73286.7 456.00812
4.97 295.2962 148.85358 51245.334 -67608.1 5818.9 -73427 458.33262
4.98 274.61523 355.13135 51107.707 -68104.6 5411.38 -73516 456.82848
4.99 286.7621 82.556492 51271.313 -67681.2 5650.73 -73331.9 458.08226
5 288.40982 -282.18304 51430.403 -67856 5683.2 -73539.2 459.16983
5.01 288.19083 -362.54717 51442.377 -67893.2 5678.89 -73572.1 459.06612
5.02 289.00152 237.06785 51072.968 -67600.9 5694.86 -73295.8 456.82434
5.03 284.50281 254.17004 51182.863 -67782.4 5606.21 -73388.6 457.68053
5.04 294.16358 -226.47996 51494.648 -67645.4 5796.58 -73442 460.24861
5.05 284.38076 535.25206 51026.585 -67711.3 5603.81 -73315.1 456.87902
5.06 301.60199 159.58767 51153.772 -67593.1 5943.16 -73536.2 457.81529
5.07 298.88919 -36.374734 51278.691 -67389.3 5889.7 -73279 458.14572
5.08 285.12854 -160.65675 51302.596 -67762.5 5618.54 -73381 458.60966
5.09 286.54785 213.27576 51190.155 -67666.4 5646.51 -73312.9 457.76575
5.1 297.86269 -353.51769 51389.976 -67555.9 5869.47 -73425.4 459.13447
5.11 289.00978 18.763941 51234.91 -67754.6 5695.02 -73449.6 457.66708
5.12 298.56484 119.92565 51263.639 -67637.9 5883.31 -73521.2 458.72626
5.13 284.27194 138.72624 51297.085 -67710.8 5601.66 -73312.5 458.72881
5.14 286.48063 -491.77881 51586.03 -67682.5 5645.19 -73327.7 460.49714
5.15 298.03002 62.358374 51314.244 -67459.6 5872.77 -73332.4 459.24541
5.16 293.3337 -56.044966 51366.593 -67808.9 5780.23 -73589.1 459.2977
5.17 300.01404 -21.514496 51267.947 -67504.5 5911.87 -73416.3 458.55029
5.18 295.51148 442.13565 51167.849 -67694.9 5823.14 -73518 458.57538
5.19 289.52892 -238.00156 51391.655 -67692.8 5705.25 -73398 458.85018
5.2 297.37923 168.81391 51242.438 -67726.3 5859.95 -73586.2 458.69836
5.21 299.07097 -71.087175 51585.385 -67509.2 5893.28 -73402.4 461.37973
5.22 284.08336 56.09662 51361.511 -67910.7 5597.95 -73508.6 459.2546
5.23 294.18878 284.95505 51236.375 -67657.6 5797.08 -73454.7 458.36542
5.24 281.54831 -107.29364 51420.132 -68066.6 5547.99 -73614.6 459.64325
5.25 301.2349 -545.00377 51562.368 -67711.8 5935.92 -73647.8 459.78863
5.26 286.47656 298.65398 51164.995 -67879.9 5645.11 -73525 457.7885
5.27 295.72481 190.54519 51255.985 -67674.1 5827.35 -73501.5 457.85894
5.28 288.72882 87.260435 51380.576 -67742.5 5689.49 -73432 458.97414
5.29 289.50346 -321.46483 51472.038 -67770.3 5704.75 -73475.1 459.80887
5.3 289.13671 -57.690845 51398.79 -67657 5697.53 -73354.6 458.44151
5.31 287.39139 -14.539234 51260.56 -67726.4 5663.13 -73389.5 458.0112
5.32 287.4528 -93.719909 51259.795 -68136.9 5664.34 -73801.2 458.38782
5.33 292.54827 204.97557 51300.729 -67711.4 5764.75 -73476.1 458.38644
5.34 298.02003 -224.31915 51404.805 -67728 5872.57 -73600.6 459.43924
5.35 285.80132 331.16911 51120.308 -67983.3 5631.8 -73615.1 456.85926
5.36 303.83553 69.506099 51309.444 -67839.8 5987.17 -73827 457.86998
5.37 289.76056 589.9431 51127.615 -67762.9 5709.82 -73472.7 457.14527
5.38 301.00411 -52.621285 51373.306 -67470.5 5931.38 -73401.9 458.39999
5.39 287.73843 -705.06507 51558.594 -67685.5 5669.97 -73355.5 460.11098
5.4 293.79269 -332.60189 51345.365 -67706.7 5789.27 -73496 457.97329
5.41 305.84327 -96.244077 51262.068 -67405.6 6026.73 -73432.3 458.55586
5.42 293.17374 258.1619 51203.652 -67697.8 5777.08 -73474.9 457.73746
5.43 289.15611 241.08079 51287.574 -67579.5 5697.91 -73277.4 458.54465
5.44 285.46938 -141.12148 51300.855 -68184.6 5625.26 -73809.8 458.61555
5.45 294.83036 -2.5389306 51217.093 -67558.4 5809.72 -73368.1 457.20223
5.46 282.94204 -200.89902 51326.689 -67929.1 5575.46 -73504.6 457.32145
5.47 293.77471 -269.0031 51425.957 -67458.7 5788.92 -73247.6 458.91649
5.48 290.80699 -266.53099 51467.71 -67616.2 5730.44 -73346.7 458.98741
5.49 282.54931 190.96186 51246.907 -67800 5567.72 -73367.7 457.55376
5.5 290.63037 -114.68149 51239.97 -67935.1 5726.96 -73662.1 457.11182
5.51 285.98197 73.682636 51202.381 -67837.9 5635.36 -73473.3 456.88855
5.52 296.3159 463.04499 51104.482 -67380.4 5838.99 -73219.4 456.73655
5.53 289.34486 -80.633152 51291.294 -67684.1 5701.63 -73385.7 457.83027
5.54 290.73391 564.84067 51053.265 -67622 5729 -73351 456.61958
5.55 291.57745 185.26503 51082.776 -67634.2 5745.62 -73379.8 456.92164
5.56 282.51744 -421.759 51274.989 -67863.2 5567.09 -73430.3 457.77563
5.57 285.66286 -523.52776 51473.078 -67442.1 5629.07 -73071.2 458.17457
5.58 287.68948 -319.21332 51514.747 -67823.6 5669.01 -73492.6 459.61136
5.59 301.97779 107.20956 51420.954 -67592.2 5950.56 -73542.7 459.51531
5.6 288.44267 198.49179 51280.693 -67757.8 5683.85 -73441.6 458.27297
5.61 296.42786 375.43515 51218.943 -67591.3 5841.2 -73432.5 458.03448
5.62 285.77836 267.30116 51219.876 -67918.4 5631.35 -73549.7 458.51572
5.63 293.91296 -6.4694861 51366.321 -67514.1 5791.64 -73305.7 458.86746
5.64 283.17178 676.8695 51062.587 -68200.5 5579.98 -73780.5 457.48508
5.65 292.34967 62.892726 51364.458 -67604.7 5760.84 -73365.6 458.9921
5.66 282.42859 39.216475 51347.148 -67967.6 5565.34 -73533 458.51398
5.67 292.93349 44.468951 51431.829 -67809.8 5772.34 -73582.2 459.01538
5.68 301.17326 233.34108 51226.961 -67317.3 5934.71 -73252 457.74948
5.69 292.81052 -234.51035 51402.469 -67737.7 5769.92 -73507.6 458.82767
5.7 283.82673 282.52823 51192.573 -67922.8 5592.89 -73515.7 458.00549
5.71 290.33621 139.55628 51312.544 -67889.1 5721.16 -73610.2 458.42901
5.72 298.19347 216.16952 51213.901 -67568.3 5875.99 -73444.3 458.13462
5.73 286.85252 -375.06248 51551.663 -67658.9 5652.52 -73311.4 459.34042
5.74 283.81824 41.888293 51239.952 -67712.1 5592.72 -73304.8 457.40434
5.75 286.77947 239.60128 51166.46 -67995.6 5651.08 -73646.7 456.86587
5.76 288.66177 -550.46846 51442.02 -67821.8 5688.17 -73510 458.9706
5.77 285.25445 10.21314 51363.277 -67923.6 5621.02 -73544.6 458.52675
5.78 291.70847 -533.62562 51652.862 -67520.4 5748.2 -73268.6 460.23286
5.79 290.7614 -232.21858 51547.859 -67803.6 5729.54 -73533.2 458.94142
5.8 291.34037 177.20809 51395.446 -67402.8 5740.95 -73143.7 458.75227
5.81 284.23883 -174.36577 51393.095 -67956.6 5601.01 -73557.6 459.03015
5.82 299.29026 391.30643 51246.096 -67481.3 5897.6 -73378.9 457.61686
5.83 293.47649 -156.24842 51469.527 -67798.4 5783.04 -73581.5 459.13578
5.84 294.0344 538.30236 51103.065 -67490.2 5794.04 -73284.3 456.90187
5.85 294.91692 -209.23358 51429.468 -67673.4 5811.43 -73484.9 458.77828
5.86 289.87323 -271.31511 51484.306 -67587 5712.04 -73299 458.94441
5.87 284.21852 -29.091247 51436.268 -67963 5600.61 -73563.7 459.69191
5.88 290.02831 286.39993 51243.853 -67756.8 5715.1 -73471.9 458.01568
5.89 298.41742 350.20054 51284.661 -67737.8 5880.4 -73618.2 458.00755
5.9 278.48015 388.72319 51154.107 -67910.8 5487.54 -73398.3 457.57052
5.91 295.86184 -231.88015 51430.871 -67599.3 5830.05 -73429.4 459.11649
5.92 299.66267 273.87782 51289.268 -67568.6 5904.94 -73473.5 458.63194
5.93 292.00755 -892.29085 51838.783 -67727.3 5754.1 -73481.4 461.47776
5.94 290.72566 -283.02097 51501.008 -67699.6 5728.84 -73428.4 459.21592
5.95 300.49429 -13.81761 51240.23 -67443.6 5921.33 -73365 458.09284
5.96 286.30905 64.237667 51294.025 -67831.5 5641.81 -73473.3 457.80755
5.97 299.08826 -358.66405 51470.679 -67657.6 5893.62 -73551.3 459.07976
5.98 295.9768 100.34138 51363.269 -67884.3 5832.31 -73716.6 459.0536
5.99 296.13978 -217.65884 51324.189 -67675.6 5835.52 -73511.1 458.52629
6 277.98205 360.84042 51240.695 -68086.5 5477.72 -73564.2 458.04813
6.01 302.9742 182.58014 51352.263 -67610.3 5970.2 -73580.5 459.10597
6.02 286.0184 366.76059 51145.56 -67837.3 5636.08 -73473.4 457.5287
6.03 277.33404 -288.65783 51504.038 -67883.3 5464.95 -73348.2 460.28253
6.04 291.51104 -106.99036 51459.327 -67721.6 5744.31 -73465.9 459.66815
6.05 282.79615 -110.31282 51504.375 -68040.1 5572.58 -73612.7 459.7132
6.06 291.88459 -404.56554 51570.765 -67701.1 5751.67 -73452.7 460.79976
6.07 298.81781 277.21308 51259.183 -67727.3 5888.29 -73615.6 457.77667
6.08 290.88673 285.60543 51218.67 -67886.7 5732.01 -73618.7 458.24505
6.09 290.18444 -199.98258 51502.119 -67843.9 5718.17 -73562 460.28792
6.1 297.0916 81.207003 51381.706 -67448.3 5854.28 -73302.6 459.03612
6.11 296.92957 346.67588 51313.227 -67800 5851.09 -73651.1 459.0877
6.12 285.19918 -184.94047 51431.288 -67996.3 5619.94 -73616.3 459.51755
6.13 291.5569 276.8035 51283.272 -67632.7 5745.22 -73377.9 458.9795
6.14 284.39035 -34.657506 51410.188 -68127 5604 -73731 459.50057
6.15 293.97276 -312.14891 51583.276 -67739.4 5792.82 -73532.2 460.38895
6.16 283.86264 -394.54041 51515.715 -67872.3 5593.6 -73465.9 460.2442
6.17 302.31183 117.27047 51406.882 -67402.4 5957.15 -73359.5 459.84066
6.18 295.83198 -309.44416 51588.575 -67839.7 5829.46 -73669.2 461.01745
6.19 292.71483 -28.133874 51436.628 -67724.7 5768.03 -73492.7 459.78518
6.2 277.49446 58.689763 51332.161 -67969.6 5468.11 -73437.7 458.92921
6.21 301.24487 458.00235 51233.705 -67641.5 5936.12 -73577.6 458.69892
6.22 288.72482 -226.51012 51550.248 -67967.2 5689.41 -73656.6 460.41742
6.23 288.99713 -496.21732 51644.741 -67595.2 5694.78 -73290 460.71778
6.24 286.58521 84.992413 51338.199 -67834.1 5647.25 -73481.3 459.91672
6.25 302.83167 331.79596 51392.845 -67534.8 5967.39 -73502.2 460.08269
6.26 289.14323 23.688861 51504.22 -67828.2 5697.65 -73525.8 460.21992
6.27 292.30483 92.125201 51278.368 -67617.6 5759.95 -73377.5 459.12456
6.28 297.11684 -196.65007 51502.86 -67713.2 5854.78 -73568 460.45968
6.29 283.91012 528.56526 51146.632 -67865.6 5594.53 -73460.2 458.13975
6.3 291.54997 163.59044 51342.701 -67872.7 5745.08 -73617.8 459.02743
6.31 298.55217 -45.279898 51419.16 -67442.5 5883.06 -73325.6 459.73609
6.32 282.12008 75.166998 51297.777 -67843.6 5559.26 -73402.9 459.56626
6.33 294.54348 56.820943 51400.127 -67564.3 5804.07 -73368.4 459.6675
6.34 292.3721 -470.29312 51616.063 -67738.5 5761.28 -73499.7 460.76931
6.35 303.99529 414.46586 51232.211 -67580.5 5990.32 -73570.8 458.50955
6.36 300.02211 -0.92771679 51349.372 -67644.1 5912.03 -73556.1 459.23964
6.37 276.51639 -212.15461 51449.292 -67873.6 5448.84 -73322.4 459.38642
6.38 275.90974 -500.40668 51593.044 -67930.8 5436.88 -73367.7 460.6114
6.39 290.11838 -430.32221 51641.884 -67748.4 5716.87 -73465.3 461.14057
6.4 283.89925 -142.81555 51427.961 -68023.6 5594.32 -73618 460.11005
6.41 286.36076 -12.969062 51427.598 -67816 5642.82 -73458.8 459.63183
6.42 305.36394 210.44735 51361.009 -67370.8 6017.29 -73388.1 459.1597
6.43 291.78829 121.83388 51391.112 -67929.4 5749.78 -73679.2 459.59938
6.44 292.1855 596.56705 51138.008 -67579.4 5757.6 -73337 457.9555
6.45 289.95522 -455.74994 51591.185 -67980.7 5713.65 -73694.3 460.47581
6.46 293.36535 -309.08126 51592.339 -67609.2 5780.85 -73390 461.50492
6.47 282.43724 34.704072 51452.019 -67716.6 5565.51 -73282.1 459.48254
6.48 284.99755 369.34205 51235.044 -67900.1 5615.96 -73516 458.84485
6.49 292.90638 109.71724 51449.838 -67679.6 5771.81 -73451.4 460.04061
6.5 289.43818 706.79441 51066.799 -67919.4 5703.47 -73622.8 457.36383
6.51 289.88293 27.913549 51537.976 -67747.6 5712.23 -73459.8 460.23014
6.52 280.34762 -206.24166 51451.231 -67791.2 5524.33 -73315.5 460.22687
6.53 293.58704 146.14194 51394.537 -67617.5 5785.22 -73402.7 459.50546
6.54 293.13048 -520.57686 51563.713 -67585.9 5776.22 -73362.1 461.13143
6.55 281.00937 303.55873 51308.299 -67889 5537.37 -73426.4 458.65953
6.56 297.54944 -715.39828 51737.708 -67657.3 5863.3 -73520.6 461.97301
6.57 288.58302 823.15524 51131.846 -67897.8 5686.62 -73584.4 458.36002
6.58 297.61439 385.00049 51272.568 -67663.8 5864.58 -73528.4 459.56365
6.59 296.18913 2.092073 51398.58 -67614.5 5836.5 -73451 459.71532
6.6 291.44941 287.05379 51297.928 -67729.2 5743.1 -73472.3 458.74566
6.61 290.01222 -93.181182 51416.561 -67995 5714.78 -73709.8 459.79908
6.62 300.01091 358.09676 51288.542 -67492.7 5911.8 -73404.5 459.49057
6.63 297.96654 -121.84577 51487.754 -67813.5 5871.52 -73685 460.8006
6.64 284.83705 -130.32558 51444.342 -67685.8 5612.8 -73298.6 459.93586
6.65 287.24908 544.71282 51180.309 -67792.2 5660.33 -73452.5 458.62114
6.66 284.8128 467.88178 51134.343 -67941.8 5612.32 -73554.1 458.61702
6.67 292.31915 301.71487 51334.46 -67509.5 5760.24 -73269.7 460.28442
6.68 283.59169 -263.60294 51527.348 -67855.8 5588.26 -73444.1 460.12261
6.69 297.38284 -195.87983 51558.546 -67535.6 5860.02 -73395.6 461.31852
6.7 284.41283 -195.80082 51486.653 -67850 5604.44 -73454.4 460.39495
6.71 292.9427 -217.97047 51543.466 -67603.2 5772.52 -73375.7 461.1192
6.72 286.52363 -400.93401 51597.134 -67813.5 5646.03 -73459.5 460.76968
6.73 285.24991 158.85885 51311.335 -68171.9 5620.94 -73792.9 459.55675
6.74 279.46718 143.37783 51349.208 -67718.4 5506.98 -73225.4 459.0285
6.75 287.26083 -223.23147 51492.995 -67974.1 5660.56 -73634.6 460.97056
6.76 283.77585 22.410956 51380.448 -67822 5591.89 -73413.9 460.11302
6.77 293.52782 -83.997368 51572.149 -67664.2 5784.05 -73448.2 461.26314
6.78 296.45449 126.11444 51487.498 -67612.3 5841.73 -73454.1 460.32716
6.79 286.59822 179.12997 51324.55 -67698.5 5647.5 -73346 459.70504
6.8 282.41456 479.3114 51293.025 -67792.5 5565.06 -73357.6 458.93574
6.81 299.40236 -308.70773 51543.34 -67537.7 5899.81 -73437.5 460.23069
6.82 290.58513 -39.77342 51345.805 -67838.8 5726.07 -73564.8 459.35673
6.83 295.48918 464.97246 51226.958 -67688.4 5822.7 -73511.1 458.90627
6.84 289.43453 44.090168 51396.119 -67821.3 5703.39 -73524.7 459.65947
6.85 284.80534 -365.85642 51647.128 -67657.9 5612.17 -73270.1 460.42169
6.86 293.90497 -392.82817 51553.093 -67946.5 5791.49 -73738 460.5053
6.87 292.71548 39.222438 51417.699 -67698 5768.05 -73466 459.79072
6.88 284.95112 201.0846 51275.101 -67980.3 5615.05 -73595.4 459.63741
6.89 298.48329 -364.31108 51557.146 -67589.5 5881.7 -73471.2 461.01593
6.9 291.06618 -99.904147 51503.164 -67831.6 5735.55 -73567.2 460.38311
6.91 296.10833 -229.35135 51649.932 -67613.4 5834.9 -73448.3 461.62256
6.92 290.39582 -155.87311 51549.081 -67739.2 5722.34 -73461.5 460.65068
6.93 293.27985 120.86364 51376.673 -67871.6 5779.17 -73650.8 459.57234
6.94 282.39283 -366.11592 51671.117 -68076 5564.64 -73640.6 461.66674
6.95 285.4827 214.44116 51315.091 -67726.3 5625.52 -73351.8 459.34206
6.96 288.21845 -526.742 51790.439 -67651.2 5679.43 -73330.6 462.09141
6.97 299.02469 174.38952 51536.216 -67597.8 5892.37 -73490.2 461.29853
6.98 291.62988 -138.20226 51622.752 -68058.2 5746.65 -73804.9 461.28222
6.99 293.14493 86.976793 51348.588 -67651.4 5776.51 -73427.9 459.39878
7 281.00156 367.05686 51170.524 -68022.3 5537.22 -73559.5 458.00559
7.01 292.21273 -1.5968781 51305.972 -67674.9 5758.14 -73433 459.16071
7.02 289.79911 -58.582836 51420.124 -67745.2 5710.58 -73455.8 460.24126
7.03 291.352 -373.5354 51558.562 -67631.8 5741.18 -73372.9 461.18896
7.04 300.36403 -202.1455 51386.788 -67653.7 5918.76 -73572.5 459.51934
7.05 285.96301 165.45996 51252.265 -68005.6 5634.99 -73640.6 458.48289
7.06 292.54601 -45.820972 51336.476 -67557.7 5764.71 -73322.4 458.86837
7.07 281.91068 -100.15684 51360.81 -68040.9 5555.13 -73596 459.66996
7.08 288.1112 -156.41692 51364.387 -67711.2 5677.32 -73388.5 459.60899
7.09 292.83892 49.60752 51224.398 -67885.6 5770.48 -73656.1 458.66144
7.1 293.22977 -236.08423 51489.559 -67658.9 5778.18 -73437.1 460.18698
7.11 289.53729 -198.8038 51514.152 -67669.6 5705.42 -73375 460.41489
7.12 288.31333 6.1837355 51424.733 -67675.9 5681.3 -73357.2 459.66771
7.13 293.37192 -92.511641 51473.479 -67450.4 5780.98 -73231.3 459.82383
7.14 286.04355 -288.51197 51412.917 -67726.4 5636.57 -73363 459.57835
7.15 297.32838 105.90229 51292.136 -67680.3 5858.95 -73539.3 458.50946
7.16 283.95542 457.3934 51079.551 -67968.6 5595.43 -73564 457.31712
7.17 294.27475 -57.969681 51373.025 -67728.9 5798.77 -73527.7 459.25428
7.18 297.63927 245.33069 51268.051 -67760.3 5865.07 -73625.4 459.03132
7.19 294.45603 452.05083 51208.108 -67711.7 5802.34 -73514.1 458.19573
7.2 274.7795 -467.50165 51588.88 -68051 5414.61 -73465.6 460.97303
7.21 291.7977 122.54589 51339.396 -67809.7 5749.96 -73559.7 458.94417
7.22 297.30214 485.9368 51112.599 -67508.6 5858.43 -73367 457.05602
7.23 291.33433 128.28413 51234.756 -67873 5740.83 -73613.8 458.90321
7.24 297.93878 -404.09643 51552.622 -67467.8 5870.97 -73338.8 460.10091
7.25 292.9664 -142.18258 51440.691 -67812.9 5772.99 -73585.9 460.11214
7.26 287.45352 -120.64728 51393.515 -67597.5 5664.36 -73261.9 458.92697
7.27 290.63741 108.90002 51359.124 -67684.4 5727.1 -73411.5 459.76984
7.28 290.59023 -223.21233 51578.48 -67713.9 5726.17 -73440 461.07718
7.29 282.40569 112.56638 51299.698 -67997.8 5564.89 -73562.7 459.14549
7.3 299.46147 197.39936 51237.742 -67601.4 5900.98 -73502.3 459.09558
7.31 292.48799 96.497515 51277.242 -67770.6 5763.56 -73534.2 459.12276
7.32 287.74545 165.11602 51296.522 -67887.6 5670.11 -73557.7 459.5879
7.33 288.0273 136.00068 51337.4 -67923.9 5675.66 -73599.6 459.70247
7.34 298.50338 398.89577 51238.682 -67736 5882.1 -73618.1 458.89611
7.35 285.79903 -370.75384 51490.212 -68076.8 5631.76 -73708.6 460.21646
7.36 288.56664 483.70792 51163.855 -67736.7 5686.29 -73423 457.82768
7.37 304.05445 139.75362 51299.145 -67442 5991.48 -73433.5 458.71312
7.38 286.93286 -144.82319 51329.206 -67762 5654.1 -73416.1 459.59728
7.39 294.09465 294.90657 51289.676 -67455.1 5795.22 -73250.3 459.55163
7.4 290.24197 -593.26138 51629.557 -67922.6 5719.3 -73641.9 461.1902
7.41 289.58402 39.715756 51357.376 -67958.9 5706.34 -73665.2 459.40239
7.42 296.77381 52.518315 51365.108 -67766.7 5848.02 -73614.7 460.10668
7.43 286.67652 -97.669331 51380.119 -68007 5649.05 -73656 459.0055
7.44 295.10764 -335.20686 51565.767 -67566.5 5815.18 -73381.7 461.86622
7.45 288.6901 696.93026 51104.367 -67706.8 5688.72 -73395.5 458.2567
7.46 296.65912 -100.37695 51383.627 -67438.5 5845.76 -73284.2 459.90311
7.47 290.17631 -226.77111 51530.563 -67807.3 5718.01 -73525.3 460.38229
7.48 292.32666 -280.74258 51567.231 -67734 5760.38 -73494.4 461.56122
7.49 299.69144 73.772961 51437.227 -67570.1 5905.51 -73475.6 460.00275
7.5 287.66507 220.25061 51323.089 -67875.8 5668.53 -73544.4 459.46612
7.51 286.00607 -49.555336 51433.616 -67851.6 5635.84 -73487.4 460.43071
7.52 286.54913 197.40539 51268.467 -67844.2 5646.54 -73490.7 459.32596
7.53 299.46481 -261.13409 51469.668 -67655.1 5901.04 -73556.2 459.92024
7.54 289.41662 177.05464 51262.929 -68000 5703.04 -73703 459.21975
7.55 287.08659 -224.41324 51448.254 -67576.6 5657.13 -73233.7 459.55622
7.56 290.01578 226.74533 51256.813 -67698 5714.85 -73412.9 458.68206
7.57 281.79235 -75.66926 51314.551 -67769.1 5552.8 -73321.9 459.72274
7.58 283.90702 202.01675 51200.449 -67909.8 5594.47 -73504.3 458.99691
7.59 293.77372 543.34112 51116.706 -67670.1 5788.9 -73459 458.66746
7.6 289.52836 -844.00641 51749.163 -67454.1 5705.24 -73159.4 462.16758
7.61 289.62004 -5.951924 51360.445 -67908.8 5707.05 -73615.9 458.6776
7.62 300.23983 -1.811469 51337.393 -67588.3 5916.32 -73504.6 459.80377
7.63 302.24263 149.39858 51358.185 -67790 5955.78 -73745.8 459.66753
7.64 296.9322 -357.3627 51537.871 -67349.8 5851.14 -73200.9 460.3069
7.65 292.05634 655.30884 51197.243 -67870.3 5755.06 -73625.3 458.6519
7.66 294.15291 92.022536 51328.537 -67571.8 5796.37 -73368.2 459.32841
7.67 295.43603 470.01747 51155.101 -67688.8 5821.66 -73510.5 458.57283
7.68 295.37168 61.696551 51273.541 -67643.8 5820.39 -73464.2 459.29629
7.69 288.40046 46.440298 51317.149 -68103 5683.02 -73786 459.35038
7.7 293.88 -1007.4188 51922.544 -67648.6 5790.99 -73439.6 463.62705
7.71 280.06171 -376.1873 51500.63 -68087.5 5518.7 -73606.2 460.93746
7.72 290.46874 -67.420452 51456.879 -67839.1 5723.77 -73562.9 460.6911
7.73 289.7763 272.26775 51264.806 -67651.9 5710.13 -73362 459.01578
7.74 289.61523 262.08271 51345.43 -67622.2 5706.96 -73329.2 459.6814
7.75 291.96027 297.67606 51290.213 -67905.7 5753.16 -73658.9 459.54841
7.76 292.69403 88.943504 51386.283 -67674.8 5767.62 -73442.4 460.17552
7.77 290.27763 28.723856 51405.603 -68043.1 5720.01 -73763.1 460.01815
7.78 285.79262 423.5274 51259.025 -67684.9 5631.63 -73316.5 459.68495
7.79 285.73186 426.42679 51213.218 -68052.7 5630.43 -73683.1 459.91377
7.8 290.10176 175.19471 51361.342 -67619.7 5716.54 -73336.2 460.47503
7.81 295.44648 -268.47324 51560.236 -67961.7 5821.86 -73783.6 461.35691
7.82 292.61627 -257.37875 51495.02 -67826.6 5766.09 -73592.7 461.30212
7.83 300.19694 357.94694 51217.031 -67449.3 5915.47 -73364.8 459.63099
7.84 284.50623 99.576052 51372.062 -67924 5606.28 -73530.3 460.47877
7.85 298.76352 -455.57896 51659.604 -67539.6 5887.22 -73426.8 462.88258
7.86 288.16755 -24.591198 51534.827 -68057.9 5678.43 -73736.4 461.74791
7.87 294.49194 385.19024 51283.509 -67710.9 5803.05 -73513.9 459.56403
7.88 289.21298 222.74703 51244.005 -68034.9 5699.03 -73733.9 459.05211
7.89 293.07971 124.87491 51371.449 -67657.9 5775.22 -73433.2 460.04268
7.9 282.66739 340.47233 51168.253 -67984 5570.05 -73554.1 459.39898
7.91 294.29752 321.04958 51205.443 -67865.5 5799.22 -73664.7 458.98984
7.92 295.62091 -392.92248 51648.79 -67680.9 5825.3 -73506.2 462.45398
7.93 281.78004 -194.63832 51500.444 -68047.4 5552.56 -73600 461.26037
7.94 299.89104 -172.35225 51479.855 -67635.9 5909.44 -73545.4 461.48116
7.95 291.34144 -129.33261 51436.94 -67596.4 5740.97 -73337.4 460.83729
7.96 292.42595 -275.14864 51471.806 -67808.5 5762.34 -73570.9 461.55121
7.97 294.48411 361.75657 51242.029 -67638.5 5802.9 -73441.4 460.03809
7.98 286.79121 111.37569 51328.554 -68138 5651.31 -73789.3 460.59722
7.99 288.33595 -241.78821 51405.424 -67776.6 5681.75 -73458.3 460.56208
8 301.38704 525.70604 51134.461 -67667 5938.92 -73605.9 459.157
8.01 286.80989 -75.168474 51388.865 -67874.5 5651.68 -73526.2 460.67351
8.02 298.06995 -164.86966 51450.686 -67602.3 5873.56 -73475.9 460.66657
8.03 286.1863 102.17696 51345.539 -67768.3 5639.39 -73407.7 460.15397
8.04 295.74171 -12.788823 51344.665 -67349.9 5827.68 -73177.6 460.37666
8.05 290.71551 328.48705 51155.776 -67766.7 5728.64 -73495.4 459.59586
8.06 299.32355 269.67607 51200.639 -67398.9 5898.26 -73297.1 459.33729
8.07 286.16026 -2.4406498 51326.981 -67609.9 5638.87 -73248.7 459.85653
8.08 288.42857 136.0732 51269.663 -67749.7 5683.57 -73433.3 460.23951
8.09 295.74533 -98.270483 51385.667 -67482.3 5827.75 -73310 461.07176
8.1 286.41875 -43.529276 51386.016 -67713.7 5643.97 -73357.7 461.43334
8.11 292.73294 -53.416439 51397.344 -67645.6 5768.39 -73414 460.66367
8.12 294.25289 430.43111 51204.811 -67486.1 5798.34 -73284.5 460.00619
8.13 293.28156 -193.94592 51320.94 -67912.1 5779.2 -73691.3 460.12622
8.14 294.81239 185.21498 51185.855 -67595.3 5809.37 -73404.7 459.2179
8.15 290.43925 -308.26179 51486.575 -67448.3 5723.19 -73171.5 461.33305
8.16 290.13003 440.58853 51064.21 -67876.7 5717.1 -73593.8 458.43034
8.17 290.55702 -378.4751 51574.621 -67622.9 5725.51 -73348.4 461.5569
8.18 288.30434 -129.62555 51310.823 -67818.5 5681.12 -73499.6 460.10056
8.19 294.23186 287.73537 51081.457 -67646.3 5797.93 -73444.3 458.98398
8.2 289.73539 356.1903 51181.3 -67803.9 5709.32 -73513.2 459.44747
8.21 285.7815 -219.00937 51432.665 -67708.9 5631.41 -73340.3 461.43458
8.22 292.71922 -83.588424 51354.773 -67643.5 5768.12 -73411.6 460.60729
8.23 298.8246 129.00872 51157.361 -67506.9 5888.43 -73395.3 459.24524
8.24 297.00239 -109.42956 51409.251 -67905.1 5852.52 -73757.7 461.675
8.25 298.1131 50.483348 51291.017 -67738.1 5874.41 -73612.5 460.59775
8.26 296.70085 30.673329 51252.853 -67683 5846.58 -73529.5 460.29692
8.27 285.36617 -522.06483 51490.731 -67835.9 5623.23 -73459.1 461.82506
8.28 285.41095 -193.64181 51293.904 -67524.5 5624.11 -73148.6 460.73292
8.29 285.59518 201.61549 51185.74 -67574.2 5627.74 -73201.9 459.80622
8.3 287.00391 679.84922 50981.483 -67754.1 5655.5 -73409.6 458.46103
8.31 284.36671 -360.45852 51465.642 -67779.9 5603.53 -73383.4 461.03174
8.32 284.5406 340.37258 51268.17 -67740.6 5606.96 -73347.6 460.04326
8.33 295.70036 -157.31228 51453.541 -67717.6 5826.86 -73544.4 461.49266
8.34 295.05582 79.38562 51432.317 -67462 5814.16 -73276.1 461.65319
8.35 292.35345 49.847856 51342.563 -67767 5760.91 -73528 460.02357
8.36 293.00631 179.65345 51351.676 -67519.8 5773.78 -73293.6 461.2343
8.37 296.71832 -273.09015 51609.711 -67590.6 5846.92 -73437.6 462.35894
8.38 289.07628 121.17508 51346.111 -67944.9 5696.33 -73641.3 461.28793
8.39 291.32017 -594.41648 51631.405 -67757.8 5740.55 -73498.3 462.68683
8.4 295.6488 363.76738 51274.47 -67733.6 5825.85 -73559.5 460.44119
8.41 289.74817 -368.22203 51578.634 -67735 5709.57 -73444.6 462.3785
8.42 286.16482 211.46316 51241.953 -68004.3 5638.96 -73643.3 460.07004
8.43 294.24743 9.4375114 51365.91 -67832.5 5798.23 -73630.8 461.38908
8.44 290.80417 26.937315 51323.848 -67527.4 5730.38 -73257.7 460.2725
8.45 289.4926 44.436026 51379.828 -67748.1 5704.54 -73452.7 460.658
8.46 282.24895 194.06853 51361.319 -68072.6 5561.8 -73634.4 461.24618
8.47 287.24953 -514.15334 51717.259 -67760 5660.34 -73420.3 463.71831
8.48 284.8226 -492.36719 51740.06 -67872.6 5612.51 -73485.1 462.93467
8.49 304.92044 186.25023 51331.598 -67527 6008.55 -73535.5 460.61071
8.5 302.43112 -106.11408 51414.293 -67636.8 5959.5 -73596.3 460.84599
8.51 295.12814 382.77728 51215.101 -67725.2 5815.59 -73540.8 460.43635
8.52 296.68285 -68.356801 51451.258 -67502.2 5846.22 -73348.4 460.67601
8.53 289.0088 285.72413 51187.976 -67794.4 5695.01 -73489.4 459.58471
8.54 288.29813 -210.30526 51471.214 -67628.3 5681 -73309.3 461.04841
8.55 296.68538 8.614028 51330.727 -67502.9 5846.27 -73349.2 460.24023
8.56 289.78166 -439.39598 51611.966 -67911 5710.23 -73621.2 462.66461
8.57 294.51786 25.300024 51405.755 -67292.5 5803.56 -73096 461.0727
8.58 292.30653 -354.59743 51586.463 -67911.5 5759.99 -73671.5 462.04504
8.59 291.14294 5.9851403 51423.842 -67699.1 5737.06 -73436.1 461.02083
8.6 295.89791 9.0225337 51447.313 -67770.7 5830.76 -73601.5 462.21103
8.61 292.7562 143.99586 51378.02 -67590.8 5768.85 -73359.7 461.5577
8.62 286.54466 -255.34984 51469.004 -68217.8 5646.45 -73864.2 461.55919
8.63 293.93469 281.90743 51226.307 -67615.5 5792.07 -73407.5 460.51502
8.64 287.30589 -145.23678 51449.528 -67780.8 5661.45 -73442.3 461.77076
8.65 296.67034 219.35754 51307.321 -67503.8 5845.98 -73349.8 460.77098
8.66 293.4119 75.627565 51381.253 -67690.9 5781.77 -73472.6 461.39411
8.67 288.12674 475.13285 51190.479 -67742.4 5677.62 -73420 460.17153
8.68 286.23578 -368.18715 51520.201 -67777.1 5640.36 -73417.4 461.54227
8.69 288.59256 -435.45587 51581.726 -67868.4 5686.8 -73555.2 462.91368
8.7 283.54036 -389.05501 51600.8 -67885.1 5587.25 -73472.4 461.92445
8.71 295.41383 339.41875 51232.145 -67491.7 5821.22 -73312.9 460.59409
8.72 287.17709 92.606476 51303.763 -67798.2 5658.91 -73457.1 460.49845
8.73 292.7378 -229.59251 51448.403 -67450.7 5768.49 -73219.1 461.76981
8.74 291.77023 528.69464 51068.135 -67958.6 5749.42 -73708 458.55824
8.75 298.87529 548.53455 51081.053 -67547.5 5889.43 -73436.9 459.67466
8.76 283.7817 76.480062 51367.392 -67720.6 5592 -73312.6 460.96945
8.77 299.83881 509.99889 51094.001 -67433.3 5908.41 -73341.7 459.39226
8.78 278.01217 -198.55899 51363.397 -67786.9 5478.31 -73265.2 461.21882
8.79 296.00767 716.36877 50921.828 -67669.5 5832.92 -73502.4 458.03084
8.8 293.01833 322.19054 51203.45 -67684.7 5774.01 -73458.8 460.0384
8.81 286.03931 457.37879 51170.2 -67795.8 5636.49 -73432.3 460.00172
8.82 302.00222 29.316017 51370.552 -67355.5 5951.04 -73306.6 460.91906
8.83 289.78371 287.47925 51198.815 -67894.3 5710.28 -73604.6 459.92867
8.84 295.27247 -17.042224 51382.716 -67630.2 5818.43 -73448.6 460.89114
8.85 284.61044 176.96986 51261.464 -67891.8 5608.33 -73500.2 460.30893
8.86 286.0066 66.718932 51339.232 -67714.8 5635.85 -73350.7 460.43842
8.87 296.87841 73.618699 51329.197 -67889.6 5850.08 -73739.7 460.5667
8.88 303.89718 207.25153 51356.439 -67684.6 5988.39 -73673 461.22522
8.89 280.80769 -310.16573 51463.939 -68068.1 5533.4 -73601.5 461.90266
8.9 290.95874 -63.763726 51320.749 -67660 5733.43 -73393.4 460.97986
8.91 293.87866 329.5189 51193.755 -67885.9 5790.97 -73676.9 459.75507
8.92 298.44542 202.28308 51213.184 -67547.5 5880.96 -73428.5 459.66987
8.93 285.09346 -4.0463985 51338.494 -67849.7 5617.85 -73467.6 460.94365
8.94 295.60606 42.140324 51358.71 -67623.2 5825.01 -73448.2 460.64181
8.95 296.84231 221.9283 51338.344 -67880.1 5849.37 -73729.5 460.49474
8.96 293.83514 -317.92253 51530.97 -67492 5790.11 -73282.1 462.55905
8.97 288.58057 -262.1683 51497.6 -67777.3 5686.57 -73463.9 461.5794
8.98 291.10569 10.805646 51412.306 -67502.8 5736.33 -73239.1 460.97109
8.99 287.40518 -225.24054 51382.854 -67790.9 5663.41 -73454.3 460.89848
9 297.53939 -302.63121 51573.029 -67352.7 5863.1 -73215.8 462.15087
9.01 290.41223 -53.368393 51392.519 -67854.2 5722.66 -73576.8 460.98654
9.02 286.86443 -40.327854 51373.985 -67559.7 5652.75 -73212.5 461.12102
9.03 279.88281 38.54478 51285.477 -68007.3 5515.17 -73522.4 459.5914
9.04 289.8964 -483.4772 51632.255 -67733.5 5712.5 -73446 462.19426
9.05 296.25114 253.97957 51212.943 -67811.1 5837.72 -73648.8 459.56044
9.06 286.93976 -211.62997 51507.023 -67911.1 5654.23 -73565.4 461.59649
9.07 292.90752 181.22072 51303.453 -67676.5 5771.83 -73448.3 460.29818
9.08 292.55358 270.04313 51209.338 -67741.4 5764.86 -73506.2 459.57148
9.09 281.69447 250.10257 51253.165 -67811.7 5550.87 -73362.6 459.82096
9.1 298.10834 174.66058 51374.181 -67426.4 5874.31 -73300.7 460.62103
9.11 297.16072 3.956842 51449.592 -67722.8 5855.64 -73578.5 460.96994
9.12 294.42245 187.64135 51268.661 -67512.9 5801.68 -73314.6 460.55054
9.13 298.97946 72.08663 51331.553 -67686.8 5891.48 -73578.3 460.70914
9.14 277.19193 127.13999 51256.896 -68078.6 5462.15 -73540.8 461.01645
9.15 293.28027 -279.10519 51475.113 -67734.3 5779.18 -73513.4 461.24492
9.16 283.79963 76.017708 51346.838 -68029.7 5592.36 -73622 460.09452
9.17 292.15855 96.674705 51351.749 -67722.3 5757.07 -73479.3 460.39146
9.18 292.88433 46.838593 51452.372 -67939.6 5771.37 -73711 460.71135
9.19 299.24071 254.88995 51256.133 -67623.9 5896.63 -73520.5 460.25866
9.2 285.95799 -700.00896 51729.112 -68080.5 5634.89 -73715.4 463.01521
9.21 289.95086 254.01212 51351.589 -67686.5 5713.57 -73400.1 461.11376
9.22 289.04345 -194.72145 51508.85 -67842.1 5695.69 -73537.7 461.81073
9.23 292.23006 242.84635 51326.197 -67554.6 5758.48 -73313.1 460.58305
9.24 282.74311 81.840178 51297.94 -68005 5571.54 -73576.5 460.76641
9.25 293.71057 76.40618 51298.254 -67876.9 5787.66 -73664.6 460.64527
9.26 284.90744 -642.42364 51647.539 -67951.5 5614.19 -73565.6 461.88882
9.27 296.83654 -444.83401 51614.473 -67581.4 5849.25 -73430.7 462.58895
9.28 286.87919 -176.34371 51453.578 -67795.4 5653.04 -73448.5 462.03759
9.29 292.24711 -194.72144 51456.635 -67812.3 5758.82 -73571.2 461.55674
9.3 296.38298 368.71116 51203.357 -67637.7 5840.32 -73478 459.33685
9.31 285.06167 -271.99361 51519.42 -67755 5617.23 -73372.3 461.93572
9.32 288.21865 -528.17849 51543.639 -67883.4 5679.44 -73562.8 461.91635
9.33 289.79954 7.8128165 51428.422 -67724.7 5710.59 -73435.3 461.3962
9.34 294.56919 387.40517 51239.908 -67919.9 5804.57 -73724.5 460.19262
9.35 280.7303 -148.08712 51434.799 -68065.4 5531.88 -73597.3 461.19103
9.36 296.98533 -2.9801474 51464.084 -67755.1 5852.19 -73607.3 461.36761
9.37 287.11903 258.37947 51249.454 -67926.3 5657.77 -73584 459.60655
9.38 294.99432 45.266062 51400.499 -67978.5 5812.95 -73791.5 461.39124
9.39 299.84992 -235.97542 51624.325 -67646.7 5908.63 -73555.3 461.80202
9.4 283.84494 494.47966 51157.702 -67917.5 5593.25 -73510.8 459.23121
9.41 289.31559 -33.656772 51368.401 -67785.5 5701.05 -73486.5 460.68267
9.42 280.45879 -362.30662 51465.16 -68134.4 5526.52 -73661 460.91211
9.43 296.4339 288.51069 51257.564 -67596.7 5841.32 -73438 460.26096
9.44 303.44756 251.10348 51344.998 -67710.8 5979.53 -73690.3 460.74103
9.45 292.22226 -156.14634 51533.319 -67660.3 5758.33 -73418.6 462.09498
9.46 280.72788 -801.14937 51749.247 -68095.8 5531.83 -73627.6 463.4627
9.47 288.24162 97.779194 51302.429 -67758.4 5679.89 -73438.3 460.24948
9.48 290.79899 -288.09682 51454.717 -68033.2 5730.28 -73763.5 461.06253
9.49 286.43203 -164.90245 51417.864 -67762.9 5644.23 -73407.1 461.00922
9.5 282.85976 418.01117 51144.985 -68003.6 5573.84 -73577.4 459.15703
9.51 289.58654 220.7698 51263.411 -67725.2 5706.39 -73431.6 459.5782
9.52 288.3793 -145.06434 51518.337 -67841.4 5682.6 -73524 461.36859
9.53 302.00058 -188.50527 51470.339 -67558.3 5951.01 -73509.3 461.38135
9.54 288.34867 -5.5331058 51426.87 -67940 5682 -73622 461.52671
9.55 292.07842 -345.90954 51548.835 -67787.7 5755.49 -73543.2 461.65398
9.56 300.70171 166.43548 51271.777 -67549.6 5925.42 -73475 460.08398
9.57 288.60071 243.84975 51224.028 -67856.3 5686.96 -73543.2 459.49302
9.58 295.2939 -246.9816 51428.264 -67791 5818.86 -73609.9 461.13422
9.59 285.38064 297.85533 51175.802 -67810.9 5623.51 -73434.4 459.59328
9.6 284.25 165.63074 51224.753 -67967.7 5601.23 -73568.9 460.34807
9.61 294.60225 231.61841 51208.167 -67671 5805.23 -73476.2 459.57029
9.62 282.59131 -150.76523 51422.701 -67970.8 5568.55 -73539.3 461.30108
9.63 291.21579 276.66181 51281.735 -67745.2 5738.49 -73483.7 459.9499
9.64 283.05139 373.02711 51134.67 -68022.9 5577.61 -73600.5 459.48724
9.65 290.92972 -64.369019 51412.133 -67768.3 5732.86 -73501.2 461.23158
9.66 284.44146 -245.66049 51513.756 -67929.9 5605 -73534.9 461.64054
9.67 298.26755 196.03754 51292.209 -67588.3 5877.45 -73465.7 460.03609
9.68 289.132 95.373193 51339.767 -67804.5 5697.43 -73501.9 460.80605
9.69 282.67577 36.408015 51363.208 -67829 5570.21 -73399.2 460.97997
9.7 299.00409 397.816 51203.706 -67927.4 5891.97 -73819.3 460.17742
9.71 298.30323 -255.86314 51543.4 -67745.2 5878.15 -73623.4 461.69494
9.72 291.61525 521.42558 51254.601 -67546.9 5746.37 -73293.3 460.53363
9.73 288.188 -256.3841 51552.172 -67949.9 5678.83 -73628.7 462.33382
9.74 288.18165 714.28314 50971.523 -67721 5678.71 -73399.7 458.50922
9.75 292.51694 33.680195 51283.275 -67802.6 5764.13 -73566.7 459.99832
9.76 299.84971 123.89255 51281.904 -67774.2 5908.63 -73682.8 461.00758
9.77 290.70759 380.85075 51239.379 -67615.5 5728.48 -73344 459.81487
9.78 284.81015 -267.79277 51466.946 -68104.9 5612.27 -73717.2 460.83085
9.79 298.63341 -89.392739 51512.347 -67718.9 5884.66 -73603.6 460.68109
9.8 289.78958 -1.6570534 51392.69 -67979.4 5710.39 -73689.8 461.04597
9.81 280.94229 244.8573 51296.682 -67982.9 5536.05 -73518.9 459.21207
9.82 291.56452 -263.8437 51506.06 -67772.8 5745.37 -73518.2 461.53276
9.83 283.78065 -308.66969 51588.952 -67856.4 5591.98 -73448.3 461.54642
9.84 295.87517 -227.13351 51479.001 -67779.9 5830.31 -73610.2 461.19655
9.85 294.52569 245.88405 51322.03 -67773.3 5803.72 -73577 459.98208
9.86 271.51812 -326.6557 51572.239 -68042.7 5350.35 -73393.1 462.28693
9.87 291.1249 127.12598 51321.526 -67741.5 5736.7 -73478.2 460.24519
9.88 296.54191 -180.38167 51440.458 -67877.9 5843.45 -73721.4 460.72998
9.89 295.09062 201.64551 51335.795 -67601.7 5814.85 -73416.5 460.20238
9.9 287.14157 -59.748573 51418.124 -67782.1 5658.21 -73440.3 460.77123
9.91 290.65916 77.084694 51332.764 -67855.9 5727.53 -73583.5 460.34801
9.92 292.85324 -311.29164 51531.985 -67383 5770.76 -73153.8 461.15889
9.93 290.38966 549.61182 51183.831 -67835.1 5722.22 -73557.4 459.57951
9.94 289.50295 -594.58246 51645.283 -67510.8 5704.74 -73215.5 462.92377
9.95 292.92483 102.41243 51308.243 -67735.3 5772.17 -73507.5 460.09988
9.96 293.23449 -6.8331192 51446.605 -67828.4 5778.27 -73606.7 461.03132
9.97 294.84518 405.665 51259.589 -67808.6 5810.01 -73618.6 459.8718
9.98 282.41229 -507.7315 51651.593 -67968.5 5565.02 -73533.5 461.83073
