0 291.7267 -31.087159 48547.848 -61031.6 5595.75 -66627.3 11.09915
0.01 280.89346 26.198802 48216.274 -61071.5 5387.95 -66459.5 22.159662
0.02 286.01973 164.68215 48386.274 -61385.4 5486.28 -66871.7 31.773809
0.03 283.37693 196.70647 48096.961 -61034.2 5435.59 -66469.8 40.734884
0.04 300.20737 333.85522 48126.912 -60549.1 5758.42 -66307.6 47.763768
0.05 280.35234 -188.98899 48385.97 -61237.5 5377.58 -66615.1 56.280982
0.06 292.4602 -234.43921 48090.614 -60724.4 5609.82 -66334.3 65.621942
0.07 281.76399 354.94548 48233.151 -60981.5 5404.65 -66386.1 75.858708
0.08 292.31245 -252.59232 48444.004 -60846 5606.99 -66453 83.05864
0.09 293.49466 11.160728 48291.087 -60537 5629.66 -66166.7 94.273954
0.1 290.3706 492.15784 48280.655 -60884.6 5569.74 -66454.4 103.45825
0.11 288.24273 -152.17958 48030.326 -60491.3 5528.92 -66020.3 109.54422
0.12 288.80171 -280.58927 47894.306 -60457.5 5539.65 -65997.1 119.60743
0.13 292.63855 461.84247 47815.757 -60159.7 5613.24 -65772.9 133.38231
0.14 303.68026 300.80825 48174 -60218.8 5825.04 -66043.8 146.46562
0.15 279.53518 86.643687 47940.16 -60453.1 5361.9 -65815 158.6109
0.16 288.5239 -111.65465 47895.295 -59839.7 5534.32 -65374 170.43716
0.17 295.20089 451.91557 47625.513 -60214.3 5662.39 -65876.7 176.95589
0.18 283.92689 454.39636 48086.734 -60890.4 5446.14 -66336.6 184.96071
0.19 300.5255 123.60216 48099.782 -60534.4 5764.53 -66298.9 197.37536
0.2 291.9336 325.13572 48018.491 -60476.7 5599.72 -66076.4 207.38706
0.21 295.68289 481.65703 48060.869 -60305.7 5671.64 -65977.4 214.74836
0.22 298.32713 -61.428171 47784.1 -60137.3 5722.36 -65859.7 226.6938
0.23 290.87478 -288.93981 47954.265 -60725.4 5579.41 -66304.8 238.72538
0.24 285.9708 -592.81563 48172.476 -60019 5485.35 -65504.4 245.85109
0.25 293.46507 51.100301 48119.763 -59669.4 5629.1 -65298.5 258.40706
0.26 294.11379 -197.36346 47597.393 -59966.5 5641.54 -65608 269.25342
0.27 295.53135 -57.929967 47904.176 -59650.6 5668.73 -65319.3 280.13742
0.28 304.28411 31.21661 47300.479 -59105.2 5836.62 -64941.8 290.62708
0.29 288.19832 -403.86615 47654.138 -59490.1 5528.07 -65018.2 307.1692
0.3 293.58151 380.23573 47392.014 -59478.8 5631.33 -65110.2 324.1156
0.31 292.00306 -232.50927 47695.52 -59107.9 5601.05 -64709 339.92884
0.32 283.78329 -401.91059 47399.929 -59017.6 5443.39 -64461 351.69168
0.33 291.63229 198.46405 47190.723 -58681.4 5593.94 -64275.3 358.78651
0.34 294.40859 689.74375 47195.717 -58767.5 5647.2 -64414.7 365.62168
0.35 286.9184 576.00504 46750.897 -57990.4 5503.52 -63493.9 382.15527
0.36 292.27662 756.22615 46319.049 -57259.2 5606.3 -62865.5 403.44782
0.37 290.1158 -22.624282 46052.598 -57159.4 5564.85 -62724.3 422.56074
0.38 300.49596 176.3824 45754.931 -56847.5 5763.96 -62611.4 446.67605
0.39 288.61608 -797.79872 46159.635 -57266.2 5536.09 -62802.3 468.07494
0.4 289.6108 646.46681 46270.001 -57284.7 5555.17 -62839.8 489.38192
0.41 291.93826 122.60351 45763.462 -57140.7 5599.81 -62740.5 517.55099
0.42 289.5444 -36.897464 46250.445 -56863.2 5553.89 -62417.1 552.59656
0.43 281.71073 42.475949 46427.574 -57330.3 5403.63 -62733.9 583.89951
0.44 299.25966 754.97174 45781.254 -57124.7 5740.25 -62865 617.37761
0.45 284.57653 9.1808097 45934.364 -57388.5 5458.6 -62847.1 649.51706
0.46 287.42562 -32.158701 46328.107 -57234.6 5513.25 -62747.9 677.40865
0.47 292.71204 138.50957 45774.512 -57536 5614.65 -63150.7 705.19678
0.48 294.53092 -463.97991 46530.208 -57084.3 5649.54 -62733.9 744.8963
0.49 295.62942 -334.66079 45894.246 -57241.8 5670.61 -62912.5 759.30135
0.5 293.99236 -25.428746 46314.305 -57049.3 5639.21 -62688.5 780.63244
0.51 299.68166 -8.6446812 46049.062 -56853.9 5748.34 -62602.2 800.26886
0.52 293.02223 763.11729 45969.404 -57080.9 5620.6 -62701.5 819.72465
0.53 292.29066 -0.8625502 46452.716 -57291.2 5606.57 -62897.7 854.7654
0.54 295.8833 -79.269954 46017.383 -57185.3 5675.48 -62860.8 873.62225
0.55 292.26172 -377.38914 46229.49 -57466.4 5606.01 -63072.4 898.97266
0.56 288.85884 85.01704 46502.716 -57373.2 5540.74 -62913.9 919.17097
0.57 302.53307 -11.5212 46005.958 -56974.5 5803.03 -62777.5 939.04675
0.58 293.38092 -1.7115425 46281.239 -57459 5627.48 -63086.5 960.62536
0.59 287.40666 -231.5725 46230.524 -57410.2 5512.89 -62923.1 986.53797
0.6 294.33462 820.48701 46029.15 -57210.1 5645.78 -62855.9 1007.2568
0.61 302.92356 -405.03573 46386.058 -56930.6 5810.52 -62741.1 1039.2066
0.62 290.76476 741.8976 45981.568 -57531.8 5577.3 -63109.1 1052.7026
0.63 295.9704 -153.2486 46301.813 -57177.8 5677.15 -62855 1079.307
0.64 293.04763 -179.18753 45816.719 -57291.2 5621.09 -62912.3 1090.4496
0.65 296.5607 -494.27912 45860.072 -57323.6 5688.48 -63012.1 1113.8356
0.66 288.79678 810.54564 46067.665 -57014.7 5539.55 -62554.2 1136.671
0.67 284.91717 -263.94349 46050.298 -57130.5 5465.14 -62595.7 1160.5317
0.68 280.7284 161.43348 46110.699 -57448.9 5384.79 -62833.7 1186.8356
0.69 296.69626 77.48912 46091.709 -57449.2 5691.08 -63140.3 1212.6508
0.7 299.75254 332.66007 45962.44 -57053.9 5749.7 -62803.6 1236.2908
0.71 298.20264 -156.24525 45924.498 -57317.6 5719.97 -63037.5 1268.7165
0.72 303.53642 295.56926 46361.798 -56910.8 5822.28 -62733.1 1300.3177
0.73 290.70264 -203.13747 46310.483 -57159.8 5576.11 -62735.9 1327.8306
0.74 287.38215 -952.90339 46392.429 -57113.8 5512.42 -62626.2 1355.267
0.75 288.47552 385.73232 46079.896 -57456.2 5533.39 -62989.6 1379.186
0.76 284.07515 926.84818 46214.566 -57242.4 5448.98 -62691.4 1404.6156
0.77 288.49535 -301.309 46092.291 -57165.6 5533.77 -62699.4 1416.4303
0.78 287.519 78.30203 46255.275 -57495.2 5515.04 -63010.2 1446.9253
0.79 285.81442 -72.312519 46018.135 -57020.7 5482.35 -62503.1 1469.2275
0.8 297.76845 251.00321 46368.908 -57076.2 5711.64 -62787.9 1505.1974
0.81 281.46545 -1102.1113 46399.036 -57438.7 5398.93 -62837.7 1537.594
0.82 302.36741 -113.15671 46045.532 -57109.1 5799.86 -62909 1553.0257
0.83 296.66891 337.32055 46355.514 -57141 5690.55 -62831.6 1595.1668
0.84 281.32093 -398.28522 46185.697 -57340.1 5396.15 -62736.3 1610.876
0.85 294.75561 327.60634 46018.781 -57065.7 5653.85 -62719.6 1637.022
0.86 294.69727 -339.60735 46164.75 -57476.2 5652.73 -63129 1678.8668
0.87 297.12217 438.98635 46084.34 -57124 5699.25 -62823.3 1692.2106
0.88 297.79842 812.02809 45662.525 -57182.9 5712.22 -62895.1 1709.6995
0.89 295.58862 552.77523 46073.671 -57264.6 5669.83 -62934.4 1744.2308
0.9 294.18439 -172.67629 46430.02 -57107.6 5642.89 -62750.5 1782.9236
0.91 293.84973 361.8704 46274.024 -57039.3 5636.48 -62675.8 1804.5469
0.92 298.82969 -284.62877 46183.761 -57050.1 5732 -62782.1 1827.9029
0.93 291.95547 -314.42959 46430.992 -57537.7 5600.14 -63137.8 1863.1775
0.94 298.54227 191.31012 45931.837 -57274 5726.49 -63000.4 1871.8163
0.95 295.26863 -938.64455 46507.942 -57384.5 5663.69 -63048.2 1927.9837
0.96 287.02411 22.806228 46022.779 -57055.1 5505.55 -62560.6 1948.479
0.97 296.94239 404.73534 45795.122 -57263.8 5695.8 -62959.6 1967.7801
0.98 285.55851 394.54174 46159.657 -57120.3 5477.44 -62597.7 2006.9717
0.99 294.81558 407.911 46002.5 -57080.4 5655 -62735.4 2026.5436
1 280.5825 -273.55628 46372.832 -57417.7 5381.99 -62799.7 2063.4385
1.01 290.43813 19.235759 45691.497 -57128.1 5571.04 -62699.1 2063.6329
1.02 283.85379 70.358759 46179.387 -57559 5444.74 -63003.7 2100.0887
1.03 291.1239 1098.4317 45702.116 -57266.6 5584.19 -62850.8 2112.031
1.04 297.34079 -91.000306 46459.574 -57295.1 5703.44 -62998.5 2162.7187
1.05 291.90406 -1.1467067 46489.53 -57422.8 5599.15 -63021.9 2194.8645
1.06 287.31124 -272.09112 46341.083 -57282.1 5511.06 -62793.1 2211.8928
1.07 280.97384 -50.081633 45993.269 -57230 5389.5 -62619.5 2220.6819
1.08 282.37216 83.8231 46204.626 -57353.6 5416.32 -62769.9 2254.2995
1.09 295.54948 1206.4141 45870.412 -57017.9 5669.08 -62687 2260.4884
1.1 293.92668 -437.73181 46385.651 -57524 5637.95 -63161.9 2312.9748
1.11 290.37393 90.706224 45892.754 -57118 5569.8 -62687.8 2324.6725
1.12 300.49098 -16.980656 46102.418 -57032.7 5763.86 -62796.5 2346.0111
1.13 293.51079 235.10482 46044.637 -56991.2 5629.97 -62621.1 2371.7683
1.14 294.89155 -611.43001 46436.825 -57116.9 5656.46 -62773.4 2421.5452
1.15 292.71521 -366.53437 46373.213 -57583.6 5614.71 -63198.3 2447.5682
1.16 297.57492 -222.04172 46273.573 -57127.9 5707.93 -62835.8 2474.8731
1.17 285.5616 276.95107 45789.238 -57469.9 5477.5 -62947.4 2486.3951
1.18 296.85452 1031.2454 45902.916 -57202 5694.11 -62896.1 2526.1281
1.19 285.90056 -561.69469 46340.409 -57353 5484 -62837 2567.7524
1.2 293.79381 -688.33131 46019.898 -57448.6 5635.4 -63084 2573.1061
1.21 296.05579 -470.16456 46299.14 -56878 5678.79 -62556.8 2623.3757
1.22 293.89782 -484.4524 45967.994 -57145.1 5637.4 -62782.5 2635.3954
1.23 282.61633 -591.76561 46266.802 -57554.2 5421 -62975.2 2677.9684
1.24 294.93593 -21.61123 46246.694 -57283.4 5657.31 -62940.7 2693.3596
1.25 289.51464 861.1674 45658.633 -56791.1 5553.32 -62344.4 2696.9521
1.26 290.37428 -435.07634 45993.475 -57336.7 5569.81 -62906.5 2719.7973
1.27 295.50903 -433.4289 46089.163 -57019.1 5668.3 -62687.4 2746.8963
1.28 289.6517 715.70383 46019.271 -57441.6 5555.95 -62997.5 2759.0537
1.29 291.75105 37.1634 46268.851 -57250.9 5596.22 -62847.1 2787.348
1.3 294.85953 510.32919 45728.184 -57543.9 5655.85 -63199.8 2788.7482
1.31 297.46747 -61.481227 46086.409 -57228 5705.87 -62933.9 2824.9886
1.32 296.40614 487.30609 46002.51 -57276.7 5685.51 -62962.2 2856.1092
1.33 298.47784 38.119264 46139.21 -57277 5725.25 -63002.3 2878.391
1.34 298.8994 224.01638 45902.482 -57236.2 5733.34 -62969.6 2884.4472
1.35 284.37155 -810.31603 45938.249 -57377.3 5454.67 -62831.9 2918.9326
1.36 282.96993 301.81195 45967 -57363.6 5427.78 -62791.4 2960.3962
1.37 290.42723 1001.8403 45951.155 -57775.6 5570.83 -63346.5 2985.8421
1.38 291.44017 425.24308 45938.777 -57148.5 5590.26 -62738.8 3011.5846
1.39 298.37284 446.33946 46094.241 -57134.4 5723.24 -62857.7 3039.0499
1.4 292.91437 74.525397 46605.39 -56966.1 5618.53 -62584.7 3078.7752
1.41 281.96098 -703.04819 46966.428 -57160.7 5408.43 -62569.1 3131.7924
1.42 300.34746 353.82015 45809.093 -56821.5 5761.11 -62582.6 3105.784
1.43 293.0755 -98.517357 46316.381 -57169.2 5621.62 -62790.8 3150.7744
1.44 295.30962 -127.61265 46006.972 -57223 5664.48 -62887.5 3165.9994
1.45 279.28754 168.77492 45950.68 -57504 5357.15 -62861.1 3190.3807
1.46 290.97536 253.36691 45821.541 -57039.6 5581.34 -62621 3220.1966
1.47 291.40258 -125.33197 45938.902 -57350.4 5589.54 -62940 3262.324
1.48 283.3905 -289.74636 46433.993 -57324 5435.85 -62759.9 3317.5918
1.49 286.12252 72.837875 46215.921 -57419.3 5488.26 -62907.5 3335.2539
1.5 286.25458 209.08974 46069.883 -57337.3 5490.79 -62828.1 3352.5519
1.51 291.51304 -396.33894 46333.577 -57289.4 5591.65 -62881.1 3379.8677
1.52 291.60822 354.2264 46586.133 -57302 5593.48 -62895.5 3418.8621
1.53 291.22927 -649.38112 45948.18 -57225.4 5586.21 -62811.6 3410.624
1.54 281.63628 194.70415 45402.106 -57629.9 5402.2 -63032.1 3408.8181
1.55 291.48244 -2.6849306 46154.432 -57468.7 5591.07 -63059.7 3482.1298
1.56 288.40836 467.87795 46011.995 -57047.3 5532.1 -62579.4 3492.1073
1.57 296.06958 -276.63747 45922.53 -57315.5 5679.06 -62994.5 3477.4194
1.58 288.87817 365.92999 46137.626 -57117.2 5541.11 -62658.3 3511.497
1.59 293.94531 16.02008 45899.445 -57266.5 5638.31 -62904.8 3535.6445
1.6 299.65898 337.01293 45731.011 -57350.5 5747.91 -63098.4 3546.2396
1.61 295.55032 -541.10565 46231.414 -57028.9 5669.09 -62698 3599.1332
1.62 285.42932 -391.60934 46048.634 -57335.4 5474.96 -62810.4 3620.8485
1.63 290.45398 -202.46722 45781.543 -57367.5 5571.34 -62938.8 3633.955
1.64 286.04065 -260.16451 46302.451 -57484.4 5486.69 -62971 3687.0865
1.65 291.31105 -206.25456 45914.306 -57448 5587.78 -63035.8 3702.6053
1.66 289.75707 -505.58492 46109.037 -57131.6 5557.97 -62689.6 3755.0817
1.67 291.65379 -102.55189 46098.222 -57447.3 5594.35 -63041.6 3782.8954
1.68 289.90102 -425.33408 46350.128 -57458.7 5560.73 -63019.4 3831.8584
1.69 299.76756 96.486591 46035.128 -57068.9 5749.99 -62818.9 3845.3335
1.7 283.24148 -406.26597 46240.179 -57348.5 5432.99 -62781.4 3886.9917
1.71 296.26094 -352.98199 46163.408 -57113.7 5682.73 -62796.4 3897.5751
1.72 288.0971 -445.70939 46453.547 -57175.1 5526.13 -62701.2 3921.7076
1.73 291.78043 -311.16851 46071.08 -57354.3 5596.78 -62951.1 3922.732
1.74 284.19043 -138.15086 46002.544 -57578.8 5451.2 -63030 3935.5193
1.75 296.69456 -49.129283 46074.489 -57216.6 5691.04 -62907.7 3955.3007
1.76 287.82383 142.71106 46090.259 -57430.2 5520.89 -62951.1 3980.7535
1.77 287.96719 331.0153 45737.995 -57451.2 5523.64 -62974.8 3980.9455
1.78 289.70449 -119.6924 46485.162 -57227.1 5556.96 -62784.1 4057.0462
1.79 289.07319 -22.874557 46492.101 -57318.8 5544.85 -62863.6 4083.0516
1.8 294.21712 -28.97697 46311.062 -57312.5 5643.52 -62956 4094.6411
1.81 296.15605 -811.39381 45989.073 -57141.9 5680.71 -62822.7 4107.2169
1.82 295.48594 -94.598659 46116.32 -57210.2 5667.86 -62878 4143.2622
1.83 291.77866 -5.9522678 46219.476 -57310.7 5596.75 -62907.4 4167.8945
1.84 289.00628 272.48713 46295.373 -57472.2 5543.57 -63015.7 4190.7905
1.85 287.83281 71.992977 46257.864 -57151.9 5521.06 -62672.9 4197.9317
1.86 292.10253 1628.6642 45900.951 -57322.5 5602.96 -62925.4 4208.7891
1.87 310.92229 408.52847 46077.044 -56907.7 5963.95 -62871.7 4239.8048
1.88 290.63621 126.5813 46000.995 -57300.3 5574.84 -62875.1 4258.6113
1.89 290.5265 112.96609 45947.741 -57101.7 5572.73 -62674.4 4262.8035
1.9 292.57751 -714.75844 46175.993 -57082.5 5612.07 -62694.6 4289.3402
1.91 282.38362 268.58534 45836.422 -57321.4 5416.54 -62737.9 4290.5527
1.92 289.88358 -454.1839 46386.442 -57270.4 5560.4 -62830.8 4355.113
1.93 295.02804 148.9205 45689.323 -57226.9 5659.08 -62886 4347.937
1.94 292.20455 763.9981 45883.105 -57069.4 5604.92 -62674.3 4398.0905
1.95 291.06238 -386.09012 46003.477 -57178.1 5583.01 -62761.1 4436.9572
1.96 284.88632 -467.17159 46411.995 -57470.6 5464.54 -62935.1 4482.2277
1.97 281.72872 -90.755711 46512.545 -57150.2 5403.98 -62554.1 4500.2314
1.98 285.79207 -226.76333 46222.041 -57535.8 5481.92 -63017.7 4496.9521
1.99 288.92631 -128.15584 46291.506 -57290.2 5542.04 -62832.3 4511.2008
2 300.06165 -513.46482 45932.786 -57147.7 5755.63 -62903.3 4517.8046
2.01 298.52758 -217.46397 46024.692 -57042.7 5726.2 -62768.9 4554.6485
2.02 292.88487 565.93998 45717.298 -57635.1 5617.97 -63253.1 4572.1338
2.03 290.63409 -759.52829 46305.752 -57138.1 5574.79 -62712.9 4636.2305
2.04 292.17905 165.2839 46069.564 -57035.7 5604.43 -62640.1 4640.8746
2.05 296.84907 -390.44603 46309.093 -57319.3 5694.01 -63013.3 4705.9055
2.06 298.50508 515.76863 46305.654 -57047.3 5725.77 -62773 4721.1567
2.07 292.96421 204.57086 46410.096 -56843.3 5619.49 -62462.8 4743.5018
2.08 293.68948 -26.661321 46119.509 -57398.3 5633.4 -63031.7 4740.9621
2.09 290.31099 697.99384 45749.429 -57197.1 5568.6 -62765.7 4763.3273
2.1 296.42363 -603.66208 46211.695 -56952.8 5685.85 -62638.7 4835.0454
2.11 284.10805 1035.3774 45863.276 -57665.8 5449.62 -63115.4 4854.4516
2.12 295.68646 556.11194 46318.838 -57011 5671.71 -62682.7 4895.411
2.13 292.78499 -352.69564 45940.736 -57406.3 5616.05 -63022.4 4883.8775
2.14 280.12617 473.40108 46304.446 -57368.4 5373.24 -62741.7 4933.9267
2.15 287.61554 436.53749 46088.237 -57619.6 5516.89 -63136.5 4952.6319
2.16 290.53484 -65.918814 46180.583 -57030.9 5572.89 -62603.8 4973.3943
2.17 297.9282 -14.500863 46159.824 -56876.5 5714.71 -62591.2 4990.4221
2.18 283.24795 512.31043 46310.199 -57311.8 5433.12 -62744.9 5017.7894
2.19 294.52935 -22.675471 46124.406 -57078.9 5649.51 -62728.4 4995.3301
2.2 296.93231 -303.24828 45818.417 -56983.6 5695.6 -62679.2 5008.7357
2.21 296.15372 276.6516 45965.202 -57201.9 5680.67 -62882.6 5041.322
2.22 279.32982 542.09671 46429.103 -57654.1 5357.96 -63012 5097.0075
2.23 281.54859 370.38749 46242.298 -57553.3 5400.52 -62953.8 5099.1199
2.24 295.33374 -636.12824 46552.106 -57055.9 5664.94 -62720.9 5141.5471
2.25 282.99985 -252.48015 46107.935 -57199.1 5428.36 -62627.5 5131.1369
2.26 290.68104 -73.778764 46185.819 -57482.4 5575.7 -63058.1 5145.9101
2.27 303.01758 -617.58332 46701.718 -57025.5 5812.33 -62837.8 5228.3904
2.28 287.19086 -182.58638 46075.149 -57088.1 5508.75 -62596.8 5195.2409
2.29 295.33011 -269.36765 46050.565 -56700.3 5664.87 -62365.2 5231.6698
2.3 296.2019 307.2547 46195.29 -57226.2 5681.59 -62907.8 5262.1727
2.31 288.39111 51.976502 46173.914 -57268.3 5531.77 -62800 5284.5416
2.32 283.14786 -642.16575 46200.326 -57243.6 5431.2 -62674.8 5319.0115
2.33 294.32211 -33.072419 45834.891 -57077.7 5645.54 -62723.2 5316.433
2.34 285.47093 -428.6325 46418.462 -57165.7 5475.76 -62641.4 5400.7232
2.35 284.42218 182.43843 45673.096 -57433 5455.64 -62888.6 5379.9183
2.36 286.12105 149.4231 46674.878 -57183.3 5488.23 -62671.5 5498.1118
2.37 290.23675 569.28422 46013.47 -57410.2 5567.17 -62977.4 5455.8195
2.38 292.21861 -283.02834 46262.575 -57222.9 5605.19 -62828 5506.6797
2.39 294.3506 -81.908015 46608.597 -57289.2 5646.08 -62935.3 5555.9375
2.4 290.22117 847.90366 45607.317 -57325.7 5566.87 -62892.5 5499.3987
2.41 296.79217 -278.06003 46148.346 -57109.2 5692.92 -62802.2 5576.3716
2.42 292.39585 365.92064 46289.459 -57436.3 5608.59 -63044.9 5602.6781
2.43 292.43505 66.890843 45826.721 -57285.1 5609.34 -62894.4 5613.0628
2.44 293.84956 467.21021 45635.971 -57164.3 5636.47 -62800.7 5651.37
2.45 288.15657 401.80024 46195.696 -56967.4 5527.27 -62494.7 5712.6703
2.46 289.6308 -42.281719 46198.479 -57355.4 5555.55 -62910.9 5735.3501
2.47 284.69505 -174.3568 46133.478 -57423.9 5460.87 -62884.8 5748.9474
2.48 284.70905 524.51018 46226.079 -57178.3 5461.14 -62639.4 5783.1519
2.49 290.0369 30.582893 46365.961 -57720.2 5563.34 -63283.6 5813.9688
2.5 294.66625 717.0406 46074.95 -57219.8 5652.14 -62871.9 5813.3785
2.51 296.06808 80.391546 45999.751 -57110.8 5679.03 -62789.8 5813.3608
2.52 291.15407 571.27675 46241.589 -57245 5584.77 -62829.8 5886.1917
2.53 289.26433 205.67976 46028.998 -57077.3 5548.52 -62625.8 5886.7051
2.54 293.39582 16.255202 46069.467 -57310.4 5627.77 -62938.1 5920.5688
2.55 289.35824 209.59165 45827.759 -57025.1 5550.32 -62575.4 5922.6047
2.56 288.36431 -703.14792 46194.67 -57445.8 5531.26 -62977.1 5972.0433
2.57 297.21256 307.35695 46237.234 -56959 5700.98 -62660 5984.6503
2.58 288.34791 -152.12662 45927.442 -57148 5530.94 -62679 5984.5258
2.59 302.82999 258.00742 46353.744 -56669.4 5808.73 -62478.1 6056.3233
2.6 290.62324 230.92931 46010.121 -57067.5 5574.59 -62642.1 6042.2637
2.61 287.84935 -246.05923 46128.399 -57458 5521.38 -62979.4 6087.2188
2.62 299.60624 124.48399 46312.542 -57192.9 5746.89 -62939.8 6126.3229
2.63 290.6985 450.93268 45874.234 -57092.6 5576.03 -62668.6 6133.492
2.64 291.35754 -341.71354 46250.099 -57083.8 5588.67 -62672.5 6201.4624
2.65 290.01854 -127.64181 45905.279 -57284.7 5562.99 -62847.7 6190.5651
2.66 295.17419 -257.05078 46475.342 -57290.7 5661.88 -62952.6 6248.7624
2.67 289.87806 -243.29739 46186.558 -57472.4 5560.29 -63032.7 6257.949
2.68 297.63464 20.955596 46422.021 -56948.2 5709.08 -62657.3 6297.9833
2.69 295.54789 -250.68203 46270.213 -57263.3 5669.05 -62932.3 6303.8227
2.7 290.65759 -269.13168 46090.776 -57427.3 5575.25 -63002.6 6334.2742
2.71 298.50298 -93.283053 46085.511 -56995.8 5725.73 -62721.5 6349.1277
2.72 295.04815 -468.75141 46251.126 -57177.2 5659.46 -62836.7 6388.4217
2.73 297.7562 -861.31378 46004.106 -57265.4 5711.41 -62976.8 6383.8291
2.74 293.41188 -153.25507 46404.035 -57121.3 5628.08 -62749.3 6462.719
2.75 291.75946 132.11048 45867.116 -57332.2 5596.38 -62928.5 6444.6714
2.76 298.53509 -2.377415 46015.303 -57185.6 5726.35 -62912 6477.8753
2.77 292.41568 -288.33666 46079.598 -57370.8 5608.97 -62979.8 6502.5722
2.78 289.75616 -136.96744 46279.699 -57273.1 5557.95 -62831.1 6563.559
2.79 299.20961 -381.11866 46342.357 -56777.1 5739.29 -62516.4 6586.6921
2.8 285.32845 395.14469 46179.748 -57187.6 5473.02 -62660.6 6605.6567
2.81 288.25975 -26.95382 46167.605 -57089.8 5529.25 -62619.1 6624.7147
2.82 288.69586 715.99607 45971.993 -57393.1 5537.62 -62930.7 6619.6776
2.83 280.95548 -9.0762467 46239.408 -57359.2 5389.14 -62748.4 6666.771
2.84 283.71434 687.45714 46129.608 -57380.4 5442.06 -62822.5 6671.2547
2.85 291.58791 -12.397476 46123.447 -56952 5593.09 -62545 6691.2548
2.86 302.57892 -449.4685 46389.879 -57336 5803.91 -63139.9 6726.8776
2.87 304.86081 -643.36455 46242.4 -56906.7 5847.68 -62754.4 6724.7278
2.88 289.44738 41.58906 45856.601 -57260 5552.03 -62812 6711.4719
2.89 297.40653 413.319 45886.636 -56870.6 5704.7 -62575.3 6754.3462
2.9 285.86756 324.60325 46368.818 -57277 5483.37 -62760.4 6811.932
2.91 285.14265 314.03152 46035.601 -57381.4 5469.46 -62850.9 6807.6098
2.92 292.54896 470.9045 45887.913 -57185 5611.52 -62796.5 6834.9358
2.93 284.38106 -776.28207 45937.689 -57753.4 5454.85 -63208.2 6845.7997
2.94 286.17748 -231.56658 46134.383 -57394 5489.31 -62883.3 6897.9977
2.95 292.73592 43.317451 46169.351 -57274.6 5615.11 -62889.8 6928.381
2.96 294.5389 428.03423 46064.417 -57552 5649.69 -63201.7 6951.1801
2.97 298.96617 -207.72458 46256.272 -57101.1 5734.62 -62835.8 6996.96
2.98 298.41842 164.78547 45568.844 -57124.2 5724.11 -62848.3 6945.7448
2.99 288.94404 164.70214 45999.97 -57230.1 5542.38 -62772.5 7027.1035
3 292.01998 61.633361 46060.099 -57304.9 5601.38 -62906.2 7060.954
3.01 285.0957 -312.66378 45882.979 -57236.2 5468.56 -62704.8 7045.0257
3.02 291.54176 -275.49491 46084.688 -57334.2 5592.21 -62926.4 7109.1993
3.03 299.17018 -416.53122 45946.943 -57363 5738.53 -63101.5 7120.0748
3.04 296.81831 138.12002 46118.897 -57254.4 5693.42 -62947.9 7156.5357
3.05 290.79459 82.400921 46122.397 -57299.3 5577.87 -62877.2 7189.9799
3.06 315.40516 977.69669 45911.047 -56755.8 6049.94 -62805.7 7197.2731
3.07 292.33399 -110.55868 46417.358 -57024.4 5607.4 -62631.8 7278.0295
3.08 292.266 402.77981 46366.081 -57547.2 5606.1 -63153.3 7308.7295
3.09 288.12265 -331.13057 46410.15 -57418.8 5526.62 -62945.4 7346.2257
3.1 299.52879 -593.25272 46311.892 -57053.3 5745.41 -62798.7 7346.7615
3.11 299.82564 -164.84798 46348.085 -57180.9 5751.1 -62932 7375.5672
3.12 281.51446 -185.09609 46426.4 -57240.2 5399.87 -62640.1 7426.0937
3.13 287.85676 -163.7428 45907.647 -57156.5 5521.52 -62678 7390.2204
3.14 300.68688 230.04195 46271.616 -56762.6 5767.62 -62530.3 7478.1407
3.15 288.77096 -368.69476 46341.973 -57251.4 5539.06 -62790.5 7510.4608
3.16 283.49624 -103.61767 46026.365 -57535.4 5437.88 -62973.3 7492.8464
3.17 285.52933 314.52331 45824.71 -57361.9 5476.88 -62838.8 7501.3878
3.18 296.6005 450.76971 46037.699 -56946.1 5689.24 -62635.3 7541.7076
3.19 292.82323 -465.11078 46097.723 -57143.3 5616.79 -62760 7578.2323
3.2 298.95484 522.37506 45917.769 -57150.4 5734.4 -62884.8 7614.3167
3.21 288.91844 30.455227 46336.15 -57329.7 5541.89 -62871.6 7680.9435
3.22 300.67193 299.96335 46147.191 -57151 5767.34 -62918.4 7702.1066
3.23 295.68899 1250.5037 45773.752 -57129.8 5671.76 -62801.6 7684.706
3.24 289.6261 210.44202 45969.631 -57076.7 5555.46 -62632.1 7706.7387
3.25 288.87041 87.369461 45992.68 -57320.7 5540.96 -62861.7 7736.3254
3.26 288.42285 -130.57978 46347.065 -57161 5532.38 -62693.4 7815.6133
3.27 304.33862 568.34766 46312.36 -56637.2 5837.67 -62474.8 7849.1617
3.28 289.3326 -362.29288 45834.473 -57203.2 5549.83 -62753 7839.8456
3.29 290.35758 166.58452 46397.218 -57480.1 5569.49 -63049.6 7931.5117
3.3 296.61022 -415.88375 46169.438 -57213.9 5689.43 -62903.3 7934.7002
3.31 292.59917 329.60334 45920.4 -57331 5612.49 -62943.5 7916.3772
3.32 291.50321 740.71586 46333.912 -56950.3 5591.47 -62541.7 8007.9176
3.33 295.86216 160.52236 45858.891 -57351 5675.08 -63026.1 7991.1508
3.34 287.689 -135.4575 46244.012 -57182.6 5518.3 -62700.9 8069.6412
3.35 294.24752 658.13881 45794.668 -56929 5644.11 -62573.1 8060.5233
3.36 290.94234 80.268757 46261.439 -57376.8 5580.71 -62957.5 8122.9759
3.37 283.19496 -283.61645 46154.822 -57434.1 5432.1 -62866.2 8134.8071
3.38 285.33603 60.768609 46025.208 -57455.8 5473.17 -62929 8168.2489
3.39 292.71196 436.74284 46137.885 -57174.8 5614.65 -62789.5 8191.9255
3.4 294.17198 60.403767 46111.512 -57210.5 5642.66 -62853.2 8189.9754
3.41 302.18771 101.93856 46431.146 -56965 5796.41 -62761.4 8249.3203
3.42 284.19795 666.92546 45963.433 -57528.1 5451.34 -62979.4 8219.596
3.43 288.39895 -556.67785 46048.018 -57365.8 5531.92 -62897.7 8256.1864
3.44 293.56179 73.885578 45852.65 -57170.3 5630.95 -62801.3 8258.4615
3.45 285.49023 -131.86212 46006.536 -57552.5 5476.13 -63028.6 8308.5184
3.46 291.71716 -464.19969 45826.493 -57180.7 5595.57 -62776.2 8301.9259
3.47 286.41293 -39.771945 46342.316 -56988.1 5493.83 -62481.9 8375.8802
3.48 296.36394 -374.62426 46250.301 -57123.7 5684.7 -62808.4 8382.9692
3.49 289.39336 -779.75359 45862.551 -57508 5551 -63059 8361.4254
3.5 308.35098 261.27434 45775.525 -56963.8 5914.63 -62878.5 8393.0569
3.51 289.16254 -380.39306 46115.525 -57189 5546.57 -62735.5 8454.2961
3.52 281.79449 -327.43688 46191.572 -57696.5 5405.24 -63101.8 8516.4406
3.53 294.69372 615.36021 46303.297 -57118.8 5652.66 -62771.5 8563.79
3.54 297.36825 -523.46026 46308.476 -57096.9 5703.97 -62800.9 8588.6929
3.55 292.73617 -404.74675 46314.618 -57299.6 5615.12 -62914.7 8628.3662
3.56 294.47318 181.10807 45736.191 -56876.6 5648.43 -62525.1 8598.7184
3.57 290.49839 -760.66157 45919.836 -57130.7 5572.19 -62702.9 8657.553
3.58 308.32056 -206.17388 46339.631 -56822.9 5914.05 -62737 8718.6897
3.59 302.50136 -79.873638 46083.596 -57260.5 5802.43 -63063 8704.0658
3.6 292.24202 -54.438232 46282.894 -57011.3 5605.64 -62616.9 8766.8909
3.61 290.6827 717.82931 45810.844 -57367.9 5575.73 -62943.6 8755.5767
3.62 295.65428 -489.91831 46109.101 -57308 5671.09 -62979.1 8820.7963
3.63 304.823 692.40433 46105.019 -57067.1 5846.96 -62914 8886.1692
3.64 298.08398 546.08712 46310.386 -56937.7 5717.69 -62655.4 8961.1674
3.65 290.8296 -84.354455 46247.351 -57373.4 5578.54 -62951.9 8971.0623
3.66 299.15549 320.51507 46218.218 -56936.8 5738.25 -62675 8991.7131
3.67 289.15715 7.6550816 45871.352 -57570.5 5546.46 -63117 8967.6565
3.68 291.19774 -246.87366 46155.324 -57092.5 5585.61 -62678.1 9031.6896
3.69 288.85335 130.01657 45777.496 -57540.5 5540.64 -63081.1 9022.7646
3.7 297.58915 530.78792 46086.574 -57031.8 5708.2 -62740 9071.8368
3.71 287.50638 240.10817 46009.305 -57357.5 5514.8 -62872.3 9080.7318
3.72 287.14074 618.83412 45816.832 -57284.5 5507.79 -62792.3 9105.744
3.73 288.69832 129.66261 45729.487 -57523.7 5537.66 -63061.4 9105.7183
3.74 298.24808 -300.55718 45924.76 -57172.6 5720.84 -62893.4 9122.8513
3.75 288.29792 584.06199 46202.115 -57495.6 5529.98 -63025.6 9195.7682
3.76 293.22569 -29.657901 46385.404 -57506.9 5624.51 -63131.4 9248.4783
3.77 290.05733 -21.768847 46391.222 -57143.6 5563.73 -62707.4 9270.1768
3.78 291.7647 -379.55643 46052.576 -56838.8 5596.48 -62435.3 9216.2846
3.79 283.91061 407.73779 45913.755 -57248.9 5445.83 -62694.8 9215.1414
3.8 289.69057 28.457415 45829.036 -57412.7 5556.7 -62969.4 9250.7534
3.81 297.62648 -18.943687 46204.603 -57206.7 5708.92 -62915.6 9303.9817
3.82 286.29676 782.84807 46239.102 -57430 5491.6 -62921.6 9341.3253
3.83 287.83224 276.90607 46198.38 -57207.9 5521.05 -62728.9 9349.4368
3.84 280.13142 -207.46621 45874.947 -57502.5 5373.34 -62875.8 9341.256
3.85 287.0852 -317.68073 46248 -57293.9 5506.72 -62800.6 9417.6841
3.86 301.15301 -410.54853 46266.689 -57004.2 5776.56 -62780.8 9462.0474
3.87 293.31235 753.64632 45767.413 -57375 5626.17 -63001.2 9438.538
3.88 288.99667 551.82314 45977.663 -57248 5543.39 -62791.4 9525.5602
3.89 297.89765 273.38252 46517.702 -57056.5 5714.12 -62770.7 9629.5633
3.9 289.90083 268.84494 46414.913 -57372.3 5560.73 -62933 9630.5257
3.91 293.38221 -162.03047 46286.725 -57111.4 5627.51 -62738.9 9611.5411
3.92 289.4475 328.30823 45660.664 -57296.5 5552.03 -62848.5 9534.2676
3.93 295.11351 -180.45344 46033.41 -56975.2 5660.72 -62636 9601.7588
3.94 287.74558 338.87509 46019.287 -57241.7 5519.39 -62761.1 9618.8959
3.95 286.76971 377.28589 45961.492 -57468.6 5500.67 -62969.2 9626.3765
3.96 288.47231 -503.27706 46018.419 -57147 5533.33 -62680.3 9654.9991
3.97 300.87283 197.82017 46200.426 -56653.6 5771.19 -62424.7 9672.663
3.98 296.1167 164.18786 45825.943 -57221.3 5679.96 -62901.3 9648.6186
3.99 306.19654 -367.29298 46286.623 -56846.9 5873.31 -62720.2 9733.1251
4 280.42936 -311.12876 46213.513 -57597 5379.05 -62976.1 9735.5024
4.01 292.02882 70.882159 46307.334 -57139.4 5601.55 -62740.9 9811.4164
4.02 294.40315 -265.87617 46148.156 -56868.3 5647.09 -62515.3 9803.197
4.03 285.85589 222.26464 45988.461 -57025.9 5483.14 -62509 9795.3654
4.04 284.93924 125.45476 45945.326 -57304.6 5465.56 -62770.2 9822.928
4.05 287.39816 671.72346 45758.304 -57608.4 5512.72 -63121.1 9842.5593
4.06 296.05499 673.93256 46075.554 -57130.6 5678.78 -62809.4 9923.2377
4.07 287.82849 167.11368 46048.79 -57328.8 5520.98 -62849.8 9933.7679
4.08 305.31524 223.93339 46169.861 -57034.8 5856.4 -62891.2 9968.6329
4.09 284.85408 -291.86082 46285.737 -57121.1 5463.93 -62585 9995.3181
4.1 288.10675 545.42152 45754.55 -57358.2 5526.32 -62884.5 9951.1295
4.11 286.34015 -162.78551 46359.515 -57277.8 5492.43 -62770.2 10027.41
4.12 302.26892 203.78731 46312.44 -56983 5797.97 -62780.9 10040.495
4.13 300.76565 -16.303965 46015.569 -56972.6 5769.13 -62741.7 10016.049
4.14 285.13511 176.03962 45975.038 -57055 5469.32 -62524.3 10036.363
4.15 296.79849 -196.84299 46239.417 -57358.9 5693.04 -63052 10096.674
4.16 297.11774 378.66005 46136.024 -57119.4 5699.16 -62818.6 10099.09
4.17 287.46843 -245.99018 46237.013 -57193.2 5514.07 -62707.2 10127.377
4.18 299.69184 342.63028 45967.338 -57051.2 5748.54 -62799.8 10094.785
4.19 279.23571 406.84843 46121.248 -57379.8 5356.16 -62736 10137.19
4.2 294.16727 389.14158 46097.6 -57238.3 5642.57 -62880.9 10148.049
4.21 301.78125 -569.88242 46348.793 -57401.8 5788.61 -63190.4 10209.285
4.22 293.47618 -365.62038 46331.946 -57267.3 5629.31 -62896.6 10238.111
4.23 293.12247 440.82815 46224.725 -56954.5 5622.53 -62577.1 10225.799
4.24 286.99786 -677.53196 46115.133 -57263.8 5505.05 -62768.9 10202.721
4.25 290.98079 197.35857 46147.549 -57235.8 5581.44 -62817.2 10233.984
4.26 303.11499 -1069.8612 46129.498 -56924.1 5814.2 -62738.3 10251.928
4.27 297.07316 -126.99186 46577.605 -57146 5698.31 -62844.3 10325.54
4.28 286.55304 -208.65879 46447.061 -57203.7 5496.51 -62700.2 10363.596
4.29 297.5512 404.74436 46206.536 -57304.4 5707.48 -63011.9 10355.635
4.3 282.5138 -22.687064 46464.773 -57432.1 5419.04 -62851.1 10417.366
4.31 288.63896 48.017884 46205.729 -57290.4 5536.52 -62826.9 10411.671
4.32 290.01448 357.34854 46506.427 -57085 5562.91 -62647.9 10487.408
4.33 287.43806 172.41088 46080.24 -57164.5 5513.49 -62678 10437.144
4.34 279.09823 91.072113 45722.226 -57666.3 5353.52 -63019.8 10380.566
4.35 303.50735 -797.06449 46305.414 -57076.8 5821.72 -62898.6 10507.721
4.36 292.70937 -238.02276 46081.472 -57424.2 5614.6 -63038.8 10483.952
4.37 291.8447 486.08806 45943.486 -57263.4 5598.02 -62861.4 10481.581
4.38 291.22381 -187.02139 46439.418 -57305.8 5586.11 -62891.9 10582.422
4.39 292.35398 23.111564 46285.619 -57138.7 5607.78 -62746.5 10563.813
4.4 288.69946 20.155596 45982.431 -57375.8 5537.69 -62913.5 10556.325
4.41 298.90482 110.90029 46195.217 -57057.1 5733.44 -62790.5 10624.984
4.42 285.87542 711.74666 46015.85 -57407.8 5483.52 -62891.3 10614.244
4.43 299.1393 966.22285 45584.271 -57131 5737.94 -62869 10585.915
4.44 297.4453 -35.439355 46057.846 -56927.9 5705.44 -62633.4 10677.718
4.45 307.06023 -286.04566 46370.616 -56899.9 5889.87 -62789.8 10753.146
4.46 296.48252 -736.44096 46058.767 -57343.2 5686.98 -63030.2 10738.336
4.47 288.18716 475.94733 45861.3 -57438.9 5527.86 -62966.7 10732.238
4.48 293.73411 49.449246 46137.53 -57386.1 5634.26 -63020.3 10814.528
4.49 284.08675 -92.056184 46049.071 -57255.8 5449.21 -62705 10853.836
4.5 288.85706 420.58008 45827.101 -57338.3 5540.71 -62879 10800.303
4.51 294.26243 -589.16098 45859.435 -57048.8 5644.39 -62693.2 10847.912
4.52 293.03501 -200.32324 46254.176 -57164 5620.85 -62784.9 10943.531
4.53 298.18639 -43.122339 46181.174 -57017.8 5719.66 -62737.5 10953.188
4.54 289.7343 -195.87891 46064.715 -57318.6 5557.54 -62876.1 10955.998
4.55 287.785 198.65068 45833.644 -57184.1 5520.14 -62704.3 10942.514
4.56 292.96523 -37.031945 46073.135 -57080.1 5619.51 -62699.6 11013.218
4.57 289.903 -50.993624 45955.936 -57163.3 5560.77 -62724.1 11017.839
4.58 290.03 626.17967 46143.055 -57356.5 5563.21 -62919.7 11075.328
4.59 291.18288 23.328705 46118.795 -57139.8 5585.32 -62725.1 11079.804
4.6 284.23595 116.82578 45739.701 -57557.2 5452.07 -63009.3 11064.066
4.61 285.80313 357.75728 46008.028 -57063.3 5482.13 -62545.5 11149.065
4.62 302.50415 26.742194 45886.543 -57058.8 5802.48 -62861.3 11140.34
4.63 289.91049 -1129.8848 46343.741 -57190.4 5560.91 -62751.3 11229.755
4.64 287.47166 135.72455 46004.136 -57373.3 5514.13 -62887.5 11207.794
4.65 302.87776 -179.98601 46137.546 -56988.4 5809.65 -62798.1 11233.915
4.66 289.44489 123.75163 46042.335 -57330.9 5551.98 -62882.9 11237.853
4.67 284.05401 136.99965 45891.445 -57413.4 5448.58 -62862 11231.303
4.68 308.10459 388.31699 46241.269 -57120.5 5909.91 -63030.4 11313.332
4.69 297.76578 -16.542964 45915.107 -57019.3 5711.59 -62730.9 11286.97
4.7 287.55546 -1159.3319 46237.845 -57104.8 5515.74 -62620.5 11351.022
4.71 286.22597 250.89935 45801.556 -57411.1 5490.24 -62901.3 11300.745
4.72 296.77781 -35.258671 45941.117 -57096.2 5692.64 -62788.8 11331.251
4.73 281.74232 123.9759 45814.53 -57417 5404.24 -62821.2 11354.571
4.74 287.77619 -310.83557 46072.616 -56916.5 5519.98 -62436.5 11411.871
4.75 278.30015 -74.174675 46489.688 -57503.5 5338.21 -62841.8 11507.456
4.76 298.29598 556.32126 46286.562 -57232 5721.76 -62953.8 11521.347
4.77 299.64122 -148.25466 46286.669 -57006 5747.56 -62753.5 11543.893
4.78 282.72471 429.10314 46326.518 -57263.7 5423.08 -62686.8 11554.1
4.79 283.10494 215.42783 45981.966 -57549 5430.37 -62979.3 11555.552
4.8 291.85135 176.66704 46301.817 -57090.8 5598.14 -62689 11645.13
4.81 296.53008 378.20212 45671.005 -57069.5 5687.89 -62757.4 11554.332
4.82 295.47312 6.8509502 46168.067 -56998.5 5667.61 -62666.1 11657.662
4.83 298.1688 -163.30251 45935.776 -56936.5 5719.32 -62655.9 11633.419
4.84 300.48871 -116.62393 46067.063 -57361.7 5763.82 -63125.5 11636.87
4.85 290.91002 -244.63838 46090.874 -57315.6 5580.09 -62895.7 11676.727
4.86 289.92253 523.30866 46131.032 -57046.6 5561.15 -62607.8 11725.224
4.87 288.46666 319.68377 45917.866 -57317.1 5533.22 -62850.3 11722.758
4.88 296.98636 123.99721 46246.501 -57411.3 5696.64 -63108 11797.147
4.89 299.42133 -130.69187 46287.148 -57355.8 5743.35 -63099.1 11831.095
4.9 291.35421 -321.30539 46375.88 -57060.2 5588.61 -62648.9 11864.189
4.91 281.89268 -809.41844 46503.528 -57489.9 5407.12 -62897 11923.161
4.92 285.4381 270.6936 45946.694 -57519.4 5475.13 -62994.5 11855.138
4.93 290.79558 278.38906 46291.529 -57189.2 5577.89 -62767.1 11942.194
4.94 299.60869 -321.16494 46149.415 -57405.4 5746.94 -63152.3 11948.254
4.95 291.77417 145.37549 46533.59 -57158.6 5596.66 -62755.2 12039.377
4.96 301.34018 -287.96095 46434.36 -57232.5 5780.15 -63012.6 12057.359
4.97 290.01853 402.79238 46075.33 -57467.1 5562.99 -63030.1 12017.635
4.98 301.69053 627.3936 45933.703 -57045.3 5786.87 -62832.2 12018.618
4.99 286.01866 -131.54818 46130.344 -57341.8 5486.26 -62828.1 12056.663
5 290.15918 -146.45458 45834.491 -57548.7 5565.68 -63114.4 12027.249
5.01 294.00444 -178.47477 46177.204 -57216.5 5639.44 -62856 12090.323
5.02 289.03759 -929.66435 46051.108 -57289.3 5544.17 -62833.5 12106.126
5.03 278.78091 594.03346 45719.952 -57465.4 5347.43 -62812.8 12071.947
5.04 293.66795 172.16257 46144.643 -57341.6 5632.99 -62974.6 12149.714
5.05 281.79335 -1220.5693 46331.714 -57295.7 5405.22 -62700.9 12199.839
5.06 290.22179 121.42394 45803.756 -57364.9 5566.89 -62931.8 12104.584
5.07 297.41045 666.59054 45911.657 -56961.3 5704.78 -62666.1 12137.537
5.08 291.41669 791.48819 45978.332 -57235.9 5589.81 -62825.8 12185.099
5.09 297.41146 467.28257 45887.297 -57327.6 5704.79 -63032.4 12193.582
5.1 292.00372 176.90705 46241.523 -57225.3 5601.07 -62826.4 12254.519
5.11 285.05154 -97.92003 46548.491 -57307 5467.71 -62774.7 12311.49
5.12 288.79963 -328.44077 46393.634 -57170.5 5539.61 -62710.2 12297.042
5.13 275.47756 -376.34244 46160.354 -57519.2 5284.07 -62803.3 12272.457
5.14 291.82414 410.8999 46029.263 -57108.8 5597.62 -62706.4 12272.823
5.15 287.91461 -47.207495 45750.815 -57397.2 5522.63 -62919.9 12238.006
5.16 292.00045 201.88313 46073.102 -57097.2 5601 -62698.2 12346.703
5.17 296.54699 -23.112628 46317.2 -57172.1 5688.21 -62860.3 12407.114
5.18 293.28293 802.3635 46364.399 -56783.3 5625.6 -62408.9 12456.251
5.19 299.4214 -515.1834 46316.568 -57168.6 5743.35 -62911.9 12471.27
5.2 281.91759 276.79413 46081.943 -57447.4 5407.6 -62855 12492.878
5.21 288.60107 -211.1951 46041.038 -57239.6 5535.8 -62775.4 12514.543
5.22 295.43559 -442.19773 46087.945 -57203.6 5666.89 -62870.5 12561.783
5.23 282.24156 345.85999 46431.227 -57385.7 5413.81 -62799.5 12676.365
5.24 292.31128 233.44343 46209.429 -56886.7 5606.97 -62493.6 12654.328
5.25 295.41448 58.847563 46145.772 -57184.7 5666.49 -62851.2 12675.731
5.26 291.80618 367.23106 45979.425 -57355.6 5597.28 -62952.9 12663.097
5.27 298.99417 -719.91411 46475.834 -57070.6 5735.15 -62805.7 12790.486
5.28 287.72379 -407.06114 46228.224 -57277 5518.97 -62796 12785.408
5.29 291.27344 985.25192 45654.889 -57164 5587.06 -62751 12725.146
5.3 286.37961 -532.56537 46145.828 -57589.6 5493.19 -63082.8 12852.898
5.31 291.19835 206.97116 46198.876 -57507.3 5585.62 -63092.9 12865.818
5.32 284.49497 -283.48733 46247.88 -57330.9 5457.04 -62787.9 12903.78
5.33 291.85836 -47.014407 45938.917 -57282.8 5598.28 -62881.1 12863.381
5.34 292.1451 -66.072399 46072.785 -57144 5603.78 -62747.7 12916.629
5.35 292.18563 -42.218467 45681.28 -57512.9 5604.56 -63117.4 12838.896
5.36 304.49187 -39.049766 46129.98 -56859.9 5840.61 -62700.5 12978.943
5.37 284.79963 432.1627 46457.542 -57369.8 5462.88 -62832.7 13068.872
5.38 283.39845 146.91027 46312.026 -57529.1 5436 -62965.1 13058.885
5.39 291.51876 173.27071 45623.954 -57256.7 5591.76 -62848.4 12951.818
5.4 290.9893 220.40993 46089.535 -56996.9 5581.61 -62578.5 13054.662
5.41 290.85165 50.520903 46268.86 -57455.7 5578.97 -63034.6 13130.902
5.42 287.83147 62.699866 46320.224 -57379.1 5521.04 -62900.2 13151.798
5.43 293.51238 396.89284 45794.849 -57109.6 5630 -62739.6 13067.16
5.44 291.51138 -170.46728 46096.254 -57584.1 5591.62 -63175.8 13158.494
5.45 300.57948 -632.38124 46326.275 -57097.7 5765.56 -62863.3 13224.155
5.46 287.62307 -68.895417 46177.505 -57434.8 5517.04 -62951.9 13215.69
5.47 298.95133 127.63088 46317.704 -56959.8 5734.33 -62694.1 13274.018
5.48 292.41912 -479.09619 45824.581 -57387.8 5609.03 -62996.8 13199.38
5.49 293.92885 -279.9061 45795.767 -56991.3 5637.99 -62629.3 13244.313
5.5 296.40966 -22.795456 46676.29 -56976.3 5685.58 -62661.8 13460.2
5.51 287.17623 -63.569728 45810.247 -57183.9 5508.47 -62692.4 13327.346
5.52 296.11979 -36.290008 46464.993 -57052.5 5680.02 -62732.6 13461.09
5.53 292.62124 479.81224 46278.686 -57130.6 5612.91 -62743.5 13454.948
5.54 292.79509 489.34618 46166.966 -56948 5616.25 -62564.2 13452.051
5.55 290.78421 -550.00107 46524.238 -57371.4 5577.67 -62949 13533.278
5.56 291.72866 -424.43889 45945.01 -57184.6 5595.79 -62780.4 13440.699
5.57 281.04442 -797.99397 46358.123 -57606.2 5390.85 -62997 13565.8
5.58 293.20878 552.83839 46751.939 -57143.7 5624.18 -62767.8 13682.524
5.59 284.33437 733.49526 45904.771 -57505.6 5453.96 -62959.6 13537.256
5.6 284.46177 402.27748 46162.327 -57180.9 5456.4 -62637.3 13630.016
5.61 287.67947 21.966892 45932.491 -57469.3 5518.12 -62987.4 13642.2
5.62 303.17138 -311.773 45992.837 -56952.2 5815.28 -62767.5 13669.049
5.63 289.81557 -32.318089 46041.092 -57326.7 5559.09 -62885.8 13707.701
5.64 292.70047 -1111.0884 46285.691 -57281 5614.43 -62895.4 13787.275
5.65 289.92119 662.77591 45903.737 -57272.5 5561.12 -62833.7 13738.666
5.66 306.20694 387.29816 45995.985 -56779 5873.51 -62652.5 13752.787
5.67 277.47926 -761.12334 46651.397 -57532.6 5322.47 -62855 13919.928
5.68 290.55862 231.43201 46312.055 -57380 5573.35 -62953.3 13846.187
5.69 298.72325 -936.96218 46405.328 -56993.4 5729.96 -62723.3 13867.693
5.7 301.00319 80.914809 46163.102 -57219 5773.69 -62992.7 13847.653
5.71 291.23386 -665.5861 46416.191 -57450.8 5586.3 -63037.1 13931.848
5.72 293.18913 100.26386 45881.214 -57207.1 5623.8 -62830.9 13855.431
5.73 287.65214 744.45333 46299.299 -57457 5517.6 -62974.6 13944.954
5.74 291.9135 -373.173 46528.756 -57269.7 5599.34 -62869 14017.08
5.75 294.63347 584.15707 46247.478 -57369.9 5651.51 -63021.4 13991.734
5.76 295.61143 638.50401 46139.502 -56875.3 5670.27 -62545.5 13984.244
5.77 297.11886 -31.299305 46118.023 -57381.8 5699.18 -63081 14029.881
5.78 294.29144 346.50006 45711.762 -57246.8 5644.95 -62891.8 13955.349
5.79 295.66207 916.42315 45788.89 -57311.1 5671.24 -62982.4 13988.469
5.8 287.36021 110.71813 46250.065 -57296.6 5512 -62808.6 14081.553
5.81 290.48963 -437.23794 46435.836 -57046.5 5572.02 -62618.6 14146.902
5.82 292.95596 253.03666 45954.624 -57222.1 5619.33 -62841.4 14053.253
5.83 290.08513 -212.04193 46446.215 -57276.2 5564.26 -62840.5 14184.263
5.84 286.42207 -65.896121 45928.119 -56998 5494 -62492 14147.843
5.85 275.00804 126.95401 45980.295 -57637.4 5275.06 -62912.4 14181.379
5.86 289.74952 1.33621 46312.536 -57033.3 5557.83 -62591.1 14267.032
5.87 292.16652 371.57323 45921.286 -56923.3 5604.19 -62527.5 14195.28
5.88 285.11233 -80.984298 45612.326 -57324.6 5468.88 -62793.4 14141.733
5.89 285.53836 -105.57333 46559.961 -57155.3 5477.05 -62632.3 14394.574
5.9 291.7443 797.49734 45707.953 -57215.9 5596.09 -62812 14258.406
5.91 283.66041 -181.85964 46681.718 -57295.9 5441.03 -62736.9 14454.713
5.92 290.86223 132.81322 46122.785 -57294 5579.17 -62873.2 14366.049
5.93 296.45808 -965.31211 46249.42 -57173.5 5686.51 -62860 14435.48
5.94 288.57369 294.5277 45937.521 -57301 5535.27 -62836.3 14418.126
5.95 296.8271 169.26424 46030.603 -57032.8 5693.59 -62726.4 14459.269
5.96 298.53815 -318.58723 46213.696 -57328 5726.41 -63054.4 14483.32
5.97 297.97191 -263.86527 46322.994 -57343.6 5715.54 -63059.2 14525.758
5.98 293.41443 -49.559978 45995.528 -57137.3 5628.13 -62765.4 14484.843
5.99 284.79683 303.9513 45982.622 -57481.8 5462.83 -62944.6 14513.992
6 298.13603 419.10294 45883.335 -57132.2 5718.69 -62850.9 14496.528
6.01 300.27907 -154.25335 46074.259 -56948.6 5759.8 -62708.4 14572.101
6.02 292.87341 70.912549 45941.714 -57342.3 5617.75 -62960.1 14596.014
6.03 285.03603 -28.72804 46151.315 -57531.2 5467.42 -62998.6 14646.905
6.04 296.35865 90.950002 46205.016 -57176.7 5684.6 -62861.3 14705.753
6.05 288.65497 82.371164 45842.887 -57329.3 5536.83 -62866.2 14650.186
6.06 283.72822 -51.551503 46151.054 -57282.5 5442.33 -62724.8 14743.927
6.07 295.11985 -21.339974 45806.551 -57263.4 5660.84 -62924.2 14670.106
6.08 291.06972 16.952275 46376.256 -57070.8 5583.15 -62653.9 14812.856
6.09 298.34595 -128.29366 45903.104 -56924.8 5722.72 -62647.5 14734.997
6.1 292.3269 -255.69998 46388.452 -57221.3 5607.27 -62828.6 14827.526
6.11 300.13866 -689.52528 46419.757 -56997.5 5757.11 -62754.6 14884.193
6.12 301.17903 167.84138 46460.829 -57368.1 5777.06 -63145.1 14965.243
6.13 298.63536 93.047953 46306.469 -57263.8 5728.27 -62992.1 14955.963
6.14 294.06136 -96.286181 46503.256 -57495.8 5640.53 -63136.4 15017.982
6.15 297.03906 -135.30643 46013.471 -57306.9 5697.65 -63004.5 14936.606
6.16 293.62122 -227.17874 46447.645 -56889.7 5632.09 -62521.8 15059.124
6.17 290.22982 172.91669 46368.969 -56957.1 5567.04 -62524.1 15092.812
6.18 284.03654 973.91913 46041.352 -57414.5 5448.24 -62862.8 15092.006
6.19 294.48833 -340.27591 46415.193 -57182.8 5648.72 -62831.5 15208.48
6.2 298.94753 -80.095597 46059.872 -57083.1 5734.26 -62817.3 15154.44
6.21 292.90151 -315.98871 46043.778 -57231.2 5618.29 -62849.5 15162.969
6.22 303.1056 12.560495 46256.838 -57062.7 5814.02 -62876.7 15232.794
6.23 293.93919 -18.141492 45983.75 -57178.2 5638.19 -62816.4 15213.6
6.24 293.59568 -157.31203 46321.281 -57276.8 5631.6 -62908.4 15283.438
6.25 296.16489 470.79209 46341.022 -57135.7 5680.88 -62816.5 15326.371
6.26 292.75685 505.66758 45829.254 -57034.8 5615.51 -62650.3 15235.208
6.27 299.04299 -191.35314 46074.044 -57205.6 5736.09 -62941.7 15353.529
6.28 281.58009 421.79865 46198.909 -57733.2 5401.13 -63134.3 15389.811
6.29 300.59612 317.85497 46181.479 -57046.6 5765.88 -62812.5 15409.336
6.3 286.31292 528.8453 45711.208 -57229 5491.91 -62720.9 15339.253
6.31 293.77096 597.89132 45934.606 -57150.4 5634.96 -62785.4 15397.717
6.32 300.66557 -59.291707 46260.731 -57032.1 5767.21 -62799.3 15501.969
6.33 292.44895 563.2223 46187.203 -56971 5609.61 -62580.6 15511.749
6.34 292.44108 -258.79172 46367.465 -57243.2 5609.46 -62852.7 15586.023
6.35 287.75824 36.700925 46082.973 -57174.2 5519.63 -62693.9 15562.631
6.36 278.13767 -76.717921 45892.141 -57444.5 5335.09 -62779.6 15562.049
6.37 300.46951 173.57326 46015.534 -57127.1 5763.45 -62890.5 15634.165
6.38 292.28127 251.68624 45923.391 -57332.7 5606.39 -62939.1 15651.62
6.39 294.44176 -415.52314 46352.7 -57281.8 5647.83 -62929.6 15767.515
6.4 290.96163 379.99434 46127.957 -57234.3 5581.08 -62815.4 15768.909
6.41 291.7743 309.12425 46108.722 -57335.5 5596.67 -62932.2 15806.009
6.42 272.37149 -225.51715 45861.112 -57373.3 5224.49 -62597.8 15790.623
6.43 293.72695 114.51671 46017.767 -57115.1 5634.12 -62749.2 15862.288
6.44 283.20667 30.535226 46257.758 -57328.5 5432.33 -62760.8 15919.081
6.45 293.85105 695.26026 45988.743 -57160.5 5636.5 -62797 15892.942
6.46 297.813 411.72773 46338.369 -57028.1 5712.5 -62740.6 16028.678
6.47 288.92658 296.95952 46022.944 -57300.1 5542.04 -62842.1 15980.565
6.48 293.19192 -44.351475 46026.568 -57162.8 5623.86 -62786.6 16030.889
6.49 287.66 54.406199 46132.043 -57239.1 5517.75 -62756.8 16105.254
6.5 295.06257 -579.17014 46429.143 -57394.4 5659.74 -63054.2 16170.472
6.51 297.52021 1239.9184 45821.649 -57056.2 5706.88 -62763.1 16075.787
6.52 310.60447 300.58981 46396.122 -57086.9 5957.86 -63044.7 16238.883
6.53 289.33569 121.91789 45994.299 -57420.6 5549.89 -62970.5 16189.841
6.54 299.2262 -192.5551 46022.848 -57190.2 5739.6 -62929.8 16220.353
6.55 293.84993 -282.43348 45828.554 -57462 5636.48 -63098.4 16191.42
6.56 285.98945 138.366 46111.811 -57389.1 5485.7 -62874.8 16283.017
6.57 288.63837 369.4444 46167.193 -57113.5 5536.51 -62650 16318.472
6.58 288.02526 547.3867 46000.488 -57472.2 5524.75 -62997 16283.876
6.59 270.8491 -635.75531 46519.451 -57402.5 5195.29 -62597.8 16437.335
6.6 293.21946 67.857772 45786.635 -57429 5624.39 -63053.4 16292.879
6.61 299.77038 235.92698 46244.444 -57132.1 5750.04 -62882.2 16402.132
6.62 284.38782 -246.70105 45993.14 -57263.5 5454.98 -62718.5 16370.877
6.63 297.16459 1010.8967 45690.64 -57258 5700.06 -62958 16332.944
6.64 297.44969 287.92273 45858.81 -57135.6 5705.53 -62841.1 16392.847
6.65 295.57742 403.04592 46189.706 -57179.6 5669.61 -62849.2 16511.457
6.66 295.27431 -475.50467 46166.788 -57037.7 5663.8 -62701.5 16549.487
6.67 288.25072 574.07525 46031.036 -57407.1 5529.08 -62936.1 16567.319
6.68 295.96222 422.90458 45898.211 -56783.7 5677 -62460.7 16552.252
6.69 288.67755 152.81893 46105.388 -57225.5 5537.27 -62762.8 16615.807
6.7 281.15876 -71.938943 45738.708 -57460 5393.04 -62853 16545.624
6.71 287.56424 38.810326 46055.207 -57195.6 5515.91 -62711.5 16664.61
6.72 294.02892 -85.12102 46175.148 -57154.8 5639.91 -62794.7 16772.367
6.73 294.12742 -31.350687 45897.509 -57278.5 5641.8 -62920.3 16736.775
6.74 299.76429 76.425979 45801.282 -57076.8 5749.93 -62826.8 16736.959
6.75 293.53378 -308.52194 45987.092 -57018.4 5630.42 -62648.9 16797.654
6.76 292.09044 -39.28628 45919.186 -57177 5602.73 -62779.7 16806.077
6.77 295.10732 -154.19452 46012.453 -57323.7 5660.6 -62984.3 16844.189
6.78 294.47793 577.61935 45790.417 -56968.7 5648.53 -62617.2 16844.069
6.79 284.2868 785.45002 46294.015 -57314.3 5453.04 -62767.3 17000.731
6.8 289.61654 3.2373875 46238.447 -57258.8 5555.28 -62814.1 17036.158
6.81 284.57518 -220.04146 46004.631 -57326.3 5458.58 -62784.9 17028.86
6.82 296.52675 -476.44633 46176.854 -57172.7 5687.82 -62860.5 17112.019
6.83 287.48372 -224.99963 46247.964 -57463.8 5514.37 -62978.2 17131.081
6.84 295.93399 54.651035 46240.569 -57152.6 5676.45 -62829 17158.831
6.85 291.20832 -122.02257 46558.645 -57428.7 5585.81 -63014.5 17227.407
6.86 281.88097 -224.31679 46113.682 -57631.3 5406.9 -63038.2 17157.894
6.87 299.0143 139.89745 46182.4 -57199.5 5735.54 -62935.1 17197.887
6.88 292.20118 -9.7238755 46173.027 -56960.1 5604.85 -62565 17232.674
6.89 291.9268 5.2346753 45930.601 -57493.8 5599.59 -63093.4 17205.768
6.9 294.01675 527.07467 46125.258 -57298.4 5639.68 -62938.1 17265.9
6.91 287.84181 -252.42023 46003.686 -57340.5 5521.23 -62861.8 17263.026
6.92 283.10213 -489.54466 46159.307 -57337.6 5430.32 -62768 17330.313
6.93 292.49563 545.56531 46315.498 -56867.1 5610.5 -62477.6 17375.935
6.94 280.616 -114.72642 46491.733 -57426.2 5382.63 -62808.9 17467.226
6.95 285.44896 -248.03827 46535.929 -57248.7 5475.34 -62724 17477.926
6.96 293.74016 885.59489 45855.816 -57223.3 5634.37 -62857.6 17313.107
6.97 293.31603 190.24779 46112.718 -57046.1 5626.24 -62672.3 17361.57
6.98 295.27295 -831.79625 46054.798 -57448.2 5663.77 -63111.9 17353.542
6.99 295.01744 575.41854 46147.219 -57398.3 5658.87 -63057.2 17412.899
7 292.84792 180.1576 46098.199 -57187.7 5617.26 -62805 17448.038
7.01 287.00851 184.76689 46002.365 -57334.6 5505.25 -62839.8 17459.765
7.02 294.09207 425.83711 45967.517 -57160.2 5641.12 -62801.3 17471.384
7.03 288.74018 719.59071 46400.58 -57172.1 5538.47 -62710.5 17610.925
7.04 296.00245 262.21816 46222.795 -57180.1 5677.77 -62857.9 17600.951
7.05 294.5514 122.69867 46237.618 -57123.4 5649.93 -62773.3 17620.571
7.06 290.69043 223.26346 46149 -57360.1 5575.88 -62936 17612.518
7.07 285.66371 65.629787 46117.14 -57034.4 5479.46 -62513.9 17627.592
7.08 285.61126 291.96827 46111.227 -57454.1 5478.45 -62932.5 17616.331
7.09 286.91958 -544.762 46489.38 -57352.9 5503.54 -62856.4 17746.22
7.1 285.82801 -230.69981 46161.29 -56940.9 5482.61 -62423.5 17701.749
7.11 287.58056 475.66744 46074.818 -57376.9 5516.22 -62893.1 17726.499
7.12 298.57324 -353.13216 45652.469 -56958.9 5727.08 -62685.9 17675.803
7.13 289.09225 -352.4999 45895.316 -57314.1 5545.22 -62859.3 17764.742
7.14 295.30473 588.57661 46231.009 -57265.4 5664.38 -62929.8 17884.716
7.15 279.85515 -478.69366 46350.274 -57538 5368.04 -62906 17953.719
7.16 280.89035 -562.53254 46045.382 -57236 5387.89 -62623.9 17881.797
7.17 293.26589 -443.85031 46048.501 -57340.3 5625.28 -62965.6 17912.397
7.18 313.74376 -190.35062 46308.054 -56908.6 6018.07 -62926.7 18002.028
7.19 287.85292 -211.14735 46172.304 -57381 5521.45 -62902.5 18035.1
7.2 301.01187 251.27434 46313.234 -57171.2 5773.86 -62945.1 18071.387
7.21 293.54219 -57.950476 46224.71 -57267.2 5630.58 -62897.8 18087.174
7.22 283.50308 394.95544 46550.157 -57313 5438.01 -62751 18164.775
7.23 289.28354 320.94875 46098.845 -57231.4 5548.89 -62780.3 18062.289
7.24 290.84003 -162.85832 46443.873 -57202.3 5578.74 -62781.1 18133.154
7.25 288.83073 -657.12257 46735.935 -57624.1 5540.2 -63164.3 18233.042
7.26 291.5464 18.416797 45663.611 -57210.5 5592.29 -62802.7 17990.51
7.27 292.48906 530.38473 45636.586 -56914.4 5610.38 -62524.7 18006.164
7.28 292.66219 619.17656 46381.153 -57225.9 5613.7 -62839.6 18232.204
7.29 283.43781 -349.29128 46197.358 -57746.5 5436.76 -63183.3 18221.648
7.3 299.18521 -71.196456 45831.886 -57233 5738.82 -62971.8 18135.046
7.31 303.46609 78.066257 45939.175 -57252.6 5820.93 -63073.5 18204.955
7.32 294.30639 -138.52517 46065.3 -57267 5645.23 -62912.2 18257.192
7.33 287.01164 489.6319 46387.133 -57398.3 5505.31 -62903.6 18361.091
7.34 291.06701 1011.3419 45952.78 -57194.9 5583.1 -62778 18258.878
7.35 302.66232 -99.050322 46281.489 -57107.2 5805.51 -62912.7 18376.802
7.36 290.17861 690.1695 45979.722 -56931.4 5566.06 -62497.5 18348.549
7.37 295.29328 174.05902 46138.155 -57060.4 5664.16 -62724.6 18397.06
7.38 291.5903 -558.48925 46402.398 -57101.4 5593.14 -62694.6 18503.843
7.39 283.00087 215.20697 45955.075 -57349.7 5428.38 -62778 18384.232
7.4 294.54423 32.587554 45687.617 -57006.6 5649.8 -62656.4 18329.819
7.41 281.66564 82.268254 45919.232 -57492.7 5402.77 -62895.4 18437.32
7.42 294.20714 -68.398648 46209.775 -57362.5 5643.33 -63005.8 18513.889
7.43 293.96549 62.949025 46510.508 -56786.6 5638.7 -62425.3 18628.11
7.44 291.93371 -446.58818 45937.857 -57246.9 5599.72 -62846.6 18499.072
7.45 282.77145 -294.24507 45949.873 -57146.8 5423.98 -62570.7 18537.043
7.46 287.70621 745.77647 45866.357 -57220.1 5518.63 -62738.7 18556.726
7.47 293.68413 -199.62855 46325.35 -57573.4 5633.3 -63206.7 18700.125
7.48 298.21827 -225.6369 45904.651 -57087.7 5720.27 -62808 18653.267
7.49 294.90674 -184.95077 45937.727 -56930 5656.75 -62586.7 18651.989
7.5 296.04387 -349.57219 46470.881 -57294 5678.56 -62972.6 18844.642
7.51 301.83434 535.80172 46426.711 -56933.1 5789.63 -62722.8 18845.796
7.52 291.99364 266.50201 46538.64 -57161.9 5600.87 -62762.8 18890.011
7.53 295.80998 -539.37665 46628.745 -57155.9 5674.08 -62829.9 18959.036
7.54 285.00465 -462.50522 45827.137 -57475 5466.81 -62941.8 18790.048
7.55 284.90889 -554.24534 46037.881 -57193.1 5464.98 -62658.1 18868.863
7.56 295.13426 -409.36593 46080.699 -57069.3 5661.11 -62730.4 18922.833
7.57 302.77581 811.85701 45894.418 -56887.1 5807.69 -62694.8 18904.619
7.58 290.02632 26.581232 46180.592 -57322.6 5563.14 -62885.7 19003.483
7.59 290.60277 614.63703 45924.014 -57418 5574.19 -62992.2 18968.252
7.6 292.50781 -420.94129 46535.293 -57219.2 5610.74 -62829.9 19130.858
7.61 289.59086 -127.44675 46516.125 -57293.7 5554.78 -62848.5 19130.589
7.62 298.80851 148.75283 46188.758 -57122.3 5731.59 -62853.9 19065.381
7.63 297.67409 -478.1712 46191.506 -57265.8 5709.83 -62975.6 19074.462
7.64 286.19184 144.89444 45939.865 -57422 5489.59 -62911.6 19003.718
7.65 295.38512 278.88116 45791.125 -56890.6 5665.93 -62556.5 18967.282
7.66 293.98486 14.325721 46461.966 -57339.3 5639.07 -62978.4 19164.834
7.67 292.74282 263.64848 45940.648 -57403.2 5615.24 -63018.4 19080.264
7.68 295.00392 -121.85606 46048.517 -57195.4 5658.61 -62854 19141.999
7.69 286.4385 -277.603 46394.393 -57401.4 5494.32 -62895.7 19230.545
7.7 297.01613 378.7246 46278.097 -57387.5 5697.21 -63084.7 19211.186
7.71 292.10286 -283.1087 46052.188 -57570.8 5602.97 -63173.8 19156.829
7.72 302.97285 379.01493 46354.895 -56942.5 5811.47 -62754 19254.803
7.73 287.51849 42.074304 46308.058 -57139.8 5515.03 -62654.9 19235.251
7.74 296.06345 -107.18949 46017.546 -57146.7 5678.94 -62825.7 19190.682
7.75 285.70057 600.0786 46073.843 -57254.7 5480.16 -62734.9 19194.267
7.76 314.20348 138.73703 45855.626 -56840.7 6026.89 -62867.6 19179.871
7.77 295.30137 -116.46836 46083.749 -57236 5664.32 -62900.3 19266.164
7.78 295.82928 -70.012593 46221.73 -57146.7 5674.45 -62821.2 19365.052
7.79 296.11339 22.902203 45973.907 -57141.5 5679.9 -62821.4 19382.039
7.8 294.37699 386.78825 45780.917 -57314.6 5646.59 -62961.2 19364.06
7.81 293.00212 -430.53882 46251.587 -57018.2 5620.22 -62638.5 19514.863
7.82 286.79922 714.09528 46033.227 -57546.7 5501.24 -63047.9 19480.911
7.83 298.67222 408.44072 46180.381 -56995.9 5728.98 -62724.8 19533.461
7.84 304.56768 126.43358 46337.536 -57245.2 5842.06 -63087.2 19632.107
7.85 289.82435 67.573526 46004.069 -57431.7 5559.26 -62990.9 19568.638
7.86 294.51359 -798.98637 46506.278 -57019.3 5649.21 -62668.5 19692.626
7.87 281.59337 -300.06196 46014.527 -57346 5401.38 -62747.4 19556.904
7.88 292.61872 709.53784 46139.094 -57005.1 5612.86 -62617.9 19597.22
7.89 289.75388 59.972016 45906.382 -57207.1 5557.91 -62765 19563.001
7.9 287.91681 56.302022 46028.699 -57430 5522.67 -62952.6 19638.415
7.91 290.02164 -113.09573 45905.285 -57288.8 5563.05 -62851.8 19651.371
7.92 288.50076 168.50046 46161.226 -57113.1 5533.87 -62647 19761.547
7.93 296.92338 -846.4165 46401.842 -57106.2 5695.43 -62801.6 19868.148
7.94 283.55031 -763.71815 46001.744 -57453.7 5438.92 -62892.6 19769.839
7.95 289.37857 129.10958 46141.434 -57248.1 5550.71 -62798.8 19816.072
7.96 297.97483 489.92201 45926.662 -57123.8 5715.6 -62839.4 19765.084
7.97 287.46671 -459.24566 46267.544 -57543.7 5514.04 -63057.7 19866.204
7.98 293.48797 56.725644 45946.55 -57078.5 5629.54 -62708 19809.898
7.99 296.21 46.757824 45835.071 -57029.5 5681.75 -62711.3 19843.875
8 295.51418 -114.30332 46157.331 -57261.7 5668.4 -62930.1 19978.083
8.01 291.79018 -70.354227 45909.163 -57366 5596.97 -62963 19938.001
8.02 296.61974 -110.00628 45835.961 -57164.2 5689.61 -62853.8 19965.343
8.03 293.72437 -341.6282 46117.527 -57138.9 5634.07 -62773 20095.143
8.04 294.89556 -219.31146 46460.151 -56849 5656.54 -62505.5 20228.642
8.05 305.64128 -627.71016 46650.477 -57076.6 5862.65 -62939.3 20321.163
8.06 289.47064 429.13639 46154.946 -57435.1 5552.48 -62987.6 20166.217
8.07 299.22267 -153.48804 45992.374 -56845 5739.54 -62584.5 20128.02
8.08 298.58091 -763.55446 46134.199 -57125.5 5727.23 -62852.7 20207.464
8.09 294.2373 653.24669 46093.549 -57376.7 5643.91 -63020.6 20239.488
8.1 293.97787 532.8828 45530.276 -57220 5638.93 -62858.9 20067.09
8.11 302.30409 -303.16195 46121.07 -57053.1 5798.64 -62851.7 20249.471
8.12 287.68775 177.029 46002.892 -57474.6 5518.28 -62992.9 20251.776
8.13 292.59152 -514.71166 46539.983 -57298.1 5612.34 -62910.5 20415.136
8.14 282.79645 479.78027 45792.849 -57554 5424.46 -62978.4 20256.434
8.15 292.64293 -816.8184 46301.951 -57149.4 5613.33 -62762.7 20440.462
8.16 295.4931 -228.96898 46164.585 -57197.5 5668 -62865.5 20413.302
8.17 298.71141 358.89271 45965.546 -56983.5 5729.73 -62713.2 20373.538
8.18 288.00948 633.056 45794.362 -57415.9 5524.45 -62940.3 20374.321
8.19 293.70415 -107.84149 46467.562 -57346.7 5633.68 -62980.3 20604.535
8.2 293.21902 569.28989 46097.599 -57141.2 5624.38 -62765.5 20561.216
8.21 291.97821 205.18211 45677.406 -57267.6 5600.58 -62868.1 20470.643
8.22 291.28998 475.06345 46128.755 -57469.2 5587.38 -63056.6 20619.054
8.23 303.4683 -256.19451 46021.507 -56997.1 5820.97 -62818.1 20617.036
8.24 281.60876 -247.88237 46097.342 -57400.1 5401.68 -62801.8 20658.571
8.25 295.16328 -343.68391 46192.536 -57083 5661.67 -62744.7 20669.941
8.26 293.04578 114.50463 46183.776 -57253 5621.05 -62874.1 20719.891
8.27 286.1528 439.33889 45848.58 -57536 5488.84 -63024.8 20648.661
8.28 287.4748 -301.25443 46144.498 -57324.1 5514.19 -62838.3 20736.436
8.29 293.4782 -33.80789 46050.743 -57123.5 5629.35 -62752.9 20755.886
8.3 283.08965 354.98266 45829.015 -57555.4 5430.08 -62985.4 20715.787
8.31 285.01555 229.82082 46167.815 -57295.3 5467.02 -62762.4 20827.812
8.32 304.50125 -484.2633 46726.453 -57211.4 5840.79 -63052.2 21023.941
8.33 295.15123 267.22531 46307.603 -57294.4 5661.44 -62955.9 20911.488
8.34 289.89892 64.862593 46005.014 -57172.4 5560.69 -62733.1 20859.331
8.35 293.54763 77.977531 46002.445 -56838.3 5630.68 -62469 20899.321
8.36 281.89958 219.62763 46168.702 -57326.3 5407.25 -62733.5 20967.555
8.37 294.70331 261.33263 46328.629 -57031.8 5652.85 -62684.7 21055.902
8.38 298.92377 -359.72365 46359.257 -57219.6 5733.8 -62953.4 21060.52
8.39 300.99453 -27.000195 45998.768 -57048.3 5773.52 -62821.8 20985.43
8.4 287.4425 1652.0057 45667.273 -57523.2 5513.58 -63036.8 20942.458
8.41 294.19224 265.61035 45926.27 -57005.4 5643.05 -62648.4 21032.803
8.42 286.89556 -696.58945 46462.472 -57436.2 5503.08 -62939.3 21213.409
8.43 277.11885 338.26004 46076.685 -57396.3 5315.55 -62711.9 21114.071
8.44 293.7146 80.171087 46351.954 -57026.7 5633.88 -62660.6 21196.769
8.45 286.13435 -128.91522 45896.81 -57475.2 5488.48 -62963.7 21094.697
8.46 292.33029 -440.67282 46544.303 -57095.4 5607.33 -62702.7 21308.434
8.47 301.28619 -631.23611 46318.477 -57081.5 5779.12 -62860.7 21271.85
8.48 291.44795 263.04817 45855.784 -57301.8 5590.41 -62892.2 21133.486
8.49 289.65432 -358.57178 46510.593 -56890.3 5556 -62446.3 21363.138
8.5 282.56455 -86.400928 46187.471 -57322.4 5420.01 -62742.4 21299.245
8.51 296.10815 -566.9632 46283.471 -56756.8 5679.8 -62436.6 21358.74
8.52 290.33918 -681.91978 46367.67 -57174.7 5569.14 -62743.9 21411.114
8.53 292.6848 -430.27741 46174.406 -57188.1 5614.13 -62802.3 21424.09
8.54 291.30515 388.94114 45700.444 -57384.3 5587.67 -62972 21328.593
8.55 281.22802 -29.124687 46068.166 -57360.4 5394.37 -62754.8 21466.233
8.56 299.75201 172.28218 45720.347 -57103.7 5749.69 -62853.4 21417.601
8.57 285.4224 -34.338034 46327.994 -57370.7 5474.83 -62845.6 21639.354
8.58 299.21317 168.23409 46120.628 -56998.8 5739.35 -62738.2 21575.011
8.59 287.25436 45.238714 46239.623 -57269.9 5509.97 -62779.9 21612.071
8.6 281.85432 -796.2072 46416.488 -57580.9 5406.39 -62987.3 21673.282
8.61 290.45595 -244.14546 45940.778 -57191 5571.38 -62762.4 21566.857
8.62 291.70605 -307.74771 46288.75 -56939.8 5595.36 -62535.2 21694.23
8.63 284.68181 -268.21064 46105.25 -57336.6 5460.62 -62797.3 21681.132
8.64 300.57001 378.75085 46136.142 -56849.6 5765.38 -62614.9 21732.349
8.65 286.67409 -217.6412 45775.56 -57215.3 5498.84 -62714.1 21677.062
8.66 297.88549 80.463358 46284.534 -56764.8 5713.89 -62478.7 21872.961
8.67 295.05036 -630.28652 46223.617 -57173.3 5659.51 -62832.8 21880.923
8.68 301.44615 -99.75304 46019.345 -56979.4 5782.19 -62761.6 21846.841
8.69 278.03638 -813.40452 46534.516 -57092 5333.15 -62425.2 22014.014
8.7 295.28801 -84.50221 46232.456 -57276.8 5664.06 -62940.8 21965.817
8.71 289.97463 49.250466 45954.421 -57422.8 5562.15 -62985 21874.586
8.72 286.27032 416.78841 46005.583 -57265.8 5491.09 -62756.9 21882.662
8.73 289.95423 202.4992 46378.856 -57210.2 5561.75 -62772 22027.717
8.74 292.49964 803.07886 46011.473 -57457.2 5610.58 -63067.8 21939.241
8.75 291.39703 404.5146 46030.812 -57051.3 5589.43 -62640.7 21953.796
8.76 285.54142 -263.10764 45996.475 -57405.6 5477.11 -62882.7 21962.51
8.77 288.32536 142.79255 46587.31 -57300.9 5530.51 -62831.4 22160.904
8.78 299.49612 -523.75896 46096.837 -57053 5744.78 -62797.8 22043.897
8.79 293.68709 -417.52353 46166.454 -57194.6 5633.36 -62828 22080.451
8.8 284.94783 249.08449 46026.262 -57348.8 5465.72 -62814.5 22073.936
8.81 289.60844 364.41144 45708.666 -57215.2 5555.12 -62770.3 21994.578
8.82 287.30472 -343.51627 46231.423 -57217.8 5510.93 -62728.8 22174.62
8.83 296.68851 -536.41513 46297.322 -57031.2 5690.93 -62722.2 22214.502
8.84 305.53368 307.97972 45961.469 -56871.5 5860.59 -62732 22109.822
8.85 299.65657 -570.31281 46049.413 -57110.6 5747.86 -62858.4 22136.255
8.86 300.84023 157.45352 46074.565 -56777.7 5770.56 -62548.3 22174.746
8.87 301.4138 643.29312 46081.913 -56983.7 5781.57 -62765.2 22182.825
8.88 293.95132 649.23515 45912.244 -57223.2 5638.42 -62861.6 22133.149
8.89 294.26688 61.486956 46293.949 -57119.8 5644.48 -62764.3 22299.54
8.9 280.96826 1027.9841 45622.498 -57330.5 5389.39 -62719.9 22081.746
8.91 295.672 88.240083 46158.152 -57182.3 5671.43 -62853.8 22266.035
8.92 287.97172 -887.64919 46164.069 -57193.5 5523.73 -62717.2 22280.351
8.93 293.12607 -362.64914 45919.062 -57262.1 5622.59 -62884.7 22218.058
8.94 296.24966 368.37569 45950.136 -57133.5 5682.51 -62816.1 22279.212
8.95 277.71356 -99.841481 46344.773 -57641.7 5326.96 -62968.7 22441.135
8.96 288.80389 445.47343 45950.414 -57229.4 5539.69 -62769.1 22333.86
8.97 281.73959 336.55059 45806.036 -57460.2 5404.18 -62864.4 22265.529
8.98 290.71096 -99.78489 46223.736 -57434.3 5576.27 -63010.6 22437.071
8.99 291.92093 861.6121 45602.026 -57120.1 5599.48 -62719.5 22269.478
9 292.11789 -664.66178 45975.944 -57208.1 5603.26 -62811.3 22457.477
9.01 287.3477 -957.47675 46426.807 -57376.5 5511.76 -62888.2 22645.643
9.02 299.34554 -414.45835 46045.683 -56899.2 5741.89 -62641.1 22555.319
9.03 288.66794 441.82065 45991.727 -57292.3 5537.08 -62829.4 22569.544
9.04 296.31246 400.66974 45852.631 -57368.2 5683.71 -63051.9 22533.929
9.05 296.86254 -265.02558 45931.567 -56887.5 5694.27 -62581.8 22588.276
9.06 290.45542 178.42088 46294.871 -56996.2 5571.37 -62567.6 22737.435
9.07 289.27745 789.17724 46068.302 -57305.2 5548.77 -62853.9 22702.731
9.08 299.50764 -233.24498 45951.082 -56985.2 5745 -62730.2 22697.303
9.09 286.28105 -150.01555 46116.76 -57272.1 5491.3 -62763.4 22767.696
9.1 292.66612 65.55064 46071.687 -57353.6 5613.77 -62967.3 22733.403
9.11 297.29955 817.83521 45765.29 -57249.2 5702.65 -62951.9 22642.185
9.12 286.03408 -132.89227 46346.955 -57252.3 5486.56 -62738.8 22839.915
9.13 292.40362 -970.92619 46190.314 -57389.5 5608.74 -62998.2 22843.719
9.14 304.2245 -538.29003 46189.59 -57450.7 5835.48 -63286.2 22858.414
9.15 290.49071 -346.37133 46274.561 -57558.2 5572.04 -63130.2 22882.558
9.16 295.99937 126.8496 46418.703 -56955.4 5677.71 -62633.1 22957.555
9.17 294.06133 44.487783 46039.234 -57460.6 5640.53 -63101.1 22859.324
9.18 294.90921 557.39914 46053.729 -57282.2 5656.8 -62939 22896.03
9.19 282.17329 72.83789 46352.293 -57308.5 5412.5 -62721 23003.163
9.2 300.37529 -456.58223 46436.415 -56789.6 5761.65 -62551.2 23079.112
9.21 287.74846 -310.60109 45909.554 -57467.2 5519.44 -62986.6 22939.939
9.22 297.48114 863.66142 46214.311 -57069 5706.13 -62775.1 23055.108
9.23 286.12695 219.55346 46304.66 -57417.6 5488.34 -62906 23131.823
9.24 286.9777 865.72556 46078.374 -57147.2 5504.66 -62651.9 23089.465
9.25 297.27539 -454.90837 46245.02 -57180.8 5702.18 -62883 23158.802
9.26 309.04918 -223.75257 46160.212 -56795.7 5928.02 -62723.7 23132.354
9.27 295.27575 190.52511 46096.332 -57047.7 5663.83 -62711.6 23141.387
9.28 299.54094 -812.03864 46249.222 -56738.6 5745.64 -62484.2 23176.002
9.29 298.74277 478.94499 46090.405 -57237.2 5730.33 -62967.5 23139.568
9.3 292.49301 -760.99329 46640.816 -57608 5610.45 -63218.4 23392.606
9.31 277.96021 219.58151 46154.198 -57286 5331.69 -62617.7 23286.819
9.32 301.02965 -454.42732 46186.09 -57094.2 5774.2 -62868.4 23371.51
9.33 301.0524 458.19788 45996.445 -56853.1 5774.63 -62627.7 23363.186
9.34 295.99379 1136.2507 45977.067 -57241.3 5677.6 -62918.9 23378.457
9.35 291.37915 -67.684432 46563.647 -57323 5589.09 -62912.1 23579.513
9.36 298.68311 912.64004 46077.422 -57200.1 5729.19 -62929.3 23457.015
9.37 281.94692 235.78957 46029.748 -57766.6 5408.16 -63174.7 23492.606
9.38 297.22893 -279.01565 46292.614 -56993.6 5701.29 -62694.9 23607.415
9.39 286.80558 -339.8526 46306.744 -57262.7 5501.36 -62764.1 23606.091
9.4 294.51384 -252.24044 45938.09 -56881.3 5649.21 -62530.5 23532.733
9.41 280.46854 -416.30892 46479.095 -57301.9 5379.8 -62681.7 23789.621
9.42 295.4955 56.467251 46354.511 -57028.3 5668.04 -62696.3 23724.29
9.43 296.56913 -134.84876 46291.12 -56907.1 5688.64 -62595.7 23707.527
9.44 286.87489 507.87524 46115.564 -57217.1 5502.69 -62719.8 23654.189
9.45 294.79968 49.45655 45943.243 -57353.3 5654.7 -63008 23652.312
9.46 284.24678 402.65844 45761.391 -57079.4 5452.28 -62531.7 23576.563
9.47 285.40745 -92.556743 46341.507 -57392.2 5474.54 -62866.7 23802.822
9.48 302.06731 -51.162514 46667.803 -56601.5 5794.1 -62395.6 23946.012
9.49 287.91829 -297.54225 46464.348 -57237.4 5522.7 -62760.1 23889.345
9.5 289.41519 656.89034 46195.135 -57270.8 5551.41 -62822.2 23801.966
9.51 286.28174 151.82112 45950.976 -57284.7 5491.31 -62776 23742.748
9.52 290.86546 390.59152 45751.97 -57333.2 5579.23 -62912.4 23706.173
9.53 304.87177 538.97086 45986.252 -57031.5 5847.89 -62879.4 23836.881
9.54 282.31384 150.4053 45794.353 -57335.2 5415.2 -62750.4 23817.394
9.55 296.07988 -689.97223 46267.121 -57293.8 5679.25 -62973.1 23985.614
9.56 282.90568 -229.61354 46266.192 -57421.7 5426.55 -62848.3 23997.648
9.57 285.62295 366.06371 46241.448 -57235.6 5478.67 -62714.3 23994.058
9.58 275.92849 -208.33073 46065.848 -57232.6 5292.72 -62525.3 23966.617
9.59 301.43989 188.13082 45994.446 -56725.2 5782.07 -62507.3 23957.916
9.6 291.06363 22.409859 45955.427 -57392.4 5583.03 -62975.4 23966.322
9.61 287.49284 -10.03436 46161.819 -57434.4 5514.54 -62948.9 24042.499
9.62 278.43828 -292.64903 45997.093 -57375.1 5340.86 -62716 23983.898
9.63 308.29678 598.51854 45871.841 -57066.2 5913.59 -62979.8 23986.286
9.64 293.51731 -93.512301 46195.562 -57242.2 5630.1 -62872.3 24129.014
9.65 283.15978 334.27048 46353.175 -57407.9 5431.43 -62839.4 24222.084
9.66 291.32053 -111.92105 46397.44 -57045 5587.96 -62633 24251.085
9.67 294.77749 -313.1565 46000.211 -57280.3 5654.27 -62934.6 24147.624
9.68 288.5749 -770.06194 45879.483 -57396.5 5535.3 -62931.8 24093.025
9.69 288.8056 723.57173 45909.324 -57150.8 5539.72 -62690.5 24120.735
9.7 298.72907 491.11837 45981.57 -57061.4 5730.07 -62791.5 24201.77
9.71 297.84891 504.93582 46048.197 -56971.2 5713.19 -62684.4 24252.768
9.72 285.06362 576.81153 46310.982 -57366.8 5467.94 -62834.7 24364.319
9.73 281.4077 -183.63604 45827.558 -57467.2 5397.82 -62865 24248.051
9.74 284.29935 838.39459 46085.727 -57140.6 5453.29 -62593.8 24345.088
9.75 280.67843 -845.10248 46207.239 -57594.7 5383.83 -62978.5 24441.494
9.76 291.56618 -1027.4715 46159.381 -57294.1 5592.67 -62886.7 24412.461
9.77 279.60834 -398.53388 45930.096 -57616.5 5363.3 -62979.8 24365.505
9.78 288.11791 -15.943197 45795.065 -57473.3 5526.53 -62999.8 24393.921
9.79 299.15589 1198.242 45948.247 -57152.3 5738.26 -62890.6 24463.904
9.8 283.67469 336.99213 46075.592 -57508.2 5441.3 -62949.5 24547.447
9.81 291.65298 49.110479 45863.934 -57699.5 5594.34 -63293.9 24470.563
9.82 287.8325 -445.08426 46229.243 -57443.2 5521.06 -62964.2 24649.902
9.83 294.07011 -402.16729 46396.146 -57222.4 5640.7 -62863.1 24738.577
9.84 303.98169 296.35952 45986.716 -57175.1 5830.82 -63005.9 24627.039
9.85 289.887 -365.19333 46321.146 -57378.8 5560.46 -62939.3 24810.87
9.86 292.3727 663.10254 45907.919 -56967.8 5608.14 -62576 24660.714
9.87 293.74983 743.922 46181.888 -57352.7 5634.56 -62987.3 24793.027
9.88 289.71762 -30.102502 46026.674 -57473.2 5557.22 -63030.5 24744.982
9.89 289.52565 -218.37659 46183.658 -57332.7 5553.53 -62886.3 24833.319
9.9 293.3819 -584.74544 45828.422 -57058.3 5627.5 -62685.8 24776.064
9.91 296.31323 213.54677 46194.262 -57322.9 5683.73 -63006.6 24927.322
9.92 284.22842 -316.49708 46594.555 -57352.3 5451.92 -62804.2 25095.272
9.93 295.02137 -281.95815 46098.025 -57070.1 5658.95 -62729.1 24972.755
9.94 283.36284 165.15916 46198.758 -57667.7 5435.32 -63103 25030.432
9.95 292.43909 -201.43127 45954.945 -57141.6 5609.42 -62751 24976.855
9.96 284.83081 -39.333679 45696.48 -57559.1 5463.48 -63022.5 24914.23
9.97 299.58295 -84.618088 46238.925 -57226.2 5746.45 -62972.6 25109.739
9.98 289.46268 -53.595512 46266.936 -57092.2 5552.33 -62644.6 25132.185
