0 286.36947 -1207.6401 49803.508 -61127.8 5532.28 -66660.1 9.3445368
0.01 297.09396 -1841.1637 50157.486 -61101.5 5739.46 -66841 18.627411
0.02 292.33264 -1089.9289 49653.943 -61459.8 5647.48 -67107.2 27.513808
0.03 301.19781 -548.14046 49641.914 -61073.6 5818.74 -66892.4 36.310341
0.04 293.06759 -1029.8673 49536.758 -61179.8 5661.68 -66841.5 42.97779
0.05 295.71438 -1306.1458 49749.486 -61187 5712.81 -66899.8 51.855695
0.06 297.27426 -1422.2046 49775.491 -61002 5742.95 -66744.9 58.320805
0.07 309.06576 -758.98216 49491.668 -61059 5970.74 -67029.7 65.297579
0.08 291.53266 -719.59819 49915.113 -61307.1 5632.03 -66939.2 71.597563
0.09 289.38541 -1819.6278 49631.9 -61170.9 5590.54 -66761.5 78.511287
0.1 291.43301 -816.28929 49562.29 -61081.5 5630.1 -66711.6 85.947439
0.11 288.43439 -836.07627 49500.832 -61038.4 5572.17 -66610.6 91.878301
0.12 295.68928 -1076.5614 49603.733 -60950.4 5712.33 -66662.7 103.62614
0.13 294.9883 -1181.3571 49405.408 -60845.2 5698.78 -66543.9 109.15347
0.14 293.32888 -913.72767 49631.113 -60972.7 5666.73 -66639.4 118.33455
0.15 290.49432 -581.60301 49421.426 -61621.1 5611.97 -67233 125.95768
0.16 292.51709 -1138.9933 49850.41 -61457.4 5651.04 -67108.4 133.10878
0.17 292.80937 -1288.2053 49583.934 -61293.6 5656.69 -66950.3 140.09557
0.18 299.83441 -888.10505 49791.599 -61267.4 5792.4 -67059.8 147.60232
0.19 290.68678 -964.21781 49721.676 -61694.7 5615.68 -67310.4 154.62039
0.2 289.51834 -942.50751 49648.694 -61476.9 5593.11 -67070 162.2015
0.21 291.13265 -1149.8421 49457.888 -60968.4 5624.3 -66592.7 170.97938
0.22 293.21343 -1090.4066 49735.897 -61168.7 5664.5 -66833.2 175.07547
0.23 291.30582 -834.94874 49488.791 -61311.9 5627.64 -66939.6 184.35816
0.24 299.35439 -344.16517 49521.636 -60951.8 5783.13 -66735 193.00561
0.25 298.23812 -1586.7322 50071.542 -61524.7 5761.57 -67286.3 199.13939
0.26 304.93885 -210.44334 49308.347 -61313.8 5891.02 -67204.9 205.67554
0.27 296.14585 -1184.6947 49801.569 -61514.9 5721.15 -67236.1 214.30574
0.28 305.27578 -931.89332 49886.201 -60821.4 5897.52 -66719 224.08497
0.29 302.11283 -1075.7906 49935.635 -61206.2 5836.42 -67042.6 231.89513
0.3 294.25091 -1155.5496 49541.644 -61497.3 5684.54 -67181.8 235.16261
0.31 292.08854 -665.02616 49642.364 -61635.5 5642.76 -67278.2 249.67518
0.32 302.52664 -1326.9171 49666.482 -61565 5844.41 -67409.4 254.63883
0.33 292.07055 -435.49846 49605.939 -61566.5 5642.42 -67208.9 262.2784
0.34 295.48281 -875.74546 49772.332 -61911.5 5708.34 -67619.9 266.44045
0.35 288.93949 -1134.764 49753.446 -62065.8 5581.93 -67647.8 269.64568
0.36 294.19125 -1283.71 50152.845 -61846.8 5683.39 -67530.2 276.2314
0.37 292.34229 -1322.588 49816.609 -62576 5647.67 -68223.6 279.49596
0.38 285.06121 -1580.8283 50206.366 -62555.7 5507.01 -68062.7 285.05439
0.39 304.37669 -917.33945 50085.809 -62295.8 5880.16 -68176 291.15497
0.4 298.97117 -1393.9544 50304.115 -62712.2 5775.73 -68487.9 294.63293
0.41 300.19439 -837.91838 49799.602 -62380.8 5799.36 -68180.1 296.32121
0.42 295.98316 -970.21266 49835.029 -62814.6 5718 -68532.6 301.91723
0.43 294.93382 -1024.0099 49908.161 -62873.2 5697.73 -68570.9 308.60653
0.44 291.40582 -1220.554 49941.654 -62819.8 5629.57 -68449.4 310.81694
0.45 297.30719 -1053.9698 49709.298 -62683.7 5743.58 -68427.3 312.97758
0.46 299.87036 -850.1362 49840.552 -62301.3 5793.1 -68094.4 318.37895
0.47 299.54501 -597.03976 49752.998 -62347.9 5786.81 -68134.7 323.55801
0.48 283.72487 -865.73191 49957.429 -62899.3 5481.19 -68380.5 326.68097
0.49 287.42682 -316.69628 49852.203 -62559 5552.71 -68111.7 330.57609
0.5 287.83707 -763.59234 50126.101 -62886.9 5560.63 -68447.6 335.69333
0.51 293.22276 -1257.6724 50033.117 -62320 5664.68 -67984.6 340.65225
0.52 294.87647 -1192.0754 50222.756 -62653.7 5696.62 -68350.3 344.60147
0.53 295.39806 -791.55447 49935.186 -62463 5706.7 -68169.7 346.64593
0.54 300.62313 -738.56523 49648.415 -62763.3 5807.64 -68570.9 348.67019
0.55 290.74459 -1145.7998 50204.503 -62792.6 5616.8 -68409.4 354.42875
0.56 297.13951 -1223.3143 49944.038 -62745.5 5740.34 -68485.8 360.43371
0.57 307.93797 -796.15879 49834.922 -62439.2 5948.95 -68388.1 362.67501
0.58 293.38863 -599.34005 49976.091 -62395.9 5667.88 -68063.8 369.62392
0.59 291.1561 -1004.4793 50249.627 -62942.6 5624.75 -68567.3 374.12935
0.6 302.30662 -1006.4008 50044.206 -62664.8 5840.16 -68505 375.69983
0.61 301.98353 -125.67975 49866.876 -62245.1 5833.92 -68079 377.69428
0.62 297.28579 -433.60723 49696.18 -62349.8 5743.17 -68092.9 379.92961
0.63 304.45453 -1264.0406 49997.73 -62087.3 5881.66 -67968.9 386.43396
0.64 300.09751 -1358.5482 50126.055 -62341 5797.49 -68138.5 388.97758
0.65 302.70706 -1210.4628 50148.679 -62236.8 5847.9 -68084.7 392.96765
0.66 301.52389 -1117.0103 49871.349 -62095.2 5825.04 -67920.2 391.50653
0.67 300.67172 -1198.5618 50014.728 -61829.1 5808.58 -67637.6 395.3123
0.68 299.61819 -1253.7303 50413.537 -62073.9 5788.23 -67862.2 401.53818
0.69 295.29945 -894.31456 49861.974 -62279.8 5704.79 -67984.6 404.9974
0.7 305.90791 -770.418 49777.637 -62022.9 5909.74 -67932.6 412.53582
0.71 289.05482 -769.02236 49657.717 -62362 5584.16 -67946.1 415.14804
0.72 297.68966 -574.55172 49679.434 -62110.5 5750.97 -67861.4 421.34122
0.73 286.23095 -748.43463 49932.305 -62593.7 5529.6 -68123.3 429.51895
0.74 283.00833 -1344.3225 49927.902 -62070.9 5467.35 -67538.2 437.40377
0.75 293.1845 -1042.7014 50118.066 -62228.6 5663.94 -67892.5 445.43594
0.76 304.63987 -993.28305 50114.286 -62043.9 5885.24 -67929.1 446.31468
0.77 290.69826 -1054.0563 49852.013 -61847.3 5615.91 -67463.2 451.69062
0.78 306.37417 -658.28529 49540.921 -61671.6 5918.74 -67590.4 457.74914
0.79 287.74285 -1519.3893 50243.94 -61725 5558.81 -67283.8 468.52943
0.8 297.36019 -795.8518 49420.38 -61702.3 5744.61 -67446.9 464.59195
0.81 293.67564 -1271.968 49774.981 -61889.7 5673.42 -67563.1 471.54949
0.82 290.70179 -544.24618 49669.851 -62236.1 5615.97 -67852 478.43297
0.83 303.98296 -923.73596 50156.867 -62143.4 5872.55 -68016 483.23685
0.84 290.3604 -892.01361 50277.662 -62293.9 5609.38 -67903.3 485.21427
0.85 290.78688 -1788.5622 50248.707 -62221.3 5617.62 -67839 490.63336
0.86 297.66037 -981.83778 49975.306 -61954.1 5750.4 -67704.5 492.74919
0.87 292.52462 -685.21346 49871.004 -62115 5651.19 -67766.2 495.99063
0.88 292.55247 -1254.3089 49878.609 -62660.6 5651.73 -68312.3 500.17961
0.89 306.75223 -408.56746 49895.365 -62356.2 5926.05 -68282.3 504.86811
0.9 307.20502 -1563.2825 50014.484 -61707.3 5934.79 -67642.1 511.6512
0.91 295.83142 -660.66591 49611.616 -62374.4 5715.07 -68089.4 517.16176
0.92 299.51014 -1173.9292 50058.643 -62186.8 5786.14 -67972.9 522.717
0.93 305.34371 -850.76481 50169.664 -62105.9 5898.84 -68004.8 528.86432
0.94 287.94249 -1130.3557 50000.154 -62460.1 5562.67 -68022.8 527.96738
0.95 293.05708 -1447.6982 50380.908 -62478.7 5661.48 -68140.2 531.64331
0.96 291.68168 -855.25021 49880.323 -62322.3 5634.9 -67957.2 533.00398
0.97 299.58089 -691.41581 49879.702 -62228.7 5787.51 -68016.2 537.02911
0.98 288.64218 -1720.7576 50425.591 -62624.4 5576.19 -68200.6 542.98249
0.99 301.6585 -851.97013 49760.813 -62525.9 5827.64 -68353.6 542.41892
1 290.57001 -843.94612 50078.721 -62778.3 5613.43 -68391.8 549.84464
1.01 316.38679 -1202.5774 50343.662 -62062.4 6112.17 -68174.6 558.54723
1.02 291.37772 -1043.1349 49769.902 -62398.9 5629.03 -68028 558.26998
1.03 292.68679 -654.34284 49752.485 -62251.2 5654.32 -67905.5 561.67602
1.04 303.07623 -1068.4383 49671.552 -61774.1 5855.03 -67629.1 569.94256
1.05 296.12013 -1247.2609 49923.269 -62133.3 5720.65 -67854 577.46285
1.06 290.15792 -1700.0998 50493.794 -62357 5605.47 -67962.4 587.33334
1.07 295.04481 -1080.5087 50171.908 -62318.2 5699.88 -68018.1 590.41597
1.08 302.61409 -1353.0584 50150.991 -62193.5 5846.1 -68039.6 595.59666
1.09 287.68317 -1312.2299 50020.54 -62490.1 5557.66 -68047.8 597.37457
1.1 291.90158 -1260.1071 50006.251 -61814.9 5639.15 -67454 594.9397
1.11 286.74745 -825.06126 49751.548 -62228.9 5539.58 -67768.5 593.97391
1.12 301.36762 -896.78233 49779.166 -62232.9 5822.02 -68054.9 601.05647
1.13 295.92576 -1183.9604 49653.631 -62529.6 5716.89 -68246.5 603.11043
1.14 293.55615 -759.96415 49849.382 -62502.1 5671.12 -68173.2 606.19609
1.15 287.07144 -841.99734 49721.408 -62382.1 5545.84 -67928 608.14876
1.16 282.2827 -715.60614 49903.167 -62653.5 5453.33 -68106.9 610.97526
1.17 292.39343 -673.27777 49772.482 -62928.5 5648.65 -68577.2 614.40575
1.18 297.14291 -1116.2519 50108.933 -62992.3 5740.41 -68732.7 620.61585
1.19 288.13971 -1169.5396 50000.139 -62769.5 5566.48 -68336 622.07768
1.2 294.94758 -680.01427 49875.304 -62909.6 5698 -68607.6 621.81013
1.21 298.09837 -546.83344 49799.229 -62522.5 5758.87 -68281.4 624.8166
1.22 303.00861 -1244.6022 50134.916 -62515.2 5853.73 -68369 626.71052
1.23 299.29474 -876.7862 49887.264 -62368 5781.98 -68150 625.18687
1.24 287.27066 -492.45257 49649.708 -62668.2 5549.69 -68217.9 626.19073
1.25 307.15744 -1273.9252 50029.123 -62362 5933.88 -68295.9 631.16659
1.26 293.14638 -977.12815 49945.967 -62403.5 5663.2 -68066.7 632.38286
1.27 290.78696 -752.61427 50182.95 -62103.1 5617.62 -67720.7 635.96638
1.28 296.90457 -853.58877 49524.933 -61877.1 5735.8 -67612.9 633.8937
1.29 297.93037 -624.2147 49778.704 -61509.9 5755.62 -67265.5 643.22475
1.3 294.60801 -579.05335 49759.553 -61908.5 5691.44 -67600 648.55373
1.31 290.82384 -954.62036 50017.828 -61971.2 5618.33 -67589.5 653.5647
1.32 300.61489 -554.69797 49745.951 -61417 5807.48 -67224.5 662.93407
1.33 290.90204 -860.03396 49830.322 -61978.4 5619.84 -67598.2 668.1104
1.34 298.75116 -1963.9269 50195.574 -61452.8 5771.48 -67224.3 673.52985
1.35 292.28559 -1130.8211 49772.629 -61718 5646.57 -67364.6 676.03635
1.36 298.01582 -756.12394 49708.06 -61371.6 5757.27 -67128.8 678.02864
1.37 294.33532 -955.62393 49577.752 -61654.5 5686.17 -67340.7 682.734
1.38 303.24833 -1686.1628 50149.233 -61436.4 5858.36 -67294.7 695.70975
1.39 296.14346 -1240.4434 49741.624 -61579.2 5721.1 -67300.3 694.33906
1.4 293.9402 -1382.8745 49807.204 -61565.1 5678.54 -67243.6 695.66702
1.41 294.77309 -280.92826 49350.844 -61534.4 5694.63 -67229.1 697.80507
1.42 287.91204 -445.10339 49611.973 -61673 5562.08 -67235.1 707.16381
1.43 294.04339 -465.5256 49861.16 -61529.3 5680.53 -67209.8 716.12258
1.44 306.60426 -489.80545 49433.111 -61317.7 5923.19 -67240.9 720.42817
1.45 300.26738 -680.43636 49452.087 -61588.4 5800.77 -67389.1 726.25453
1.46 303.60756 -1013.3712 49875.552 -61985.3 5865.3 -67850.6 732.72832
1.47 290.86809 -969.95393 49770.798 -61962.1 5619.19 -67581.3 738.4176
1.48 287.81524 -1200.7868 49877.8 -62205.8 5560.21 -67766 743.47598
1.49 296.16353 -1458.0499 49883.959 -61934.2 5721.49 -67655.7 746.87049
1.5 299.1722 -1824.2125 50365.757 -61986.9 5779.61 -67766.5 756.23062
1.51 295.67643 -1353.5095 49586.566 -62269.7 5712.08 -67981.8 748.23959
1.52 296.5451 -932.69788 50151.967 -62195.9 5728.86 -67924.7 764.11238
1.53 288.5161 -982.16897 49877.244 -62474.2 5573.75 -68047.9 767.44782
1.54 304.13262 -1467.0775 50143.751 -61740.5 5875.44 -67615.9 772.41471
1.55 295.07685 -386.93815 49881.371 -62175 5700.49 -67875.5 774.82538
1.56 297.03724 -1308.7065 49863.563 -62011.1 5738.37 -67749.5 784.07917
1.57 296.67605 -1482.8646 50071.545 -62276.7 5731.39 -68008.1 789.88381
1.58 298.94283 -1446.8923 49795.502 -62109 5775.18 -67884.2 795.89475
1.59 290.21052 -583.10435 49642.105 -62239.1 5606.48 -67845.6 797.34226
1.6 298.73883 -808.29767 50013.28 -62197 5771.24 -67968.3 807.78594
1.61 300.66328 -1098.9692 49697.371 -61898.7 5808.42 -67707.1 808.26882
1.62 300.12833 -1153.832 49993.181 -62095.7 5798.08 -67893.8 816.07695
1.63 296.41299 -479.6613 49590.618 -62247.6 5726.31 -67973.9 818.36068
1.64 288.3328 -669.28395 49484.62 -61833.5 5570.21 -67403.7 818.45232
1.65 281.32006 -503.66324 49575.714 -62196.7 5434.73 -67631.4 825.11139
1.66 301.1543 -959.35489 49923.877 -61596.7 5817.9 -67414.6 831.13227
1.67 294.74995 -1166.5385 49815.885 -61738.9 5694.18 -67433 836.99553
1.68 291.84782 -1228.2407 49837.497 -61508.2 5638.11 -67146.4 844.7202
1.69 295.32548 -590.00016 49620.695 -61323.2 5705.3 -67028.5 849.12903
1.7 295.14237 -810.17057 49535.427 -61930.5 5701.76 -67632.2 848.00087
1.71 293.01441 -655.44243 49573.112 -62029.1 5660.65 -67689.7 854.52267
1.72 303.94358 -746.77534 50058.316 -61640.8 5871.79 -67512.6 862.34898
1.73 298.94152 -561.91335 49598.587 -61595.4 5775.15 -67370.5 860.30423
1.74 294.90347 -1623.3765 49776.919 -61625.8 5697.15 -67322.9 869.74605
1.75 295.94192 -795.55305 49927.231 -61814.2 5717.21 -67531.4 873.62989
1.76 294.01543 -481.37341 49554.419 -61979.5 5679.99 -67659.5 876.08656
1.77 286.05106 -762.35316 49609.226 -61807.5 5526.13 -67333.6 878.13777
1.78 306.1023 -1229.6391 49615.539 -61398 5913.49 -67311.5 886.85914
1.79 299.74314 -323.41305 49519.872 -61729 5790.64 -67519.7 893.67322
1.8 303.20133 -504.66545 49666.391 -61552.1 5857.45 -67409.6 897.32538
1.81 299.74137 -1212.767 49634.174 -61759.4 5790.61 -67550 902.73151
1.82 300.92361 -1102.8473 49621.116 -61110.7 5813.45 -66924.1 906.1355
1.83 301.48966 -1568.8125 49654.731 -61105.6 5824.38 -66930 917.84353
1.84 293.28615 -1583.2773 49855.403 -61322.2 5665.9 -66988.1 928.33303
1.85 282.8466 -1065.7717 49745.483 -61952.4 5464.22 -67416.6 939.99852
1.86 298.0537 -1111.7636 49451.464 -61443.4 5758 -67201.4 940.19806
1.87 302.49537 -1471.9987 50034.318 -61744.7 5843.81 -67588.5 951.61937
1.88 291.60306 -885.05027 49883.018 -61646 5633.39 -67279.4 955.90326
1.89 298.42302 -1008.4291 49805.998 -61786.6 5765.14 -67551.7 957.85258
1.9 291.23334 -1033.1966 49967.457 -62088.1 5626.24 -67714.3 964.8934
1.91 297.32348 -1187.7945 49862.767 -61522.4 5743.9 -67266.3 963.99995
1.92 295.84591 -790.88592 49919.087 -61680.7 5715.35 -67396 965.28938
1.93 278.44855 -969.76982 49443.506 -62092.9 5379.26 -67472.2 970.9731
1.94 305.79118 -760.10865 49740.937 -61633.5 5907.48 -67541 978.46004
1.95 292.93647 -1314.4716 50074.229 -61837.5 5659.15 -67496.7 984.24093
1.96 291.6707 -764.513 49672.416 -61926 5634.69 -67560.7 978.70268
1.97 302.8747 -1262.2375 49845.709 -61411.2 5851.14 -67262.3 988.78041
1.98 299.16125 -548.45346 49942.765 -61915.7 5779.4 -67695.1 995.86043
1.99 294.9508 -1147.8424 49770.498 -61871.4 5698.06 -67569.4 994.29604
2 294.27506 -453.12924 49568.285 -61931.7 5685 -67616.7 992.97873
2.01 293.94306 -837.40883 49704.588 -61932.1 5678.59 -67610.7 1002.6095
2.02 289.13826 -692.08656 49734.691 -61908.5 5585.77 -67494.3 1012.0774
2.03 305.96736 -147.32571 49192.771 -61501.5 5910.88 -67412.3 1012.1211
2.04 307.86179 -610.54561 49499.927 -61361.5 5947.48 -67309 1023.3333
2.05 302.00335 -1157.5368 50026.239 -61072.3 5834.31 -66906.6 1037.6357
2.06 295.45058 -833.81024 49696.936 -61101.2 5707.71 -66808.9 1047.1511
2.07 303.73373 -1034.6652 49519.088 -60938.4 5867.73 -66806.2 1049.7954
2.08 290.55518 -1331.7023 49742.805 -61281.4 5613.14 -66894.6 1057.9058
2.09 293.59406 -961.21595 49429.427 -61275.5 5671.85 -66947.4 1056.555
2.1 293.14466 -1202.5016 49670.349 -61425.1 5663.17 -67088.2 1063.6558
2.11 290.44113 -770.26324 49491.014 -61158.5 5610.94 -66769.4 1065.1606
2.12 292.75053 -931.08491 49809.771 -61573.2 5655.55 -67228.8 1077.1815
2.13 290.61166 -705.63769 49731.004 -61756 5614.23 -67370.2 1076.277
2.14 301.9729 -629.25456 49432.025 -61481.1 5833.72 -67314.8 1079.0065
2.15 291.30673 -1597.1303 50061.147 -61804.3 5627.66 -67431.9 1092.3629
2.16 296.09132 -1067.0675 49771.281 -61729.7 5720.09 -67449.8 1090.154
2.17 288.04832 -814.4445 49908.822 -62121.3 5564.71 -67686 1104.8829
2.18 294.43237 -1130.2543 49603.019 -61766.7 5688.04 -67454.8 1106.3108
2.19 289.92496 -732.83628 49556.538 -61864.3 5600.97 -67465.3 1111.961
2.2 302.55445 -705.06597 49817.41 -61640.9 5844.95 -67485.9 1122.9477
2.21 300.6603 -334.44539 49699.723 -62173.6 5808.36 -67982 1126.3948
2.22 290.06212 -1496.5145 50007.959 -62288.3 5603.62 -67891.9 1136.9183
2.23 300.9572 -1114.6674 50295.911 -61916.6 5814.1 -67730.7 1140.3418
2.24 299.72163 -960.27447 49669.829 -62115.2 5790.23 -67905.4 1142.0105
2.25 306.01399 -1158.6496 50071.824 -61766.2 5911.79 -67678 1158.2519
2.26 291.82558 -380.64289 49334.362 -62116.6 5637.68 -67754.3 1149.8919
2.27 296.14548 -1181.1193 50049.954 -61841.7 5721.14 -67562.8 1162.6776
2.28 297.39252 -1200.531 49531.315 -62084.4 5745.23 -67829.6 1157.1008
2.29 286.76897 -1040.0661 49841.788 -62449.7 5540 -67989.7 1161.1659
2.3 291.47428 -1264.6062 49940.703 -62061.4 5630.9 -67692.2 1169.3214
2.31 292.35363 -1017.2576 49814.364 -62149.5 5647.89 -67797.3 1168.9165
2.32 296.4966 -918.04085 49538.154 -61715.1 5727.92 -67443 1166.6341
2.33 290.44781 -788.93965 49760.646 -61856.2 5611.07 -67467.3 1174.5719
2.34 293.87286 -926.17339 49662.246 -61562.9 5677.23 -67240.1 1178.0021
2.35 295.34613 -500.24074 49791.141 -61704 5705.7 -67409.7 1185.2855
2.36 299.39535 -937.41689 50004.655 -62230.8 5783.92 -68014.7 1187.5756
2.37 294.79893 -1657.9832 50101.881 -62453.8 5695.13 -68148.9 1192.2986
2.38 304.36461 -757.49249 49846.479 -61982.8 5879.92 -67862.8 1192.6765
2.39 290.03936 -1204.94 49661.531 -62671 5603.18 -68274.2 1197.3389
2.4 298.39847 -971.92042 50017.371 -62450.3 5764.66 -68215 1205.9794
2.41 297.71201 -1339.1851 50045.189 -62694.5 5751.4 -68445.9 1207.919
2.42 302.94501 -850.17139 49945.826 -62402.9 5852.5 -68255.4 1221.2316
2.43 289.23612 -241.66477 49917.419 -62638.8 5587.66 -68226.5 1224.9022
2.44 291.4894 -1153.0025 50092.848 -62596.9 5631.19 -68228.1 1231.2458
2.45 289.41963 -1277.611 49913.202 -62413.1 5591.2 -68004.3 1234.0976
2.46 292.38233 -1105.9817 50090.437 -62601.2 5648.44 -68249.7 1237.9971
2.47 314.72142 -1261.3223 50314.898 -62135.4 6080 -68215.4 1247.532
2.48 297.3207 -1235.6221 49901.989 -62510.8 5743.84 -68254.6 1242.1198
2.49 295.78481 -1097.093 50059.705 -62777.3 5714.17 -68491.4 1245.6399
2.5 297.52007 -904.33734 49970.685 -62452.6 5747.69 -68200.3 1247.7214
2.51 298.12785 -926.87373 49837.735 -62442.9 5759.44 -68202.3 1243.3481
2.52 300.41225 -1275.799 50141.526 -63029.4 5803.57 -68833 1256.8793
2.53 295.97088 -940.51902 50343.294 -62975.2 5717.77 -68693 1263.9959
2.54 290.34293 -792.95498 50089.229 -62779.3 5609.04 -68388.4 1256.5084
2.55 294.63529 -1291.3845 50384.2 -63099.3 5691.96 -68791.2 1264.4875
2.56 300.4228 -1240.2845 50123.466 -63234.3 5803.77 -69038.1 1264.8921
2.57 299.93752 -185.22948 49887.05 -63425 5794.4 -69219.4 1267.3748
2.58 289.45322 -1205.1146 50301.806 -62994.6 5591.85 -68586.4 1278.7588
2.59 297.50129 -1492.4631 50254.417 -63218.9 5747.33 -68966.3 1286.4573
2.6 298.49948 -945.92478 49875.361 -63217.2 5766.62 -68983.8 1277.1414
2.61 300.44637 -1499.1476 50374.602 -63121.6 5804.23 -68925.9 1289.5316
2.62 283.58935 -1532.9561 50365.177 -63576.4 5478.57 -69054.9 1295.7907
2.63 301.47546 -619.85866 49992.225 -62984.4 5824.11 -68808.5 1290.3459
2.64 293.39916 -1112.9578 50289.409 -63552.3 5668.08 -69220.4 1298.6931
2.65 300.60481 -1692.0386 50396.574 -63165.1 5807.29 -68972.3 1306.0236
2.66 300.57284 -727.92938 49978.507 -63703.6 5806.67 -69510.3 1300.0643
2.67 289.14562 -738.2939 49919.939 -63513.7 5585.91 -69099.7 1300.4824
2.68 307.78847 -890.54032 50181.421 -63373.4 5946.07 -69319.4 1310.6085
2.69 295.41935 -1340.9296 50292.286 -63458.4 5707.11 -69165.6 1312.4471
2.7 293.29469 -743.00358 50258.355 -63535.1 5666.07 -69201.2 1317.4779
2.71 293.34541 -775.96588 50261.578 -63545 5667.05 -69212 1315.5329
2.72 294.54549 -940.80368 49945.49 -63596.5 5690.23 -69286.8 1308.9193
2.73 298.38016 -1324.6906 50174.551 -63603 5764.31 -69367.3 1314.786
2.74 292.77148 -545.02394 50256.818 -63491 5655.96 -69147 1318.6575
2.75 290.68456 -1210.8794 50349.205 -63682 5615.64 -69297.6 1319.6925
2.76 299.29711 -1212.8672 50241.381 -63712.6 5782.02 -69494.6 1318.8876
2.77 298.6693 -997.73755 50326.001 -63621.6 5769.9 -69391.5 1326.0529
2.78 298.39159 -667.89907 50187.487 -63857.6 5764.53 -69622.1 1318.4223
2.79 286.71229 -858.65814 50268.123 -64656.2 5538.9 -70195.1 1319.1326
2.8 300.98983 -1035.9741 50419.845 -64111.7 5814.73 -69926.4 1322.1219
2.81 300.62316 -756.85816 50184.679 -64468.3 5807.64 -70275.9 1318.8804
2.82 292.79794 -1185.0653 50444.302 -64483.6 5656.47 -70140.1 1330.8177
2.83 299.58146 -1179.2415 50356.557 -64279.8 5787.52 -70067.3 1327.3121
2.84 294.55486 -947.31368 50236.113 -64234.6 5690.41 -69925 1330.6797
2.85 300.21644 -645.38147 50114.076 -63899.9 5799.78 -69699.7 1326.7152
2.86 295.46578 -1098.9967 50292.276 -64044.6 5708.01 -69752.6 1332.6391
2.87 297.33734 -1129.8599 50322.892 -64403.5 5744.16 -70147.7 1332.4817
2.88 291.608 20.675798 49740.065 -64034.5 5633.48 -69668 1326.9163
2.89 299.06456 -1257.2786 50606.542 -63817.9 5777.53 -69595.4 1345.7304
2.9 299.73401 -863.48712 50242.416 -63508.3 5790.46 -69298.7 1339.1673
2.91 296.13684 -563.38089 49914.394 -63971.1 5720.97 -69692 1336.9104
2.92 296.30087 -861.93041 50138.31 -63731.7 5724.14 -69455.9 1344.3448
2.93 302.82316 -1566.8979 50338.224 -63716.8 5850.14 -69566.9 1355.7244
2.94 291.83477 -210.94037 49777.412 -64018.4 5637.86 -69656.3 1344.2139
2.95 297.61695 -1176.0395 50402.587 -63924.3 5749.57 -69673.9 1356.3093
2.96 301.57051 -1573.723 50766.709 -63685.7 5825.94 -69511.6 1362.1829
2.97 293.53439 -676.65871 50336.037 -64015.1 5670.7 -69685.8 1355.9012
2.98 284.49624 -617.57673 50119.11 -64705.8 5496.09 -70201.9 1352.5927
2.99 306.2525 -758.05766 50371.516 -64308.7 5916.39 -70225.1 1356.7226
3 300.23352 -663.29183 50245.559 -64455.3 5800.11 -70255.4 1357.5085
3.01 291.82002 -875.41635 50418.557 -64594.1 5637.58 -70231.7 1360.6575
3.02 293.06378 -1734.9061 50721.848 -64676.4 5661.6 -70338 1366.341
3.03 298.60784 -881.94247 50413.88 -64841 5768.71 -70609.7 1361.2603
3.04 291.53644 -1241.1065 50436.776 -64602.7 5632.1 -70234.8 1364.2549
3.05 307.6546 -1580.7926 50691.378 -64347.8 5943.48 -70291.3 1372.9868
3.06 300.39019 -845.7882 50241.516 -64322 5803.14 -70125.1 1366.4432
3.07 291.70403 -989.8358 50032.062 -64598.2 5635.34 -70233.5 1361.9593
3.08 309.89938 -700.74255 50143.183 -64405.2 5986.85 -70392 1367.5504
3.09 298.21518 -1257.4822 50490.581 -64478 5761.12 -70239.1 1375.8432
3.1 302.26475 -1502.0226 50586.66 -64095.5 5839.36 -69934.9 1377.533
3.11 297.31063 -1188.5165 50555.236 -64345.7 5743.65 -70089.3 1379.5674
3.12 299.39608 -1326.286 50578.844 -64145.8 5783.94 -69929.7 1378.4062
3.13 290.08785 -858.63943 50290.27 -64793.9 5604.11 -70398 1377.4146
3.14 300.45488 -1083.4826 50439.167 -64471.2 5804.39 -70275.5 1380.7066
3.15 296.65988 -1026.8581 50493.143 -64895.1 5731.08 -70626.1 1383.5869
3.16 296.04376 -699.13177 50430.743 -64791.7 5719.17 -70510.9 1384.0676
3.17 302.99807 -777.91384 50302.036 -64802.7 5853.52 -70656.2 1380.767
3.18 286.47893 -1427.2822 50553.107 -65391.8 5534.39 -70926.2 1385.7226
3.19 294.21752 -990.09257 50553.594 -65029.2 5683.89 -70713.1 1386.3223
3.2 286.54982 -844.85037 50556.163 -65392.8 5535.76 -70928.5 1388.0047
3.21 295.8114 -842.4376 50418.529 -64892.4 5714.69 -70607.1 1387.1454
3.22 287.97267 -982.51555 50362.072 -65179.6 5563.25 -70742.9 1384.7462
3.23 303.79581 -999.11943 50569.012 -64834.7 5868.93 -70703.7 1390.7676
3.24 296.42291 -783.37275 50597.627 -65264.5 5726.5 -70991 1393.2467
3.25 294.1235 -1322.1192 50843.724 -65008.6 5682.08 -70690.7 1395.7216
3.26 294.58242 -1171.8201 50706.307 -65184.8 5690.94 -70875.8 1397.1331
3.27 292.80918 -541.13418 50471.842 -65107.5 5656.69 -70764.2 1391.8434
3.28 296.84068 -1239.6964 51027.256 -64881.2 5734.57 -70615.8 1404.4469
3.29 281.46028 -1090.0291 50793.77 -65511.3 5437.44 -70948.7 1401.6224
3.3 293.50178 -1369.9175 50948.751 -64965.9 5670.07 -70636 1403.7561
3.31 296.53478 -690.89809 50832.061 -65382.2 5728.66 -71110.9 1400.0631
3.32 298.19665 -1042.3322 50977.592 -65018.6 5760.77 -70779.4 1402.5668
3.33 296.67444 -1971.6972 51125.121 -65103.7 5731.36 -70835.1 1403.4676
3.34 306.25853 -1101.3588 50737.739 -64718.2 5916.51 -70634.8 1396.8653
3.35 298.92423 -1308.2647 50783.758 -65161.8 5774.82 -70936.6 1399.7875
3.36 303.24383 -1028.7106 50646.196 -65146.7 5858.27 -71005 1396.2641
3.37 292.12742 -326.11769 50387.27 -65195.9 5643.52 -70839.4 1392.7635
3.38 299.21138 -829.38851 50649.971 -65106.7 5780.37 -70887.1 1399.9629
3.39 296.37642 -752.81661 50493.007 -64952.6 5725.6 -70678.2 1397.4875
3.4 294.1395 -1019.2189 51112.082 -64839.8 5682.39 -70522.2 1409.1068
3.41 298.34426 -1388.323 50979.585 -65010.8 5763.62 -70774.4 1406.5851
3.42 299.61066 -716.14472 50786.912 -65284.9 5788.08 -71073 1403.2709
3.43 301.40092 -1177.2979 50690.563 -64942.9 5822.67 -70765.5 1399.9055
3.44 292.53675 -1002.2939 50913.183 -65053.2 5651.42 -70704.6 1403.5643
3.45 299.44946 -1051.3802 50897.1 -65069.2 5784.97 -70854.2 1406.9361
3.46 297.50487 -1339.9155 51284.873 -64827.2 5747.4 -70574.6 1413.9226
3.47 303.4298 -967.25921 51217.995 -65352.6 5861.86 -71214.5 1413.0463
3.48 297.64281 -1722.9894 51706.679 -64981.3 5750.07 -70731.4 1422.6664
3.49 304.83569 -738.33963 51503.752 -65265.1 5889.02 -71154.1 1420.8653
3.5 295.03199 -979.33752 51490.689 -65366.3 5699.63 -71065.9 1420.3812
3.51 295.74178 -995.36495 51461.29 -65304 5713.34 -71017.4 1418.2775
3.52 312.43642 -644.73188 51582.258 -65230.6 6035.86 -71266.5 1421.4135
3.53 294.47845 -1020.6634 51538.949 -65484.1 5688.93 -71173.1 1417.5386
3.54 300.68723 -738.96391 51591.428 -65395.3 5808.88 -71204.2 1419.3357
3.55 289.24984 -682.90533 51600.574 -65559 5587.92 -71147 1420.1514
3.56 302.03938 -814.25852 51480.342 -65407.8 5835 -71242.8 1418.0723
3.57 291.48417 -614.35387 51374.733 -65650.9 5631.09 -71282 1416.2972
3.58 298.63175 -1328.0761 51829.814 -65352.4 5769.17 -71121.6 1425.8636
3.59 289.8741 -706.45755 51371.647 -65536.5 5599.98 -71136.5 1418.3541
3.6 289.26622 -1404.7359 51653.997 -65500 5588.24 -71088.3 1423.3088
3.61 290.04617 -1523.5369 51982.85 -65822 5603.31 -71425.3 1430.576
3.62 298.08302 -1329.2935 51833.313 -65683.2 5758.57 -71441.7 1426.7521
3.63 302.91367 -529.69171 51564.987 -65649.8 5851.89 -71501.7 1422.236
3.64 291.01115 -1610.2711 52101.364 -65856.2 5621.95 -71478.1 1433.0064
3.65 307.81438 -520.71693 51553.348 -65505.1 5946.57 -71451.7 1422.4239
3.66 291.18036 -1801.8063 52228.871 -65867.8 5625.22 -71493 1433.9217
3.67 302.79035 -628.14879 51561.636 -65482.4 5849.51 -71331.9 1421.8169
3.68 303.39998 -936.63013 51834.047 -65943 5861.29 -71804.3 1427.2202
3.69 304.90311 -840.48286 51824.609 -65536.8 5890.32 -71427.2 1425.4541
3.7 292.71457 -996.83306 51733.926 -65763.2 5654.86 -71418.1 1424.5954
3.71 302.44694 -776.33347 51878.304 -65818.2 5842.87 -71661 1427.6976
3.72 299.73765 -1071.0825 51980.723 -65504.7 5790.54 -71295.3 1429.8924
3.73 285.19239 -1295.2053 51840.935 -65892.1 5509.54 -71401.7 1427.8608
3.74 296.96446 -1254.1503 51989.674 -65662.2 5736.96 -71399.1 1429.8443
3.75 287.42854 -1153.8992 51900.376 -65926.5 5552.74 -71479.2 1427.4105
3.76 294.62189 -1090.8533 51865.092 -65538.4 5691.71 -71230.1 1428.0165
3.77 294.40856 -897.03309 51827.091 -65829.8 5687.58 -71517.4 1427.1566
3.78 292.81369 -705.55147 51667.992 -66044.9 5656.77 -71701.7 1423.9316
3.79 300.69426 -1012.4062 51923.888 -65605.7 5809.02 -71414.7 1428.3762
3.8 298.30066 -899.9118 51833.022 -65746.4 5762.77 -71509.1 1427.713
3.81 297.85705 -1184.5763 51905.708 -65487.1 5754.2 -71241.3 1428.5922
3.82 305.7805 -1236.3789 51838.705 -65912.6 5907.27 -71819.9 1427.6702
3.83 292.91347 -713.7086 51607.463 -65634.3 5658.7 -71293 1424.366
3.84 288.68602 -679.91618 51717.342 -66136 5577.03 -71713.1 1425.7952
3.85 294.244 -844.93493 51782.942 -65834.7 5684.4 -71519.1 1426.6869
3.86 300.9131 -837.65831 51672.884 -65755.2 5813.24 -71568.4 1425.463
3.87 293.06143 -970.99553 51807.228 -65978.7 5661.56 -71640.2 1426.2387
3.88 299.39738 -943.06646 51768.103 -65587.6 5783.96 -71371.5 1426.5013
3.89 282.46221 -823.36494 51738.911 -65915.9 5456.8 -71372.7 1426.2529
3.9 305.6873 -790.27284 51812.994 -65642.9 5905.47 -71548.4 1427.1685
3.91 296.50626 -1225.672 51913.528 -65972.7 5728.11 -71700.8 1428.8118
3.92 310.51939 -525.01654 51733.552 -65281.1 5998.82 -71280 1425.1409
3.93 293.50418 -1397.4583 52020.124 -65860.1 5670.11 -71530.2 1431.2148
3.94 295.04382 -851.43706 51757.128 -65898.6 5699.86 -71598.5 1425.9893
3.95 309.83653 -1264.5147 51988.347 -65430.3 5985.63 -71415.9 1431.429
3.96 299.39504 -830.96937 51859.017 -65849.2 5783.92 -71633.1 1428.89
3.97 297.34513 -1436.2705 52097.866 -65352.6 5744.31 -71096.9 1432.5525
3.98 291.64476 -769.12805 51900.577 -65813.8 5634.19 -71448 1428.8444
3.99 300.62032 -519.08023 51678.924 -65833.2 5807.59 -71640.8 1424.8627
4 294.53779 -1294.4522 52054.575 -65631.9 5690.08 -71322 1432.015
4.01 288.85745 -1059.7994 51792.019 -65999.8 5580.34 -71580.1 1427.0512
4.02 291.61224 -849.83802 51797.515 -65973.3 5633.56 -71606.9 1426.8151
4.03 303.12084 -951.40472 51861.97 -65795.9 5855.89 -71651.8 1428.4881
4.04 296.79869 -1002.7608 51822.354 -65751.7 5733.76 -71485.5 1426.7072
4.05 303.38662 -899.60453 51849.502 -66038.8 5861.03 -71899.8 1428.0973
4.06 287.60063 -724.21973 51774.635 -65770 5556.06 -71326.1 1426.0934
4.07 291.09575 -1156.5495 51908.942 -65840.9 5623.58 -71464.4 1428.3814
4.08 302.98275 -1005.4153 52003.758 -65354.8 5853.23 -71208 1430.6031
4.09 301.70682 -1134.6481 51819.425 -65881.1 5828.58 -71709.7 1426.424
4.1 297.43106 -231.16857 51446.155 -65685.7 5745.97 -71431.7 1419.0604
4.11 288.156 -1147.0276 51996.882 -65938.2 5566.79 -71505 1430.3637
4.12 302.17905 -913.34005 51661.046 -65555.2 5837.7 -71392.9 1423.8412
4.13 293.54932 -848.60612 51908.452 -65886.2 5670.98 -71557.2 1429.0607
4.14 285.37569 -1036.6944 51952.858 -65729.2 5513.08 -71242.3 1431.5865
4.15 298.84527 -1005.0159 51818.094 -65629.2 5773.3 -71402.5 1427.9683
4.16 303.65354 -1616.7399 52193.448 -65829.1 5866.18 -71695.3 1433.9344
4.17 296.57271 -1003.4798 51951.77 -65872.2 5729.39 -71601.6 1430.3066
4.18 297.46737 -1070.795 51954.166 -65770.3 5746.68 -71517 1431.4509
4.19 293.34375 -1192.8532 52014.714 -65935 5667.01 -71602 1432.5184
4.2 289.05477 -1273.6517 52038.295 -65725.4 5584.16 -71309.5 1431.5621
4.21 286.99828 -757.33008 51861.012 -66052.2 5544.43 -71596.6 1428.1622
4.22 301.59076 -1421.6687 52080.062 -65399.7 5826.33 -71226 1432.7313
4.23 289.16126 -1322.8939 52227.665 -66001.5 5586.21 -71587.7 1435.5013
4.24 297.8588 -1113.3316 52021.645 -65884.2 5754.24 -71638.4 1431.2411
4.25 293.2455 -960.01214 51842.441 -65953.2 5665.12 -71618.3 1427.7769
4.26 296.57899 -1064.9014 52040.819 -65931.1 5729.51 -71660.6 1431.8129
4.27 303.44664 -1615.4253 52111.127 -65717.6 5862.19 -71579.8 1432.8663
4.28 292.63143 -692.18242 51734.487 -66121.6 5653.25 -71774.9 1426.4489
4.29 295.64364 -723.52198 51655.342 -65746.9 5711.44 -71458.4 1425.2221
4.3 295.62735 -845.89181 51806.467 -65842 5711.13 -71553.2 1428.4507
4.31 296.57479 -968.07378 51865.998 -65827.9 5729.43 -71557.3 1429.2775
4.32 301.43706 -1326.8385 52156.609 -65592.6 5823.37 -71416 1433.7573
4.33 300.01595 -944.55277 51754.501 -65865.5 5795.91 -71661.4 1427.1481
4.34 302.54804 -1070.4749 51990.932 -65546.1 5844.83 -71391 1431.5492
4.35 291.10322 -1054.8835 51936.879 -65998 5623.73 -71621.7 1430.4607
4.36 295.71486 -932.66061 51878.149 -65745.5 5712.82 -71458.3 1428.8238
4.37 294.1836 -1408.2763 52030.079 -65824.9 5683.24 -71508.2 1432.038
4.38 296.67088 -656.20069 51874.31 -65359.7 5731.29 -71091 1429.4026
4.39 285.81291 -635.47279 51610.855 -66096.1 5521.53 -71617.6 1424.0042
4.4 292.75139 -771.36399 51922.712 -65743 5655.57 -71398.6 1431.0116
4.41 286.95992 -1350.7537 52113.95 -66075.3 5543.69 -71619 1435.1234
4.42 294.80403 -697.2695 51744.288 -65821.4 5695.22 -71516.6 1428.5816
4.43 304.38485 -1279.9299 52199.935 -65550.1 5880.31 -71430.4 1436.886
4.44 287.982 -566.34948 51763.355 -66154.4 5563.43 -71717.9 1428.0879
4.45 301.16003 -723.23958 51766.74 -65731.9 5818.01 -71550 1428.516
4.46 296.089 -647.25058 51649.931 -65929.4 5720.05 -71649.5 1425.7814
4.47 310.18294 -1122.5956 52121.48 -65537.1 5992.32 -71529.4 1434.874
4.48 299.14871 -705.01163 51804.872 -65806.4 5779.16 -71585.6 1428.1632
4.49 296.91397 -1311.8582 52132.656 -66037.4 5735.99 -71773.3 1434.8902
4.5 301.24666 -1368.2411 52079.5 -65694 5819.69 -71513.7 1433.2937
4.51 300.05592 -854.90132 51836.842 -65864.6 5796.68 -71661.3 1429.4486
4.52 300.12973 -44.910474 51495.717 -65841.4 5798.11 -71639.5 1423.0686
4.53 289.82769 -848.37181 51901.086 -65916.3 5599.09 -71515.4 1430.6743
4.54 294.8732 -1326.1251 52029.907 -65759.2 5696.56 -71455.8 1433.4315
4.55 290.91371 -920.34842 51783.809 -66197.1 5620.07 -71817.2 1426.8928
4.56 293.8862 -209.26649 51680.479 -65646.1 5677.49 -71323.6 1425.8659
4.57 288.87707 -1438.7703 52127.543 -65887.7 5580.72 -71468.4 1434.4865
4.58 305.1778 -582.02651 51676.967 -65532.7 5895.63 -71428.4 1427.2561
4.59 288.53443 -1260.2769 52059.333 -65991.2 5574.1 -71565.3 1432.5458
4.6 293.09294 -1474.3708 52329.296 -65905.3 5662.17 -71567.4 1438.7793
4.61 301.94259 -812.97561 51812.57 -65659.3 5833.13 -71492.4 1428.5433
4.62 287.12246 -1187.8994 51959.565 -65930.3 5546.83 -71477.1 1430.7474
4.63 295.91006 -1209.2661 51973.193 -65731.6 5716.59 -71448.2 1431.3683
4.64 289.41599 -868.89254 51906.072 -65887.7 5591.13 -71478.8 1429.5289
4.65 289.48522 -1000.1302 51963.812 -66003 5592.47 -71595.4 1431.1244
4.66 293.475 -801.46025 51819.766 -65890.7 5669.55 -71560.2 1428.4436
4.67 309.06022 -690.70009 51795.033 -65469.6 5970.63 -71440.3 1427.5924
4.68 289.81721 -1016.5578 51850.42 -65899.2 5598.89 -71498.1 1428.8566
4.69 302.98004 -1147.336 51954.471 -65712.5 5853.17 -71565.6 1430.9666
4.7 294.49577 -613.68896 51710.447 -65885.6 5689.27 -71574.9 1427.0438
4.71 298.19 -1353.9841 52155.234 -65660.9 5760.64 -71421.5 1435.6023
4.72 303.04165 -740.72226 51846.859 -65919 5854.36 -71773.4 1429.5161
4.73 300.27197 -888.53022 51889.087 -65808 5800.86 -71608.9 1429.8479
4.74 300.18073 -1132.1428 51919.962 -65716.6 5799.09 -71515.7 1430.9101
4.75 292.15551 -868.91324 51843.299 -65824.5 5644.06 -71468.6 1429.1641
4.76 297.74613 -1407.2222 52215.937 -65920.1 5752.06 -71672.1 1436.7726
4.77 298.93654 -940.19681 51748.265 -65655 5775.06 -71430 1427.9656
4.78 294.57125 -824.68585 51893.944 -65843.6 5690.73 -71534.3 1431.7285
4.79 293.49445 -1397.9343 52187.294 -65949 5669.92 -71619 1436.6469
4.8 294.98505 -1409.8286 52146.853 -65833.3 5698.72 -71532 1435.9752
4.81 297.65442 -923.5955 51908.209 -65801.7 5750.29 -71552 1431.9656
4.82 295.47363 -1366.5811 52209.882 -65981 5708.16 -71689.2 1437.6885
4.83 304.87623 -853.80257 51905.135 -65710.2 5889.81 -71600 1431.9198
4.84 296.54494 -1268.0297 52185.259 -65787 5728.86 -71515.9 1437.7635
4.85 306.26118 -971.24327 51889.199 -65626.2 5916.56 -71542.8 1430.7628
4.86 289.60836 -903.38812 51888.944 -65997.7 5594.85 -71592.5 1430.8007
4.87 302.62534 -676.35453 51872.712 -65587.6 5846.32 -71433.9 1430.289
4.88 304.0514 -970.15251 51755.184 -65989 5873.87 -71862.9 1428.3439
4.89 297.15004 -813.83913 51875.477 -65829.6 5740.55 -71570.1 1430.7834
4.9 291.04252 -1231.1245 51875.18 -66059.1 5622.56 -71681.6 1431.139
4.91 301.0159 -1144.86 51933.483 -65656.9 5815.23 -71472.1 1432.5564
4.92 297.44294 -1318.7178 51981.042 -66107.9 5746.2 -71854.1 1433.5521
4.93 303.78934 -1239.9524 51920.05 -65694.7 5868.81 -71563.5 1432.08
4.94 280.19378 -523.48386 51687.98 -66209.2 5412.97 -71622.2 1427.7635
4.95 302.67199 -1012.901 52003.638 -65821 5847.22 -71668.2 1433.7674
4.96 314.28266 -999.56202 52027.259 -65497.7 6071.53 -71569.2 1433.6757
4.97 293.75952 -373.86926 51504.406 -65802.9 5675.05 -71477.9 1424.8415
4.98 297.23144 -903.72004 51922.623 -65666.3 5742.12 -71408.4 1432.3774
4.99 290.5114 -1128.7939 51962.91 -65819.1 5612.3 -71431.4 1433.7325
5 295.58886 -1023.5613 51972.114 -65795 5710.39 -71505.4 1433.2353
5.01 297.17608 -675.12372 51611.212 -66064.5 5741.05 -71805.6 1427.0253
5.02 296.04911 -722.63147 51822.187 -65795.6 5719.28 -71514.9 1430.7567
5.03 295.29152 -793.17876 51631.461 -65921.8 5704.64 -71626.4 1427.6528
5.04 293.02214 -991.67354 51902.707 -65658.9 5660.8 -71319.7 1432.6821
5.05 295.91791 -1107.9085 51895.936 -65938.2 5716.74 -71654.9 1431.9204
5.06 300.02572 -1174.2193 51964.816 -65766.2 5796.1 -71562.3 1434.3386
5.07 290.34603 -777.72031 51643.608 -66062.8 5609.1 -71671.9 1427.8929
5.08 298.0541 -941.74364 51762.109 -65627.7 5758.01 -71385.7 1431.1781
5.09 279.169 -972.84125 51886.307 -66335.4 5393.18 -71728.6 1432.2893
5.1 297.46432 -958.09687 51774.742 -65690.9 5746.62 -71437.5 1429.9149
5.11 297.3 -858.16776 51692.314 -65969.5 5743.44 -71712.9 1428.3597
5.12 295.70806 -1008.0964 51649.293 -65966 5712.69 -71678.7 1426.9876
5.13 299.19105 -758.13263 51727.446 -65616.4 5779.98 -71396.4 1429.896
5.14 299.80035 -924.49738 51803.067 -65627.9 5791.75 -71419.6 1432.0749
5.15 300.74796 -827.37716 51647.031 -65726.6 5810.05 -71536.7 1427.3694
5.16 304.95237 -984.75598 51655.578 -65470.4 5891.28 -71361.7 1427.676
5.17 303.89839 -646.3485 51663.681 -65680.3 5870.92 -71551.2 1427.2823
5.18 296.60505 -761.04077 51897.138 -65510.4 5730.02 -71240.4 1432.6618
5.19 289.08794 -1263.2452 52002.927 -65816.4 5584.8 -71401.2 1434.0139
5.2 298.18734 -813.03089 51679.316 -65639 5760.59 -71399.6 1427.8269
5.21 292.01388 -1125.1833 51677.617 -65699.9 5641.32 -71341.2 1427.6808
5.22 297.87849 -1062.1611 51746.468 -65611.6 5754.62 -71366.2 1428.6856
5.23 291.26197 -1001.0287 51784.5 -66258.4 5626.8 -71885.2 1429.8891
5.24 298.8485 -780.86489 51693.528 -65603.9 5773.36 -71377.2 1427.259
5.25 286.32875 -737.77483 51679.03 -66058.3 5531.49 -71589.8 1427.898
5.26 303.09899 -1010.8054 51765.405 -65679.9 5855.47 -71535.4 1429.4012
5.27 306.58459 -1007.4404 51758.608 -65440.3 5922.81 -71363.1 1430.0566
5.28 299.659 -1333.7655 51927.965 -65773.3 5789.02 -71562.4 1432.2681
5.29 290.66053 -860.00441 51803.361 -65817.8 5615.18 -71432.9 1430.9083
5.3 309.26612 -769.36304 51717.801 -65595 5974.61 -71569.6 1429.4239
5.31 299.12832 -1283.3079 51988.168 -65643.1 5778.76 -71421.8 1433.4029
5.32 301.50889 -1175.4375 51944.081 -65760.3 5824.75 -71585.1 1433.2445
5.33 307.72083 -1064.5843 51802.702 -65394.7 5944.76 -71339.4 1430.4861
5.34 295.01761 -611.98723 51595.304 -65720.3 5699.35 -71419.6 1427.1664
5.35 291.90272 -1194.6385 52038.311 -65751.6 5639.17 -71390.8 1434.1212
5.36 296.99026 -996.86168 51864.515 -65592.3 5737.46 -71329.7 1431.4426
5.37 310.64888 -1061.6859 51838.669 -65544.2 6001.33 -71545.6 1431.1078
5.38 292.45766 -836.96898 51810.942 -66074.9 5649.9 -71724.8 1430.2411
5.39 301.21146 -823.7664 51683.955 -65660.3 5819.01 -71479.3 1428.9362
5.4 295.9773 -1242.2106 52005.798 -66173.1 5717.89 -71891 1435.1975
5.41 297.20651 -702.13209 51794.422 -65538.1 5741.64 -71279.7 1430.4256
5.42 295.49849 -1162.0052 51773.032 -65722.6 5708.64 -71431.2 1428.8211
5.43 303.30959 -964.48086 51858.102 -65463.5 5859.54 -71323.1 1431.4726
5.44 291.06626 -977.78085 51896.653 -65769.8 5623.02 -71392.8 1432.4222
5.45 295.0351 -1119.8926 51984.525 -65524.2 5699.69 -71223.9 1433.195
5.46 293.38003 -1098.6319 51826.936 -65826.1 5667.71 -71493.8 1431.7067
5.47 301.48508 -1224.6958 51992.471 -65421.7 5824.29 -71246 1433.9378
5.48 297.45254 -1171.1024 51979.064 -65924.4 5746.39 -71670.8 1433.2599
5.49 293.52421 -601.27667 51724.089 -65929.6 5670.5 -71600.1 1429.5463
5.5 291.9188 -955.355 51858.12 -65923.1 5639.49 -71562.6 1431.1324
5.51 297.25257 -891.34783 51799.903 -65695.4 5742.53 -71437.9 1429.9567
5.52 288.40785 -1294.003 52100.556 -65844.8 5571.66 -71416.4 1434.3068
5.53 308.71234 -782.70279 51794.823 -65507.1 5963.91 -71471 1428.8779
5.54 292.74086 -1645.5714 52220.238 -65788.4 5655.37 -71443.8 1437.094
5.55 298.3635 -913.29145 52044.039 -65517.6 5763.99 -71281.6 1434.6432
5.56 289.08943 -734.58434 51828.185 -65970.2 5584.83 -71555 1430.9801
5.57 306.9536 -913.53453 51851.064 -65612.9 5929.94 -71542.8 1430.3461
5.58 283.61709 -854.46723 51752.656 -65970.1 5479.11 -71449.2 1429.1249
5.59 291.44707 -907.64691 51946.935 -65738.4 5630.37 -71368.8 1431.9989
5.6 291.70616 -1637.75 52027.779 -66032 5635.38 -71667.4 1432.3776
5.61 299.04181 -1080.5133 51892.661 -65809.6 5777.09 -71586.7 1430.5306
5.62 292.65388 -1246.4869 52083.588 -65945.2 5653.69 -71598.9 1434.6315
5.63 299.47232 -1334.2103 52168.693 -65720.7 5785.41 -71506.1 1435.8313
5.64 291.8661 -750.94556 51843.788 -65916.6 5638.47 -71555.1 1430.2854
5.65 301.85663 -1502.3224 51975.961 -65678.5 5831.47 -71509.9 1432.2484
5.66 288.43135 -1177.8688 51972.898 -65976 5572.11 -71548.1 1431.8162
5.67 293.03337 -855.92233 51838.297 -65768.3 5661.02 -71429.3 1430.5847
5.68 287.4307 -1318.5492 52081.489 -65885.8 5552.78 -71438.6 1435.3084
5.69 312.83709 -836.01546 51807.298 -65299 6043.6 -71342.6 1429.886
5.7 289.89128 -408.06316 51608.136 -65893 5600.32 -71493.3 1426.4034
5.71 288.96689 -1370.3372 52158.534 -65939.1 5582.46 -71521.6 1437.5089
5.72 297.2234 -1157.8655 51862.228 -65609.2 5741.96 -71351.2 1430.8552
5.73 297.00245 -893.35442 51716.148 -65847.7 5737.69 -71585.4 1428.4616
5.74 292.19057 -715.51695 51658.839 -65565.1 5644.74 -71209.9 1425.7881
5.75 291.26139 -1259.8779 51754.105 -66008.2 5626.79 -71635 1428.7695
5.76 297.82724 -1264.4684 51924.37 -65581 5753.63 -71334.6 1432.7136
5.77 291.76578 -1064.9061 51801.842 -65544.9 5636.53 -71181.4 1429.9987
5.78 290.13646 -926.61848 51708.498 -65750.5 5605.05 -71355.5 1427.6032
5.79 307.92934 -849.65293 51883.648 -65380.5 5948.79 -71329.2 1431.3913
5.8 295.87797 -1189.0732 51916.185 -65920.3 5715.97 -71636.3 1432.3779
5.81 292.92267 -1342.2077 52111.957 -65855.8 5658.88 -71514.7 1437.0438
5.82 293.9817 -1003.7557 51840.598 -65953.7 5679.34 -71633 1431.8781
5.83 298.56887 -696.37125 51872.806 -65785.4 5767.96 -71553.3 1432.8287
5.84 292.72783 -1052.6433 51774.828 -66055.7 5655.11 -71710.8 1430.501
5.85 296.19928 -1192.4266 51875.926 -65753 5722.18 -71475.2 1432.8043
5.86 288.01599 -236.26802 51477.579 -66121 5564.09 -71685.1 1424.5728
5.87 299.10632 -1980.6935 52323.592 -65771 5778.34 -71549.4 1439.9974
5.88 288.46884 -785.11551 51728.292 -65827.7 5572.84 -71400.5 1429.4673
5.89 292.99914 -1083.8607 51890.727 -65934.6 5660.36 -71595 1432.8306
5.9 296.17774 -1142.1604 51972.331 -65913.7 5721.76 -71635.5 1433.3091
5.91 304.63654 -712.43718 51945.614 -65607.7 5885.18 -71492.9 1435.2003
5.92 295.3906 -928.60188 51897.17 -65975.8 5706.56 -71682.4 1431.4923
5.93 306.65347 -1428.9593 52145.672 -65578.5 5924.14 -71502.7 1436.037
5.94 308.16243 -1198.9043 52108.269 -65791.4 5953.29 -71744.7 1435.5476
5.95 296.81699 -1161.9533 51939.57 -65943.8 5734.11 -71677.9 1432.4183
5.96 294.71382 -805.85998 51715.184 -65639.1 5693.48 -71332.6 1428.4795
5.97 301.87598 -725.18643 51731.125 -65702.1 5831.84 -71534 1428.1924
5.98 300.29027 -869.05552 51923.249 -65614.1 5801.21 -71415.3 1432.5502
5.99 296.82032 -873.70156 51992.324 -65858.1 5734.18 -71592.2 1433.5951
6 299.7647 -1002.2428 51879.553 -65796.4 5791.06 -71587.5 1431.7554
6.01 286.7912 -1212.412 51957.116 -65842.8 5540.43 -71383.3 1433.718
6.02 291.49944 -784.63061 51665.758 -65859.4 5631.38 -71490.8 1427.3854
6.03 303.50421 -965.05191 51788.742 -65655.1 5863.3 -71518.4 1430.8772
6.04 296.34042 -1366.7177 51991.341 -65789.8 5724.9 -71514.7 1434.2889
6.05 297.89609 -799.54978 51740.697 -65743 5754.96 -71497.9 1429.6148
6.06 289.63007 -1299.5818 51894.124 -66059 5595.27 -71654.3 1432.1724
6.07 291.27451 -853.07311 51908.898 -65760.2 5627.04 -71387.2 1433.9425
6.08 288.46901 -836.82837 51927.935 -65917.3 5572.84 -71490.1 1433.9843
6.09 303.05864 -1106.3166 51878.084 -65607.9 5854.69 -71462.6 1432.6234
6.1 289.26393 -535.89547 51474.739 -65917.5 5588.2 -71505.7 1424.4779
6.11 303.64205 -617.14 51683.362 -65684.2 5865.96 -71550.2 1427.7492
6.12 295.66605 -706.50674 51560.89 -65906.8 5711.88 -71618.7 1426.4563
6.13 300.10132 -718.91535 51759.052 -65643.5 5797.56 -71441.1 1428.795
6.14 292.46323 -667.10901 51720.399 -66044.5 5650 -71694.5 1427.91
6.15 293.42652 -1220.0564 51889.068 -65756.9 5668.61 -71425.5 1431.3136
6.16 282.04526 -740.99756 51826.391 -66202.4 5448.74 -71651.2 1430.0319
6.17 301.43524 -1332.921 52092.428 -65613.6 5823.33 -71436.9 1435.8108
6.18 304.18028 -1324.0046 51932.245 -65481.1 5876.36 -71357.4 1431.4387
6.19 303.15554 -519.44309 51640.846 -65716.5 5856.56 -71573.1 1427.5462
6.2 294.44687 -941.67032 51913.087 -65869.4 5688.32 -71557.8 1433.2542
6.21 299.8939 -1257.982 52040.055 -65879 5793.55 -71672.5 1435.2025
6.22 306.14083 -722.59973 51799.54 -65764 5914.24 -71678.2 1430.407
6.23 276.44534 -1291.0679 52122.047 -66446.9 5340.56 -71787.4 1436.6542
6.24 304.12681 -1140.7152 52025.313 -65695.3 5875.33 -71570.7 1434.4763
6.25 286.10811 -631.1612 51718.527 -66133.6 5527.23 -71660.8 1428.8735
6.26 295.25732 -717.37525 51739.721 -65994.3 5703.98 -71698.3 1428.9699
6.27 296.00085 -450.06726 51582.084 -66005.7 5718.35 -71724 1427.0638
6.28 298.56574 -1040.9094 51990.675 -65503.2 5767.9 -71271.1 1434.799
6.29 295.58208 -965.43191 51981.503 -65855.5 5710.26 -71565.8 1434.7028
6.3 306.53023 -737.56642 51725.724 -65547.2 5921.76 -71468.9 1428.5875
6.31 299.82649 -956.95296 51896.769 -65788 5792.25 -71580.2 1432.2961
6.32 296.03709 -1054.2928 51935.364 -65511.2 5719.05 -71230.3 1432.4927
6.33 296.41723 -1639.268 52193.588 -65808.2 5726.39 -71534.6 1436.5282
6.34 289.48123 -317.21967 51500.158 -66003.9 5592.39 -71596.3 1423.699
6.35 300.85894 -885.54346 51846.162 -65693.8 5812.2 -71506 1430.9573
6.36 294.49793 -935.36838 51783.594 -66003.9 5689.31 -71693.2 1429.0524
6.37 305.92125 -768.00409 51912.539 -65561 5909.99 -71471 1432.064
6.38 291.89705 -821.18059 51789.113 -65837.6 5639.07 -71476.6 1429.533
6.39 292.75491 -1097.636 51910.417 -65750 5655.64 -71405.7 1431.3228
6.4 284.55051 -431.89495 51684.255 -66116.9 5497.14 -71614.1 1427.5875
6.41 312.5952 -1059.9647 51903.314 -65752.2 6038.93 -71791.1 1430.7024
6.42 291.09235 -1254.7699 52104.273 -65858 5623.52 -71481.5 1435.3063
6.43 296.39116 -767.94293 51730.841 -65853.3 5725.89 -71579.2 1426.8011
6.44 297.54903 -1570.4455 52063.874 -65555.4 5748.25 -71303.7 1433.5079
6.45 291.65148 -971.75195 51799.326 -65864.8 5634.32 -71499.1 1428.7951
6.46 296.84832 -1058.6912 51807.904 -65611.6 5734.72 -71346.3 1429.5088
6.47 289.35688 -1017.0338 51828.343 -65889 5589.99 -71479 1430.096
6.48 295.95526 -1337.5475 52026.896 -65685.3 5717.46 -71402.8 1434.0976
6.49 289.94231 -782.73967 51799.416 -65848 5601.3 -71449.3 1429.4581
6.5 289.99043 -945.59402 51803.33 -66176.8 5602.23 -71779.1 1430.2354
6.51 297.23363 -1121.1445 51923.102 -65703.3 5742.16 -71445.5 1432.0673
6.52 286.12999 -861.60711 51861.346 -65849.3 5527.65 -71377 1430.0841
6.53 300.48336 -950.14866 51925.538 -65503.8 5804.94 -71308.7 1430.6685
6.54 292.42492 -730.73966 51613.5 -66039.5 5649.26 -71688.8 1424.932
6.55 296.75893 -1263.7974 52046.481 -65725.7 5732.99 -71458.6 1432.809
6.56 295.61765 -981.01947 51801.797 -65870.3 5710.94 -71581.2 1429.1111
6.57 299.38836 -1119.7338 52055.476 -65706.9 5783.79 -71490.7 1434.589
6.58 296.68837 -760.63851 51847.543 -66005.6 5731.63 -71737.2 1431.3216
6.59 302.90997 -961.71488 51916.886 -65818.1 5851.82 -71669.9 1431.1182
6.6 288.33508 -1303.1104 52177.977 -65741.5 5570.25 -71311.8 1436.5211
6.61 302.17065 -463.76972 51628.123 -65857.2 5837.54 -71694.7 1426.6787
6.62 292.96492 -1795.5466 52238.495 -65683.3 5659.69 -71343 1437.2144
6.63 300.31283 -624.22539 51719.133 -65847.8 5801.65 -71649.4 1427.5082
6.64 289.55421 -729.45172 51860.229 -65641.6 5593.8 -71235.4 1430.4979
6.65 309.70026 -932.94232 51955.859 -65422.1 5983 -71405.1 1431.136
6.66 300.19222 -1122.4692 52009.855 -65709.3 5799.32 -71508.6 1432.2732
6.67 295.79643 -1413.8688 52210.922 -65919.8 5714.4 -71634.2 1436.9378
6.68 284.18404 -686.40577 51656.793 -65942.4 5490.06 -71432.5 1425.6557
6.69 295.79861 -898.2862 51849.623 -65667.6 5714.44 -71382 1428.8739
6.7 297.11674 -915.64141 51857.811 -65879.8 5739.9 -71619.7 1428.9281
6.71 302.26113 -1124.0862 52129.479 -65660.9 5839.29 -71500.2 1434.0562
6.72 286.64933 -1021.4456 52003.304 -66059.2 5537.69 -71596.8 1431.2779
6.73 297.49523 -1100.2785 51993.703 -65825.6 5747.21 -71572.8 1431.8393
6.74 298.57963 -517.30014 51834.253 -66045.4 5768.16 -71813.5 1429.1626
6.75 298.94916 -955.43687 51929.04 -65817.2 5775.3 -71592.5 1430.2311
6.76 299.21999 -862.93543 51821.659 -66048.6 5780.53 -71829.2 1428.7426
6.77 307.52344 -431.90248 51747.236 -65590.6 5940.95 -71531.5 1428.0826
6.78 296.28966 -1331.4187 52060.406 -65828.4 5723.92 -71552.3 1434.0152
6.79 299.56084 -740.89486 51825.944 -65614.8 5787.12 -71401.9 1428.0647
6.8 289.61837 -1040.1548 51853.968 -65837.1 5595.04 -71432.1 1430.4104
6.81 298.59367 -825.23405 51941.912 -65746.1 5768.43 -71514.5 1432.0195
6.82 298.12639 -707.01911 51696.092 -65913.7 5759.41 -71673.1 1426.3163
6.83 295.44136 -1032.2473 51997.341 -65670.5 5707.54 -71378 1432.3176
6.84 301.64704 -1000.3503 51884.52 -65964.3 5827.42 -71791.7 1430.3532
6.85 285.27047 -676.17556 51727.074 -65907.1 5511.05 -71418.2 1428.0779
6.86 292.01953 -936.80218 51928.893 -65951.2 5641.43 -71592.6 1431.6681
6.87 304.06807 -1314.0272 52114.152 -65377.7 5874.19 -71251.9 1434.9578
6.88 297.16388 -1608.2551 52249.314 -65706.6 5740.81 -71447.4 1436.7166
6.89 294.6782 -816.8058 51784.539 -66261 5692.79 -71953.8 1429.0588
6.9 291.94077 -1474.3949 52133.691 -65818.3 5639.91 -71458.2 1435.5915
6.91 290.38162 -982.39276 51907.88 -66081.6 5609.79 -71691.4 1430.2432
6.92 292.91663 -1007.9289 51968.69 -65975.2 5658.76 -71633.9 1432.1885
6.93 302.02612 -1165.5402 52084.734 -65633 5834.75 -71467.7 1434.4818
6.94 296.28901 -943.11239 51975.733 -65803.5 5723.91 -71527.4 1432.4482
6.95 305.09924 -1097.3187 51969.9 -65592.3 5894.11 -71486.4 1432.0885
6.96 291.57113 -1215.2376 52071.004 -65850.7 5632.77 -71483.4 1434.6145
6.97 300.44587 -953.19686 52023.463 -65626.1 5804.22 -71430.3 1433.3492
6.98 292.99921 -1310.1104 52077.822 -65887.4 5660.36 -71547.8 1434.5014
6.99 286.87851 -827.36507 51853.369 -65848.7 5542.11 -71390.8 1429.1162
7 290.03238 -1093.3724 52064.338 -66135.3 5603.04 -71738.3 1434.8003
7.01 306.10113 -863.35009 51955.707 -65728.1 5913.47 -71641.5 1431.8047
7.02 295.14598 -584.63853 51731.915 -65897.9 5701.83 -71599.7 1428.3089
7.03 293.80439 -1209.0165 52074.058 -65729.4 5675.91 -71405.3 1434.1844
7.04 301.22288 -787.57554 51838.717 -65925.5 5819.23 -71744.7 1429.8528
7.05 290.86702 -882.05666 51763.047 -65770.3 5619.17 -71389.5 1426.6925
7.06 292.44915 -1264.6771 52081.363 -65795.8 5649.73 -71445.6 1434.1077
7.07 313.15618 -576.13866 51629.23 -65327.9 6049.76 -71377.7 1424.3035
7.08 296.2259 -626.16716 51681.996 -65885.7 5722.69 -71608.4 1425.0942
7.09 295.88838 -858.34148 51950.55 -65682.9 5716.17 -71399.1 1430.2474
7.1 287.12772 -1320.9208 52117.198 -66024.9 5546.93 -71571.8 1434.0853
7.11 308.05328 -1065.2278 52080.883 -65725.8 5951.18 -71677 1432.8829
7.12 283.16682 -771.72338 51751.7 -66273.3 5470.41 -71743.7 1426.0763
7.13 295.46509 -740.81701 51984.431 -65751.1 5707.99 -71459.1 1430.7446
7.14 296.38965 -1343.2119 52007.725 -65819.8 5725.86 -71545.7 1430.2399
7.15 298.82282 -863.82037 51791.876 -65988.7 5772.86 -71761.6 1426.984
7.16 293.98048 -1024.3223 51961.134 -65588 5679.31 -71267.3 1430.0015
7.17 287.38822 -1027.7841 51884.871 -65926.4 5551.96 -71478.4 1428.1466
7.18 301.18919 -1015.1697 51940.839 -65642.6 5818.58 -71461.2 1430.3057
7.19 287.67303 -914.96911 51812.576 -65995.6 5557.46 -71553.1 1427.2038
7.2 299.84917 -966.48747 51988.245 -65589.6 5792.69 -71382.3 1431.3643
7.21 293.8736 -1112.2465 51952.007 -65884.2 5677.25 -71561.4 1429.9688
7.22 301.98685 -700.08484 51769.842 -65456.1 5833.99 -71290.1 1426.5099
7.23 293.43254 -1115.0055 52069.732 -65893.3 5668.73 -71562 1433.036
7.24 304.10082 -1071.0384 52054.201 -65683.1 5874.83 -71557.9 1432.6744
7.25 291.23709 -1468.123 52214.01 -65686.7 5626.32 -71313 1434.7341
7.26 284.44877 -1047.7899 51974.751 -66203.5 5495.17 -71698.7 1431.6038
7.27 299.41503 -663.2255 51866.449 -65722.9 5784.3 -71507.2 1428.619
7.28 289.66723 -891.05262 51855.754 -65986.9 5595.99 -71582.9 1428.248
7.29 307.79709 -1137.8982 52073.37 -65502.6 5946.23 -71448.8 1432.4208
7.3 291.58779 -493.81167 51743.968 -65961.2 5633.09 -71594.3 1425.168
7.31 289.30586 -1321.0881 52103.725 -65981.9 5589.01 -71570.9 1432.0187
7.32 302.80087 -591.16276 51784.547 -65645 5849.71 -71494.7 1426.2962
7.33 287.85318 -1196.9776 52029.03 -65970.5 5560.94 -71531.5 1431.1841
7.34 292.68219 -821.61861 51843.83 -65769.1 5654.23 -71423.3 1428.7805
7.35 298.93681 -925.68493 51985.179 -65972.2 5775.06 -71747.3 1430.5938
7.36 305.7759 -1077.5714 51952.622 -65648.7 5907.19 -71555.9 1429.7522
7.37 293.13479 -651.89021 51764.373 -65968.8 5662.98 -71631.8 1427.3338
7.38 291.98696 -893.15727 51815.495 -65841.9 5640.8 -71482.7 1427.4754
7.39 289.98928 -1306.9982 52024.912 -65947.7 5602.21 -71549.9 1431.7623
7.4 299.52999 -720.59512 51831.651 -65544.6 5786.52 -71331.2 1427.446
7.41 299.35954 -885.95649 51948.56 -65887.9 5783.23 -71671.1 1429.6154
7.42 297.15588 -813.55963 51906.414 -65848.3 5740.66 -71588.9 1429.1477
7.43 288.96831 -1066.7394 51902.187 -66216.7 5582.49 -71799.2 1427.6914
7.44 295.61016 -904.77177 52036.893 -65818 5710.8 -71528.8 1431.3489
7.45 293.67313 -1044.4616 51979.992 -66216 5673.38 -71889.4 1430.3205
7.46 309.0643 -1045.5336 52065.102 -65831.7 5970.71 -71802.4 1431.3358
7.47 292.41972 -1101.7103 51973.497 -66148.2 5649.16 -71797.4 1430.0345
7.48 299.62928 -721.69664 51867.148 -65929.4 5788.44 -71717.9 1428.3338
7.49 304.93555 -933.93556 51992.972 -65654.8 5890.95 -71545.7 1431.7254
7.5 299.29689 -653.07024 51747.756 -65879.3 5782.02 -71661.4 1427.7366
7.51 302.41771 -1073.6215 52091.156 -65479.2 5842.31 -71321.5 1432.7495
7.52 300.93589 -1110.3743 51960.784 -65774.3 5813.68 -71588 1430.1865
7.53 292.13953 -695.19202 51779.667 -66188.3 5643.75 -71832.1 1426.6144
7.54 291.03959 -1548.1988 52113.001 -65761.7 5622.5 -71384.2 1432.4787
7.55 294.47705 -800.31831 51845.203 -65863.5 5688.91 -71552.4 1428.435
7.56 298.37925 -1266.6206 51994.94 -65863.1 5764.29 -71627.4 1429.9844
7.57 295.78923 -830.10735 51826.903 -65806.4 5714.26 -71520.7 1427.0995
7.58 295.27483 -1077.5241 51924.052 -65801 5704.32 -71505.4 1429.7148
7.59 294.31827 -847.81377 51813.564 -65695.7 5685.84 -71381.5 1427.2021
7.6 295.91339 -624.32251 51784.795 -65736.5 5716.66 -71453.2 1426.4695
7.61 299.92054 -1022.647 51884.912 -65822 5794.07 -71616.1 1428.0394
7.62 296.27936 -1181.4131 52075.375 -65706.7 5723.73 -71430.4 1431.6163
7.63 297.59458 -843.63401 51917.118 -65708.6 5749.13 -71457.7 1430.3127
7.64 296.82167 -1277.9033 52137.236 -65496.7 5734.2 -71230.9 1434.2514
7.65 287.50723 -1068.3719 51804.671 -65937.9 5554.26 -71492.1 1427.1881
7.66 288.93437 -1536.7866 52287.105 -65684.7 5581.83 -71266.5 1435.4179
7.67 299.19618 -381.7633 51675.954 -65870.4 5780.07 -71650.5 1424.9335
7.68 295.45773 -919.55964 51929.413 -65371.8 5707.85 -71079.7 1430.0375
7.69 301.65916 -1055.856 51941.438 -65847.8 5827.66 -71675.5 1430.2209
7.7 288.18863 -539.33409 51785.551 -66193.9 5567.42 -71761.4 1426.6807
7.71 300.5479 -869.17279 51851.118 -65655.8 5806.19 -71462 1429.0277
7.72 292.80571 -554.43196 51640.528 -65832.8 5656.62 -71489.4 1423.9852
7.73 293.93158 -1357.721 52095.396 -65490.4 5678.37 -71168.8 1432.225
7.74 295.46011 -384.92036 51460.892 -65901.1 5707.9 -71609 1420.0628
7.75 304.56001 -1212.2822 51983.873 -65519.7 5883.7 -71403.4 1430.3917
7.76 301.94471 -324.53075 51545.457 -66006.7 5833.17 -71839.9 1421.8954
7.77 300.22445 -947.46441 51965.779 -65660 5799.94 -71459.9 1430.6085
7.78 280.91075 -1365.6672 52125.322 -66038.1 5426.82 -71464.9 1433.4244
7.79 301.85964 -859.66897 51850.607 -65675.1 5831.53 -71506.6 1427.8226
7.8 291.50192 -822.92658 51709.684 -65807.7 5631.43 -71439.1 1425.759
7.81 306.77032 -1090.0073 51955.211 -65340.7 5926.4 -71267.1 1430.5716
7.82 287.2166 -978.43789 51858.742 -65945.5 5548.64 -71494.1 1428.235
7.83 300.27857 -630.47426 51814.114 -65839.1 5800.98 -71640.1 1427.7034
7.84 298.5107 -899.15914 51798.044 -65866 5766.83 -71632.9 1426.7131
7.85 287.45517 -1311.5047 52070.039 -65857.7 5553.25 -71410.9 1432.0682
7.86 292.61767 -1355.1851 52079.272 -65901.8 5652.99 -71554.8 1432.2594
7.87 302.15638 -1066.6793 51900.754 -65558.9 5837.26 -71396.1 1428.6477
7.88 293.65022 -989.15095 51843.592 -65933.8 5672.93 -71606.7 1427.9403
7.89 299.46332 -1031.68 51912.69 -65564.8 5785.24 -71350.1 1428.7676
7.9 301.46784 -1259.0745 52017.895 -65666.9 5823.96 -71490.9 1430.9474
7.91 287.56858 -578.25024 51712.885 -66051.3 5555.44 -71606.8 1425.5141
7.92 295.88871 -1218.6338 52143.075 -65692.9 5716.18 -71409.1 1434.3242
7.93 289.10348 -1288.4859 52050.354 -66026.5 5585.1 -71611.6 1431.6396
7.94 298.93117 -1167.5038 51906.411 -65644 5774.96 -71419 1429.6023
7.95 293.79846 -1284.6302 52012.567 -65862.4 5675.8 -71538.2 1431.0989
7.96 291.03217 -1233.2395 52120.843 -65924.8 5622.36 -71547.2 1433.0316
7.97 282.05628 -1171.2074 52027.61 -65773.4 5448.95 -71222.4 1431.7579
7.98 288.58434 -1022.9456 51902.959 -66155.1 5575.07 -71730.2 1429.8247
7.99 295.11693 -823.84927 51777.518 -65963.4 5701.27 -71664.7 1427.0376
8 308.4698 -1004.4935 51928.49 -65544 5959.23 -71503.2 1430.4822
8.01 290.88132 -662.14456 51730.278 -65942.6 5619.44 -71562.1 1426.1446
8.02 289.22222 -1174.532 52002.126 -65704.8 5587.39 -71292.2 1430.5988
8.03 287.1836 -1513.5961 52083.782 -66003.3 5548.01 -71551.3 1432.1374
8.04 298.86098 -693.47567 51841.895 -65611.3 5773.6 -71384.9 1428.1914
8.05 302.89408 -677.67048 51502.701 -65779.6 5851.51 -71631.1 1421.7258
8.06 304.55404 -1548.1832 52196.898 -65588.4 5883.58 -71472 1434.2126
8.07 290.72955 -510.69606 51653.7 -65922.1 5616.51 -71538.6 1425.023
8.08 295.71139 -1179.41 51903.755 -65795 5712.75 -71507.7 1428.5969
8.09 292.10175 -1026.0973 51931.161 -66037.3 5643.02 -71680.3 1429.6801
8.1 294.73754 -1104.0961 52043.857 -65676.9 5693.94 -71370.8 1431.9019
8.11 288.63396 -681.6179 51585.422 -66001.2 5576.03 -71577.2 1422.1343
8.12 298.27884 -1318.7243 51887.424 -65845.2 5762.35 -71607.5 1427.4389
8.13 303.85782 -895.82909 51971.855 -65470 5870.13 -71340.2 1429.1064
8.14 295.99955 -613.97707 51760.485 -65824.7 5718.32 -71543.1 1425.1096
8.15 298.06891 -805.83593 51781.435 -65955.1 5758.3 -71713.4 1424.4644
8.16 296.02298 -587.25378 51795.726 -65756.2 5718.77 -71475 1425.9259
8.17 298.11977 -1198.5014 52053.086 -65849.5 5759.28 -71608.8 1429.7882
8.18 288.55722 -1184.8495 51980.341 -66091.5 5574.54 -71666.1 1428.5821
8.19 299.51966 -820.55486 52002.224 -65736.1 5786.32 -71522.5 1428.865
8.2 295.14669 -372.86542 51635.389 -65919.6 5701.84 -71621.5 1421.5508
8.21 292.47117 -1451.8596 52083.353 -65838.4 5650.16 -71488.5 1429.8684
8.22 297.44153 -1027.3797 51729.637 -65753 5746.18 -71499.1 1423.6471
8.23 292.76216 -1004.7218 51915.919 -65825.9 5655.78 -71481.7 1427.2273
8.24 303.27881 -666.85914 51895.754 -65478.1 5858.95 -71337 1427.7108
8.25 297.75692 -1396.5158 52122.601 -65771.2 5752.27 -71523.5 1431.5502
8.26 297.90038 -456.5207 51626.676 -65570.8 5755.04 -71325.9 1421.3922
8.27 293.35152 -1121.2481 51817.833 -65721.1 5667.16 -71388.3 1425.715
8.28 290.44517 -329.46382 51557.041 -66085.9 5611.02 -71696.9 1421.0595
8.29 302.81318 -1012.4648 51910.007 -65754.4 5849.95 -71604.3 1428.1076
8.3 291.51214 -1336.5205 52037.203 -65888.2 5631.63 -71519.8 1431.5536
8.31 296.37049 -643.6279 51718.826 -65812.2 5725.49 -71537.7 1424.8397
8.32 293.72443 -1484.5797 52168.803 -65582.3 5674.37 -71256.7 1434.1303
8.33 301.9912 -1073.8889 51850.063 -65680 5834.07 -71514.1 1427.0511
8.34 287.27135 -522.14015 51630.207 -66147.7 5549.7 -71697.4 1423.7059
8.35 297.0648 -1011.2555 51868.099 -65621.7 5738.9 -71360.6 1427.7046
8.36 303.93875 -1122.4059 51924.045 -65453 5871.69 -71324.6 1430.3558
8.37 298.54792 -922.91469 51812.148 -65745.2 5767.55 -71512.8 1427.6689
8.38 301.2151 -456.57798 51470.524 -65322.2 5819.08 -71141.3 1420.7632
8.39 291.34788 -619.91859 51583.724 -65792.3 5628.46 -71420.7 1421.9953
8.4 299.20806 -1236.009 52046.601 -65801 5780.3 -71581.3 1432.446
8.41 303.10403 -1053.8286 51796.039 -65799 5855.57 -71654.5 1426.6287
8.42 294.80348 -719.50446 51757.475 -65790.4 5695.21 -71485.6 1426.6379
8.43 303.07892 -878.74589 51618.256 -65867.3 5855.08 -71722.4 1423.1384
8.44 296.19185 -1013.6334 51773.026 -65614 5722.03 -71336 1426.6605
8.45 286.97176 -1102.558 51954.788 -65835.1 5543.92 -71379.1 1429.8184
8.46 307.4401 -687.65721 51677.137 -65559.4 5939.34 -71498.7 1423.1396
8.47 298.42055 -1476.3331 52005.558 -65773.9 5765.09 -71539 1430.7108
8.48 287.80628 -913.71358 51685.137 -65785.7 5560.04 -71345.7 1424.9219
8.49 294.04549 -1089.0779 51984.736 -65570.7 5680.57 -71251.3 1430.2949
8.5 292.82443 -1544.5641 52122.165 -65899.7 5656.98 -71556.7 1432.6919
8.51 294.13278 -1235.8214 51988.876 -65739.4 5682.26 -71421.6 1429.4893
8.52 300.50539 -937.29505 51676.308 -65740.3 5805.37 -71545.6 1423.9365
8.53 303.10653 -790.74066 51938.265 -65604.8 5855.62 -71460.4 1429.4414
8.54 295.74943 -902.12219 51625.536 -65896.8 5713.49 -71610.3 1422.7027
8.55 303.56284 -1015.1049 51772.634 -65463.1 5864.43 -71327.6 1425.2921
8.56 291.05586 -812.0795 51704.824 -65716.4 5622.81 -71339.2 1423.8726
8.57 293.49071 -1061.4834 51854.421 -65708.2 5669.85 -71378 1428.0294
8.58 296.35625 -836.31144 51750.585 -65724.3 5725.21 -71449.5 1426.4259
8.59 290.33594 -687.58458 51657.495 -65818.6 5608.91 -71427.5 1424.5153
8.6 297.67265 -765.47529 51629.255 -65695.9 5750.64 -71446.6 1425.4361
8.61 297.72715 -910.65449 51714.885 -65975.7 5751.7 -71727.4 1426.1256
8.62 303.79817 -1298.4517 51996.74 -65462.4 5868.98 -71331.4 1431.103
8.63 299.33408 -805.03974 51701.11 -65893.8 5782.74 -71676.5 1424.9418
8.64 311.5503 -974.5187 51807.268 -65556.1 6018.74 -71574.8 1427.9577
8.65 286.09763 -809.99635 51652.691 -65923.5 5527.03 -71450.5 1424.4578
8.66 298.8738 -878.69575 51797.917 -65557.5 5773.85 -71331.3 1428.4607
8.67 293.19138 -990.34724 51716.899 -65929.9 5664.07 -71594 1426.2989
8.68 298.86936 -1003.7121 51848.39 -65724.9 5773.76 -71498.7 1430.1839
8.69 289.36034 -1560.3436 52089.114 -65783.3 5590.06 -71373.3 1434.1541
8.7 287.24358 -487.04871 51530.23 -66139.6 5549.17 -71688.8 1423.8111
8.71 292.94159 -1391.111 51875.463 -65865.4 5659.24 -71524.6 1429.752
8.72 301.39341 -679.70406 51710.129 -65790.8 5822.52 -71613.3 1426.6586
8.73 291.17853 -1098.9559 51799.893 -65670.6 5625.18 -71295.8 1428.5213
8.74 297.30769 -936.02157 51820.264 -65897.6 5743.59 -71641.2 1429.0889
8.75 296.37543 -1275.8192 51896.683 -65687.4 5725.58 -71413 1431.8936
8.76 302.834 -713.97582 51599.223 -65719.6 5850.35 -71569.9 1425.596
8.77 296.23325 -744.29503 51683.456 -65721.1 5722.83 -71443.9 1426.4742
8.78 302.98373 -1102.3212 51957.371 -65535.3 5853.24 -71388.5 1432.3986
8.79 292.38445 -824.79989 51796.096 -65946.6 5648.48 -71595 1429.3224
8.8 302.43854 -966.6906 51928.93 -65545.6 5842.71 -71388.3 1432.1851
8.81 300.5021 -439.79951 51511.151 -65881.5 5805.3 -71686.8 1423.6972
8.82 299.42334 -1420.7797 51978.99 -65826.6 5784.46 -71611.1 1432.4181
8.83 289.7812 -615.72846 51609.46 -66100.2 5598.19 -71698.4 1425.2952
8.84 298.16162 -867.0581 51823.914 -65649.6 5760.09 -71409.6 1429.78
8.85 295.28995 -980.23153 51913.025 -65906.8 5704.61 -71611.4 1431.3953
8.86 293.33213 -550.49097 51595.98 -65970.4 5666.79 -71637.2 1425.5981
8.87 297.48733 -1772.6606 52158.115 -65576.4 5747.06 -71323.4 1437.1167
8.88 297.71301 -1125.7594 51899.652 -65734.3 5751.42 -71485.8 1431.4799
8.89 298.07169 -660.09014 51740.998 -65780.9 5758.35 -71539.2 1428.4804
8.9 289.42646 -1528.9559 52205.467 -66114.6 5591.34 -71705.9 1437.0202
8.91 299.21982 -1417.3308 52111.354 -65811.5 5780.53 -71592.1 1434.9456
8.92 298.98821 -512.69239 51617.929 -65491 5776.06 -71267.1 1425.0875
8.93 296.58708 -615.2079 51596.917 -65782.1 5729.67 -71511.8 1424.658
8.94 294.46808 -1011.2546 51980.928 -65815.9 5688.73 -71504.7 1431.5918
8.95 299.96975 -1231.4851 52088.07 -65591.2 5795.02 -71386.2 1433.1504
8.96 292.04313 -963.744 51969.958 -65948.5 5641.89 -71590.4 1431.1697
8.97 296.37857 -564.92914 51767.009 -65652.8 5725.64 -71378.5 1427.6241
8.98 292.23398 -1518.3847 52253.087 -65802 5645.57 -71447.6 1436.0434
8.99 299.54639 -969.90267 51990.284 -65739.4 5786.84 -71526.3 1430.9965
9 292.24777 -637.73202 51645.05 -65980.9 5645.84 -71626.8 1424.6524
9.01 292.49748 -1507.4405 52233.699 -65677.9 5650.66 -71328.6 1436.1325
9.02 292.233 -1402.0798 52102.129 -66004.5 5645.56 -71650 1433.7078
9.03 299.00385 -988.59598 51956.857 -65868.6 5776.36 -71645 1430.985
9.04 286.62453 -960.02451 51933.061 -66103.9 5537.21 -71641.1 1428.8343
9.05 300.6242 -1159.5931 52110.309 -65774 5807.66 -71581.7 1432.174
9.06 295.36265 -1393.3956 52150.779 -65860.6 5706.02 -71566.6 1434.0464
9.07 295.03232 -643.69561 51769.135 -65954.2 5699.63 -71653.8 1426.4081
9.08 288.96543 -948.98393 51973.715 -65710.4 5582.43 -71292.8 1430.3378
9.09 291.12204 -937.66103 52107.923 -65982.1 5624.09 -71606.2 1433.028
9.1 298.12892 -1241.4027 52160.633 -65585.8 5759.46 -71345.3 1432.1862
9.11 293.90762 -1181.9734 51966.199 -65870.4 5677.91 -71548.3 1428.833
9.12 301.92906 -556.77244 51777.426 -65808.3 5832.87 -71641.2 1426.3791
9.13 310.24315 -1127.5935 52079.666 -65580.3 5993.49 -71573.8 1431.4432
9.14 291.88925 -1315.1105 52204.394 -65949.7 5638.91 -71588.6 1434.8111
9.15 305.42448 -1007.1418 51950.313 -65764.8 5900.4 -71665.2 1430.0289
9.16 299.55161 -1466.1453 52099.71 -65772.7 5786.94 -71559.6 1432.7174
9.17 295.44275 -1192.7444 52003.309 -65634 5707.56 -71341.5 1430.5467
9.18 297.83854 -972.32371 52011.638 -65772.7 5753.85 -71526.6 1430.3109
9.19 283.99939 -1059.4129 51825.4 -66106.8 5486.49 -71593.3 1426.5298
9.2 292.3351 -1250.5174 52046.452 -65811.1 5647.53 -71458.6 1432.0267
9.21 292.10666 -1276.7453 51917.297 -66015.6 5643.11 -71658.7 1428.3952
9.22 301.84973 -680.74955 51854.951 -65652.3 5831.34 -71483.6 1428.0079
9.23 294.47591 -1574.65 52293.818 -65907.8 5688.89 -71596.7 1436.3963
9.24 289.5645 -1058.0289 51903.826 -65949.1 5594 -71543.1 1428.2953
9.25 298.79369 -863.72744 51811.07 -66010.5 5772.3 -71782.8 1426.5437
9.26 295.05301 -1057.5862 51869.707 -65815.5 5700.03 -71515.5 1427.4358
9.27 293.52512 -1284.2377 52018.18 -65785 5670.52 -71455.5 1430.7559
9.28 297.41415 -632.6173 51685.915 -65771.6 5745.65 -71517.3 1426.2
9.29 298.04548 -1370.7084 52170.83 -65710.5 5757.84 -71468.4 1433.5832
9.3 294.48365 -1158.6138 52029.382 -65818.5 5689.03 -71507.5 1430.7577
9.31 289.18032 -1122.5668 52013.419 -65917.9 5586.58 -71504.5 1431.6327
9.32 297.33848 -621.52082 51884.298 -65875.3 5744.19 -71619.5 1428.8334
9.33 289.10283 -964.86026 51931.811 -66135.3 5585.08 -71720.4 1430.3662
9.34 305.58252 -534.69619 51685.194 -65752.7 5903.45 -71656.2 1425.7506
9.35 299.73825 -808.20411 51823.964 -65841.4 5790.55 -71632 1429.0387
9.36 295.31882 -1320.4903 52120.339 -65916.8 5705.17 -71622 1433.7541
9.37 297.34291 -1014.004 51898.712 -65898.7 5744.27 -71643 1430.1816
9.38 292.71067 -383.99019 51645.609 -66023.7 5654.78 -71678.5 1425.1445
9.39 288.18419 -634.76346 51790.722 -66020.6 5567.34 -71587.9 1427.5237
9.4 293.49592 -669.27769 51816.469 -65784.3 5669.95 -71454.2 1428.3723
9.41 287.01646 -1091.2277 52015.044 -66050.4 5544.78 -71595.1 1431.8172
9.42 293.0501 -1030.0864 51871.764 -65845 5661.34 -71506.4 1429.4529
9.43 293.21565 -1534.6048 52257.716 -65536.2 5664.54 -71200.7 1436.279
9.44 301.90544 -883.12691 51935.131 -65908.9 5832.41 -71741.4 1430.2966
9.45 303.0091 -1145.4026 52015.505 -65598.7 5853.74 -71452.4 1432.4444
9.46 295.4342 -1232.8738 51955.542 -65949.1 5707.4 -71656.5 1431.9445
9.47 290.72392 -1205.1453 51965.462 -65672.8 5616.4 -71289.2 1430.9078
9.48 307.06734 -1081.7647 51909.743 -65579.9 5932.14 -71512.1 1431.0687
9.49 302.65092 -1095.9084 52051.556 -65681.3 5846.82 -71528.1 1434.0068
9.5 294.05444 -829.63 51817.773 -66114.9 5680.74 -71795.7 1430.35
9.51 295.24049 -790.85603 51675.181 -65781.8 5703.66 -71485.4 1428.4956
9.52 290.937 -876.22551 51778.774 -66174.8 5620.52 -71795.3 1430.048
9.53 292.22702 -677.92552 51677.597 -65794.9 5645.44 -71440.3 1428.0862
9.54 293.43798 -887.23833 51825.799 -65764.2 5668.83 -71433 1430.4709
9.55 287.07185 -1014.0264 51795.388 -66060.2 5545.85 -71606 1430.3378
9.56 293.7316 -1155.9442 51927.004 -65762.4 5674.51 -71436.9 1432.2951
9.57 292.33664 -1602.2651 52184.189 -65925.9 5647.56 -71573.5 1436.1622
9.58 304.37509 -839.57788 51870.829 -65557.1 5880.12 -71437.3 1431.4381
9.59 294.78418 -804.94022 51897.972 -65988.9 5694.84 -71683.7 1431.3124
9.6 302.13434 -734.27641 51775.615 -65471.5 5836.84 -71308.3 1430.6612
9.61 290.39801 -1304.1819 52169.993 -65859.7 5610.11 -71469.8 1437.2109
9.62 304.17168 -465.16224 51735.18 -65553.1 5876.19 -71429.3 1430.2791
9.63 297.47902 -1078.9508 51900.432 -65789.3 5746.9 -71536.2 1431.4947
9.64 298.93858 -866.95273 51916.557 -66003 5775.1 -71778.1 1432.0079
9.65 295.97473 -1282.5617 52058.073 -65502.7 5717.84 -71220.6 1433.9425
9.66 291.73102 -1308.7432 52095.307 -65867.6 5635.86 -71503.4 1436.2324
9.67 307.33799 -1442.1556 52170.423 -65500 5937.36 -71437.4 1437.7318
9.68 298.04081 -505.83452 51699.119 -65723.2 5757.75 -71481 1426.7847
9.69 287.71143 -832.2795 51779.625 -66310.8 5558.2 -71869 1429.7129
9.7 299.10455 -568.51266 51729.018 -65711.6 5778.3 -71490 1426.2839
9.71 290.3422 -1152.9059 51719.979 -66037.1 5609.03 -71646.1 1427.1253
9.72 300.28056 -1189.1806 52010.653 -65709.8 5801.02 -71510.8 1434.2832
9.73 300.10125 -1228.2881 52040.838 -65472.7 5797.56 -71270.3 1433.5337
9.74 294.88452 -1274.9754 52041.934 -65804.6 5696.78 -71501.3 1433.2109
9.75 298.28333 -614.40285 51642.712 -65513.2 5762.44 -71275.6 1425.8139
9.76 299.65892 -763.06041 51547.953 -65747.3 5789.01 -71536.3 1424.9864
9.77 303.07197 -565.75659 51619.729 -65718.4 5854.95 -71573.4 1426.7213
9.78 296.36896 -1144.5442 51945.55 -65712.1 5725.46 -71437.6 1431.854
9.79 296.78305 -487.81351 51605.124 -65660 5733.46 -71393.4 1425.5932
9.8 291.21797 -891.15243 51822.467 -65628.5 5625.95 -71254.4 1429.6907
9.81 290.46599 -1291.6305 52006.693 -65819 5611.42 -71430.5 1432.6697
9.82 300.72293 -1219.258 51950.233 -65518.3 5809.57 -71327.9 1431.2543
9.83 287.8847 -459.25718 51606.282 -65872.6 5561.55 -71434.1 1426.16
9.84 297.64967 -731.22383 51707.958 -65905.6 5750.2 -71655.8 1427.7371
9.85 297.90128 -1115.1397 51901.267 -65644.8 5755.06 -71399.9 1430.3697
9.86 287.69641 -1095.6483 51875.059 -65972 5557.91 -71530 1429.6521
9.87 297.81024 -919.93393 51804.286 -65671.9 5753.3 -71425.2 1429.3995
9.88 290.79749 -923.26575 51873.513 -65970.8 5617.82 -71588.6 1430.1588
9.89 291.12748 -590.52469 51596.415 -65796.2 5624.2 -71420.4 1425.2198
9.9 288.73377 -762.5185 51568.826 -65943.8 5577.95 -71521.8 1424.3503
9.91 306.14614 -748.76478 51783.528 -65442.7 5914.34 -71357.1 1429.1571
9.92 294.11491 -1118.3159 51862.675 -65785 5681.91 -71466.9 1429.8831
9.93 290.57238 -1057.3956 51762.508 -65898.2 5613.47 -71511.7 1428.4903
9.94 290.76715 -661.8716 51655.337 -66057.1 5617.24 -71674.4 1426.1016
9.95 298.93028 -1539.4023 52115.22 -65696.7 5774.94 -71471.6 1436.6309
9.96 298.15532 -520.48219 51514.194 -65711.9 5759.97 -71471.9 1424.5189
9.97 306.98921 -511.24882 51542.719 -65943.3 5930.63 -71874 1424.4485
9.98 300.86923 -1036.9942 51899.393 -65528.1 5812.4 -71340.5 1430.876
