0 294.16088 -1135.2496 49933.686 -61641.7 5748.84 -67390.5 9.097079
0.01 300.87265 -454.67268 49769.983 -61943 5880 -67823 19.674102
0.02 290.52806 -1229.9614 50413.55 -62197.9 5677.84 -67875.8 26.647551
0.03 302.02927 -1108.4271 50258.592 -61951.7 5902.61 -67854.3 34.013793
0.04 295.8274 -1123.372 50401.794 -62025.8 5781.4 -67807.2 42.02218
0.05 294.81983 -936.72941 50240.058 -61963.2 5761.71 -67724.9 50.02333
0.06 286.27545 -1199.0824 49904.13 -62296.1 5594.73 -67890.8 57.459607
0.07 302.2073 -1143.6506 49970.45 -61487.3 5906.09 -67393.4 65.891213
0.08 296.72921 -936.86215 50109.197 -61225.1 5799.03 -67024.1 75.166168
0.09 286.23585 -941.86214 49923.255 -61715.8 5593.96 -67309.7 84.524327
0.1 290.83559 -1031.782 50152.591 -61496.7 5683.85 -67180.6 91.780615
0.11 294.12354 -892.44258 50123.429 -61674.2 5748.11 -67422.3 99.075818
0.12 308.99833 -1601.7233 50428.852 -61185.4 6038.81 -67224.2 108.31252
0.13 291.9873 -1151.3119 49875.803 -60921.3 5706.36 -66627.6 118.77722
0.14 297.04581 -1111.3311 50184.09 -61343.8 5805.22 -67149 127.67971
0.15 300.45421 -276.65346 49584.536 -61156.4 5871.83 -67028.3 134.67039
0.16 298.11901 -1093.6922 50159.831 -61055 5826.19 -66881.2 143.92194
0.17 295.23554 -1278.776 50256.431 -61204.1 5769.84 -66973.9 153.86393
0.18 302.38083 -1227.9987 50196.511 -61474.7 5909.48 -67384.2 162.88582
0.19 296.38333 -953.11772 50408.156 -61074 5792.27 -66866.3 172.61708
0.2 293.65401 -1174.7374 50198.585 -61162.9 5738.93 -66901.8 181.9946
0.21 296.42117 -1089.9958 50235.874 -61009.8 5793.01 -66802.8 193.01431
0.22 291.96283 -1236.5913 49594.743 -61003.1 5705.88 -66708.9 203.00592
0.23 299.89384 -1623.4612 50197.137 -60795.9 5860.88 -66656.8 215.15604
0.24 287.84672 -736.98373 49674.434 -60854.1 5625.44 -66479.5 225.05471
0.25 296.36927 -873.06379 50006.996 -60431.6 5791.99 -66223.6 237.93793
0.26 285.78596 -1354.3375 49741.29 -60665.6 5585.16 -66250.8 246.88234
0.27 305.8021 -950.04993 49685.743 -60346.2 5976.34 -66322.6 258.8331
0.28 301.7655 -1340.6712 50049.006 -60200.2 5897.45 -66097.7 278.07695
0.29 290.79193 -1077.6979 50123.5 -60615.8 5683 -66298.7 290.26034
0.3 285.5189 -906.93303 49904.107 -60818 5579.94 -66398 301.46381
0.31 301.10859 -534.30096 49460.485 -60177.3 5884.62 -66061.9 311.71539
0.32 312.7633 -1799.3334 50315.34 -60553.2 6112.39 -66665.6 321.99934
0.33 305.48044 -1295.2609 50327.937 -60652.2 5970.06 -66622.3 330.58459
0.34 290.02733 -949.1105 49671.206 -60656 5668.05 -66324 338.45235
0.35 295.79378 -577.09829 49564.344 -60315.9 5780.75 -66096.6 347.25948
0.36 306.04536 -822.42705 49693.135 -60074.7 5981.1 -66055.8 360.25869
0.37 296.01878 -1924.8873 49831.278 -60163.1 5785.14 -65948.3 371.80237
0.38 308.37731 -558.06039 50123.454 -60187.5 6026.67 -66214.2 383.94943
0.39 295.71356 -1340.5973 49503.844 -60246.1 5779.18 -66025.3 391.4519
0.4 286.35828 -1669.4174 49814.594 -60355.8 5596.35 -65952.1 401.50696
0.41 306.72594 -1056.2753 49969.203 -60327.3 5994.4 -66321.7 408.30892
0.42 294.4392 -790.8706 49877.613 -60312.5 5754.27 -66066.7 417.39892
0.43 307.73232 -1430.6968 49883.442 -59804.7 6014.06 -65818.7 433.05196
0.44 295.72887 -1087.266 49754.764 -60246.1 5779.48 -66025.5 443.77375
0.45 291.14539 -756.00195 49910.083 -60366.3 5689.9 -66056.2 453.19366
0.46 301.04863 -871.91387 49375.521 -59936.5 5883.44 -65819.9 463.5535
0.47 292.95539 -1150.4934 49832.049 -60459.4 5725.28 -66184.7 474.41669
0.48 288.72892 -1336.9482 49834.974 -60569.2 5642.68 -66211.9 484.44381
0.49 301.44497 -1116.5569 49781.799 -60446.8 5891.19 -66338 499.21809
0.5 297.13168 -947.06037 49445.986 -60191.7 5806.89 -65998.6 506.76702
0.51 302.28379 -1038.901 49820.442 -60194 5907.58 -66101.6 523.97326
0.52 300.45217 -665.37214 49836.041 -60340.2 5871.79 -66212 531.14421
0.53 285.24523 -900.03176 49621.9 -60682 5574.6 -66256.6 538.2753
0.54 301.23651 -998.85966 49863.084 -60526.9 5887.12 -66414 551.32747
0.55 301.08193 -1145.3644 50019.635 -60365.9 5884.09 -66250 555.89798
0.56 293.40807 -578.12069 50030.352 -60681.8 5734.12 -66415.9 565.00179
0.57 306.18305 -930.34982 49845.671 -60328.2 5983.79 -66312 572.3053
0.58 301.77987 -1316.3635 49959.648 -60695.4 5897.73 -66593.2 588.98999
0.59 289.85888 -775.5853 49873.728 -61002.3 5664.76 -66667 594.54275
0.6 300.55663 -836.54836 49610.557 -60573.8 5873.83 -66447.7 600.46951
0.61 296.01209 -1392.05 49763.212 -60592.2 5785.01 -66377.2 614.02889
0.62 292.70675 -655.70137 49880.637 -60064.4 5720.42 -65784.8 629.6849
0.63 305.85681 -923.33891 49853.84 -59897.4 5977.41 -65874.8 646.11697
0.64 296.76897 -623.49348 49897.212 -60303.3 5799.81 -66103.1 664.72815
0.65 297.22736 -1293.5776 49885.594 -59940.7 5808.76 -65749.4 687.57608
0.66 294.80827 -339.28557 49199.416 -60004.6 5761.49 -65766.1 705.11569
0.67 304.27598 -900.85985 49335.574 -59850.1 5946.52 -65796.6 723.39534
0.68 290.37963 -491.51992 49185.851 -59382.2 5674.94 -65057.2 738.03913
0.69 304.22595 -1040.7584 49793.958 -59525.9 5945.54 -65471.5 754.93613
0.7 300.49804 -1226.5298 49403.597 -59598.3 5872.68 -65471 756.04375
0.71 289.63225 -1164.5114 49293.019 -59697.6 5660.33 -65357.9 766.37891
0.72 302.07402 -549.51951 49540.984 -59722.8 5903.48 -65626.3 789.34378
0.73 306.30904 -594.92425 49147.71 -59673 5986.25 -65659.3 793.61375
0.74 293.48327 -925.25305 49079.201 -59672.2 5735.59 -65407.8 801.51003
0.75 299.00651 -795.59986 49254.543 -59736.2 5843.53 -65579.8 805.50587
0.76 301.3824 -978.75827 49063.411 -58813.7 5889.97 -64703.6 813.22523
0.77 286.08794 -1068.6594 49126.03 -59125.5 5591.06 -64716.5 826.98222
0.78 299.95729 -1285.9578 48623.253 -58020.5 5862.12 -63882.6 852.37121
0.79 293.98714 -1071.6175 48334.733 -57622.1 5745.44 -63367.5 867.12598
0.8 306.86452 -732.27949 48765.999 -57758.7 5997.11 -63755.9 904.4811
0.81 286.63686 -1223.6669 48934.563 -58118.7 5601.79 -63720.5 928.56449
0.82 296.79383 -641.66017 48541.3 -57669.7 5800.29 -63470 951.30928
0.83 284.75431 -842.88219 48702.171 -58224.3 5565 -63789.3 964.32162
0.84 298.81761 -1486.692 48812.894 -57856.3 5839.84 -63696.2 988.47058
0.85 292.45721 -623.5842 48069.41 -57746.1 5715.54 -63461.6 1000.9711
0.86 291.83521 -1142.5872 48226.347 -58087.2 5703.38 -63790.6 1018.2909
0.87 305.93052 -1167.7101 49017.477 -57798.8 5978.85 -63777.6 1045.8035
0.88 297.19135 -1000.5038 48881.603 -57733.8 5808.06 -63541.9 1063.8361
0.89 291.39133 -1023.5771 48120.388 -57910.4 5694.71 -63605.1 1079.0337
0.9 288.9758 -623.68264 48646.682 -57905.3 5647.5 -63552.8 1116.2671
0.91 303.63819 -1356.2454 48713.337 -57630.9 5934.05 -63565 1144.4039
0.92 297.21051 -732.42252 48677.116 -57922.8 5808.44 -63731.3 1175.9873
0.93 295.65227 -733.30105 48209.024 -57895.3 5777.98 -63673.3 1195.777
0.94 295.27261 -1010.5614 48194.153 -57986.2 5770.56 -63756.8 1223.6144
0.95 311.08544 -1068.2337 48612.945 -57513.8 6079.6 -63593.4 1251.8146
0.96 292.81132 -1154.7773 48767.142 -57894.6 5722.46 -63617 1289.016
0.97 294.37367 -1111.0104 48814.522 -57865.5 5752.99 -63618.5 1307.453
0.98 293.86266 -1635.8308 48333.659 -57959.1 5743.01 -63702.1 1316.0171
0.99 298.9001 -1310.7694 48801.555 -58177.8 5841.45 -64019.2 1368.4668
1 302.96036 -1181.4289 48712.763 -57758.9 5920.81 -63679.7 1389.1131
1.01 293.83825 -778.56291 48678.573 -58150.7 5742.53 -63893.2 1410.4514
1.02 290.5459 -1117.1067 48649.81 -58106.7 5678.19 -63784.8 1436.0615
1.03 295.36241 -131.91948 48528.029 -57846.5 5772.32 -63618.8 1447.0134
1.04 291.98116 -484.99001 48573.647 -57937.7 5706.24 -63643.9 1462.2186
1.05 291.80097 -1136.8818 48141.447 -58021.3 5702.72 -63724 1487.1325
1.06 298.56503 -577.29731 48511.823 -57792.1 5834.91 -63627 1513.2256
1.07 283.97364 -1103.4811 48557.477 -58212.3 5549.74 -63762.1 1547.9116
1.08 297.90651 -1043.0633 48465.374 -57715.2 5822.04 -63537.2 1569.2486
1.09 293.21884 -628.55651 48197.061 -57819.8 5730.43 -63550.3 1597.1928
1.1 303.34879 -1333.2178 48798.203 -57846 5928.4 -63774.4 1640.2928
1.11 284.86418 -1060.8976 48781.661 -57971 5567.15 -63538.2 1661.7341
1.12 310.32637 -1019.2751 48154.368 -57817.1 6064.76 -63881.9 1663.5974
1.13 285.91041 -1053.6532 48654.664 -58188.9 5587.6 -63776.5 1693.0447
1.14 293.92865 -1038.7955 48741.093 -58246.8 5744.3 -63991.1 1727.4264
1.15 302.55272 -1230.1374 48293.939 -57783.4 5912.84 -63696.2 1749.0828
1.16 309.87079 -1112.3387 48342.306 -57674.1 6055.86 -63730 1773.6379
1.17 297.68662 -796.80831 48602.883 -57640.2 5817.74 -63457.9 1803.8778
1.18 299.08875 -1246.743 48490.099 -58046.4 5845.14 -63891.6 1835.4918
1.19 304.01427 -1052.6374 49341.572 -57457.6 5941.4 -63399 1864.9137
1.2 296.22759 -1223.2668 48522.709 -57990.5 5789.23 -63779.7 1880.3627
1.21 296.77637 -782.6579 48627.261 -58175.9 5799.95 -63975.8 1906.2297
1.22 303.90284 -1238.5808 48469.277 -57785.8 5939.22 -63725 1929.0411
1.23 292.92958 -668.52832 48600.49 -58191.4 5724.77 -63916.1 1948.4283
1.24 298.97789 -1234.881 48481.705 -57890.3 5842.98 -63733.3 1971.9185
1.25 296.5268 -908.3622 48779.209 -57621.2 5795.07 -63416.3 2000.2886
1.26 297.65149 -1447.2688 48759.809 -58165.1 5817.05 -63982.2 2034.9462
1.27 297.70553 -852.15704 48559.768 -57593.1 5818.11 -63411.2 2052.3958
1.28 292.96879 -1562.671 48838.73 -57962.9 5725.54 -63688.4 2088.1129
1.29 298.95381 -1125.0836 48925.472 -57788.7 5842.5 -63631.2 2116.1183
1.3 287.47885 -816.68756 48501.366 -58210.2 5618.25 -63828.5 2128.6384
1.31 297.95759 -1527.6979 48719.9 -57958.7 5823.04 -63781.8 2154.1535
1.32 307.74747 -905.6634 48334.362 -57514.8 6014.36 -63529.2 2171.452
1.33 294.08184 -748.30748 47627.361 -58012.9 5747.29 -63760.1 2175.9624
1.34 303.31726 -1018.3152 48753.207 -57926.8 5927.78 -63854.6 2232.7099
1.35 303.72103 -1821.4931 48605.442 -57454.7 5935.67 -63390.4 2258.5525
1.36 293.89464 -1342.4198 48776.834 -58013.7 5743.63 -63757.3 2286.9164
1.37 298.01254 -794.61944 48465.791 -57810.4 5824.11 -63634.6 2304.2639
1.38 293.91944 -618.53003 48403.126 -57976.2 5744.12 -63720.4 2321.6897
1.39 303.36811 -873.59647 48555.289 -57795.4 5928.77 -63724.2 2336.1641
1.4 289.0901 -1397.6687 49104.471 -58226 5649.74 -63875.7 2385.1655
1.41 286.68291 -661.0155 48452.831 -57990.5 5602.69 -63593.2 2377.153
1.42 288.84982 -1582.5958 48874.104 -57536.7 5645.04 -63181.7 2413.5621
1.43 298.63251 -1067.0018 48504.22 -57798.7 5836.23 -63634.9 2427.9768
1.44 303.01816 -697.74171 48769.8 -58103.6 5921.93 -64025.5 2476.0843
1.45 298.31237 -1385.7256 48568.083 -57779.2 5829.97 -63609.1 2489.927
1.46 289.16358 -1402.2821 48812.025 -58137.1 5651.17 -63788.3 2512.4393
1.47 301.60028 -1070.3221 48372.569 -57873 5894.23 -63767.2 2524.2044
1.48 300.84699 -305.4681 48359.445 -57616.4 5879.5 -63495.9 2558.747
1.49 295.98888 -1233.4092 48782.302 -57971.3 5784.56 -63755.9 2608.0069
1.5 297.51504 -790.35065 48536.162 -57859 5814.39 -63673.4 2630.9875
1.51 292.0798 -1458.7698 48691.884 -57874.4 5708.16 -63582.6 2665.175
1.52 295.94716 -535.25276 48659.181 -58044.6 5783.75 -63828.4 2701.0799
1.53 307.36857 -937.78979 48829.826 -57881.5 6006.96 -63888.4 2748.0676
1.54 301.47391 -1320.3934 48895.179 -57859 5891.76 -63750.8 2775.5776
1.55 300.86795 -834.00819 48493.174 -57674.8 5879.91 -63554.7 2791.7692
1.56 291.86349 -1254.8741 48428.136 -57940.5 5703.94 -63644.4 2816.6656
1.57 300.30003 -1095.3458 48745.448 -57779.8 5868.81 -63648.6 2841.5446
1.58 304.29909 -600.53822 48323.197 -57663.4 5946.97 -63610.3 2838.2618
1.59 300.41102 -1212.6238 48243.737 -57845.4 5870.98 -63716.4 2845.496
1.6 291.96372 -1276.7693 48189.578 -58206.8 5705.9 -63912.7 2874.1768
1.61 302.10892 -908.60189 48511.97 -58060.8 5904.17 -63964.9 2900.8133
1.62 299.99844 -1010.4747 48334.947 -57956.9 5862.92 -63819.8 2925.4453
1.63 300.24978 -1257.3237 48971.382 -57819.4 5867.83 -63687.3 2988.0783
1.64 306.15122 -990.95997 48554.936 -57661.1 5983.16 -63644.3 3011.7941
1.65 287.6863 -1776.4511 48856.046 -57981.5 5622.3 -63603.8 3042.3802
1.66 296.95131 -965.42116 48433.864 -57695.1 5803.37 -63498.5 3069.2115
1.67 289.35812 -1305.5888 49018.868 -58012.2 5654.97 -63667.2 3120.9882
1.68 296.2395 -539.54856 48813.857 -58198 5789.46 -63987.5 3130.7452
1.69 286.48988 -1484.384 48291.632 -57795.2 5598.92 -63394.1 3140.4255
1.7 300.71409 -791.57698 48812.215 -57847.8 5876.91 -63724.7 3184.8065
1.71 295.25555 -939.81507 48823.562 -57921.2 5770.23 -63691.4 3223.1311
1.72 298.416 -511.78812 48655.369 -57858.5 5831.99 -63690.5 3257.3202
1.73 293.85209 -890.33504 48635.142 -58042.7 5742.8 -63785.5 3268.7446
1.74 301.5973 -1046.0791 48579.314 -57943.9 5894.17 -63838.1 3288.0587
1.75 299.99631 -802.33068 48437.175 -57570.5 5862.88 -63433.4 3319.565
1.76 302.32889 -221.27463 48102.287 -57993.3 5908.46 -63901.8 3335.6871
1.77 302.10693 -358.16099 48740.512 -57710.7 5904.13 -63614.8 3376.7828
1.78 294.07301 -894.15494 48618.732 -57765.8 5747.12 -63512.9 3389.0073
1.79 299.9241 -840.09717 48699.19 -57866.2 5861.47 -63727.7 3417.5304
1.8 303.79148 -1147.6035 48526.251 -57376.3 5937.05 -63313.4 3440.3899
1.81 296.81195 -1066.7283 48879.888 -57716.1 5800.65 -63516.7 3487.2326
1.82 290.31304 -771.05616 48252.108 -57989.8 5673.64 -63663.4 3490.2854
1.83 294.93036 -1216.3801 48354.464 -57912.6 5763.87 -63676.5 3515.5177
1.84 291.34126 -1065.9998 48213.732 -57952.9 5693.73 -63646.6 3533.2051
1.85 302.4183 -807.53821 48253.497 -57771.2 5910.21 -63681.4 3554.516
1.86 300.66015 -1123.1623 48602.878 -57884.9 5875.85 -63760.8 3594.1716
1.87 293.22041 -792.92019 49012.986 -58187 5730.46 -63917.4 3641.1814
1.88 298.87873 -850.57944 48037.622 -57880.6 5841.04 -63721.7 3611.6383
1.89 306.4927 -1290.0255 48837.821 -57636.8 5989.84 -63626.7 3677.8048
1.9 297.67202 -1035.8961 48551.862 -57899.8 5817.45 -63717.3 3696.7281
1.91 301.67376 -868.70175 48196.008 -57911.6 5895.66 -63807.3 3702.6752
1.92 306.30305 -311.17157 47994.964 -57682.5 5986.13 -63668.7 3717.0011
1.93 299.51801 -299.84546 48370.185 -57949.9 5853.53 -63803.4 3759.1412
1.94 286.40606 -1415.3326 48758.344 -58060.5 5597.28 -63657.8 3792.9016
1.95 303.77594 -985.44099 48394.799 -57626.3 5936.74 -63563.1 3800.0295
1.96 292.56417 -1072.7921 48426.092 -58132.1 5717.63 -63849.7 3845.6749
1.97 296.46919 -909.38434 48502.963 -57965.5 5793.95 -63759.5 3872.4785
1.98 299.82702 -1111.6189 48437.581 -57775.7 5859.57 -63635.2 3896.0634
1.99 309.62381 -291.60553 48799.195 -57481.5 6051.03 -63532.6 3929.9047
2 291.99426 -885.68467 48951.609 -58089.2 5706.49 -63795.7 3971.718
2.01 300.66671 -1989.525 49017.247 -57659 5875.98 -63534.9 3992.0064
2.02 293.85739 -782.81826 49107.839 -58183.7 5742.9 -63926.6 4017.4751
2.03 291.9947 -778.94505 48225.848 -58019.4 5706.5 -63725.9 3985.1985
2.04 304.80818 -888.91047 48670.346 -57741.9 5956.92 -63698.8 4024.4485
2.05 303.61848 -600.38772 48486.723 -57839 5933.67 -63772.7 4026.6324
2.06 301.07447 -1310.9545 48962.243 -57871 5883.95 -63755 4089.9406
2.07 293.52347 -1249.0141 48453.91 -58143 5736.38 -63879.4 4093.5971
2.08 294.37246 -833.64893 48857.6 -57993.5 5752.97 -63746.4 4134.8654
2.09 308.96405 -850.10527 48637.019 -57905.4 6038.14 -63943.5 4152.8314
2.1 295.23966 -1041.6655 48021.418 -57960.6 5769.92 -63730.5 4131.1713
2.11 300.03096 -1329.3597 48529.406 -57607.6 5863.56 -63471.2 4185.4413
2.12 304.09868 -1270.9605 48685.379 -57830.8 5943.05 -63773.8 4229.206
2.13 294.04085 -772.88102 48521.114 -58200.9 5746.49 -63947.4 4246.6416
2.14 302.95335 -1096.8094 48591.221 -57843.4 5920.67 -63764.1 4276.1148
2.15 285.55511 -1593.7973 49118.972 -58204.9 5580.65 -63785.6 4311.9198
2.16 305.19855 -1047.1738 48665.191 -57710.6 5964.55 -63675.1 4308.6229
2.17 296.74448 -1161.4264 48662.185 -57703 5799.33 -63502.3 4336.0606
2.18 298.75547 -837.27025 48890.273 -57743.2 5838.63 -63581.9 4383.1088
2.19 295.4364 -1608.9362 48776.588 -57890 5773.76 -63663.7 4411.7072
2.2 297.18307 -469.205 48412.552 -57626 5807.9 -63433.8 4417.7638
2.21 295.72202 -869.71042 47989.355 -57813.7 5779.35 -63593.1 4398.1428
2.22 299.72093 -302.28654 48752.025 -57811.6 5857.5 -63669 4464.7334
2.23 303.94226 -655.05631 48634.973 -57520.3 5939.99 -63460.3 4486.8987
2.24 298.55742 -1257.6505 48414.847 -57789.9 5834.76 -63624.6 4475.0616
2.25 298.89911 -1529.6931 48242.133 -57912.7 5841.44 -63754.1 4484.5704
2.26 300.43253 -857.31596 48774.502 -57547.2 5871.4 -63418.6 4546.196
2.27 305.44352 -931.85627 48002.963 -58073.9 5969.33 -64043.3 4526.0953
2.28 293.44118 -964.41359 48306.215 -57864.2 5734.77 -63599 4565.9685
2.29 302.32846 -1317.3558 48720.366 -57784.4 5908.46 -63692.8 4603.6527
2.3 306.88219 -335.93344 48833.021 -57606.7 5997.45 -63604.1 4650.0581
2.31 291.42605 -1493.7959 48949.972 -57719.5 5695.39 -63414.9 4675.6794
2.32 301.70956 -612.27854 48058.734 -57913.4 5896.36 -63809.8 4665.0663
2.33 297.573 -922.96955 48165.924 -57950.6 5815.52 -63766.2 4714.0914
2.34 299.01691 -1531.3123 48929.53 -57710 5843.74 -63553.7 4786.3482
2.35 300.80954 -657.45091 48377.539 -57702.3 5878.77 -63581.1 4763.5523
2.36 301.94163 -1174.3281 48737.387 -57800.8 5900.9 -63701.7 4815.3754
2.37 294.68474 -1196.0073 48366.79 -57969.9 5759.07 -63728.9 4823.8036
2.38 305.53777 -1128.0108 48451.28 -57925 5971.18 -63896.2 4837.7417
2.39 305.5448 -898.51769 48189.72 -57670.8 5971.31 -63642.1 4816.1817
2.4 304.23675 -1016.634 48399.655 -57713.9 5945.75 -63659.6 4864.9522
2.41 295.52577 -900.40087 48046.147 -58164.5 5775.51 -63940 4881.4737
2.42 300.75204 -954.91763 48803.522 -57736.4 5877.65 -63614.1 4947.0538
2.43 285.49468 -802.4797 48295.877 -58068.2 5579.47 -63647.7 4941.5729
2.44 299.8813 -1226.7574 48633.921 -57504.3 5860.63 -63364.9 4975.2213
2.45 291.33553 -788.0006 48640.331 -58000.5 5693.62 -63694.1 4987.5728
2.46 304.48713 -1510.9988 48903.06 -57908.3 5950.64 -63859 5027.1925
2.47 302.41883 -994.21174 48788.542 -57693.8 5910.22 -63604 5039.6991
2.48 294.73378 -1026.5223 48165.045 -57990.4 5760.03 -63750.4 5014.8377
2.49 302.57458 -463.76464 48362.408 -57742.9 5913.27 -63656.2 5045.6584
2.5 294.40589 -1460.8511 48466.462 -58022.6 5753.62 -63776.2 5070.489
2.51 292.45309 -1494.406 48406.384 -57741.9 5715.46 -63457.4 5088.2162
2.52 300.56291 -190.85718 48698.446 -57871.6 5873.95 -63745.6 5137.9307
2.53 289.07732 -591.39677 48390.254 -58249.1 5649.49 -63898.5 5133.3744
2.54 300.1358 -716.12611 48582.227 -57713.8 5865.6 -63579.4 5159.434
2.55 294.91248 -1369.5151 48688.028 -57893.6 5763.52 -63657.1 5191.1365
2.56 292.38738 -2269.7383 48845.387 -58072.9 5714.18 -63787.1 5230.4864
2.57 291.78068 -411.33421 47889.093 -57960.5 5702.32 -63662.8 5189.5095
2.58 285.87714 -573.52124 48205.295 -58252.6 5586.94 -63839.5 5226.8493
2.59 294.7396 -185.7721 48864.535 -57866.9 5760.15 -63627.1 5293.3173
2.6 293.7398 -1734.1156 48711.385 -57948.5 5740.61 -63689.1 5305.7245
2.61 291.69542 -1028.1379 48722.601 -58003.2 5700.65 -63703.8 5320.2377
2.62 293.84548 -204.12537 48125.732 -58060.5 5742.67 -63803.2 5280.2814
2.63 302.79498 -696.37895 48680.896 -57867.7 5917.57 -63785.3 5344.2334
2.64 299.21745 -260.85373 48747.951 -57916.5 5847.66 -63764.2 5356.3304
2.65 285.35558 -1862.3153 48791.901 -58232.2 5576.75 -63808.9 5386.0609
2.66 294.3228 -1307.6855 49076.161 -57800.9 5752 -63552.9 5428.7508
2.67 298.38833 -1274.2228 49274.364 -57747.3 5831.45 -63578.7 5484.0349
2.68 300.70756 -1310.2712 48526.43 -57787.9 5876.78 -63664.7 5448.9542
2.69 296.95415 -1112.3166 48448.683 -57840.6 5803.42 -63644 5452.8834
2.7 292.55709 -960.62723 49149.947 -57921 5717.49 -63638.5 5520.1407
2.71 295.22959 -938.71307 48240.705 -58204.8 5769.72 -63974.5 5467.6538
2.72 303.37833 -1661.8666 48677.237 -57712.5 5928.97 -63641.5 5530.8361
2.73 290.48169 -582.05072 48267.807 -58291.7 5676.93 -63968.7 5518.1199
2.74 288.26534 -392.24567 48278.561 -57914.5 5633.62 -63548.1 5540.1435
2.75 279.57686 -756.5993 48628.147 -58206.4 5463.82 -63670.2 5591.8672
2.76 298.31373 -983.92328 49156.468 -57846.8 5830 -63676.8 5646.5685
2.77 284.62036 -369.21381 48113.639 -57969.2 5562.38 -63531.5 5585.7836
2.78 297.59616 -624.68891 48917.162 -57908 5815.97 -63724 5680.1698
2.79 306.0615 -913.09515 48538.786 -57601.5 5981.41 -63582.9 5685.0052
2.8 290.95969 -673.81556 48411.435 -58173 5686.27 -63859.3 5713.2774
2.81 292.87263 -726.42851 48727.296 -57894.9 5723.66 -63618.6 5756.2339
2.82 305.68647 -1486.2003 49066.326 -57526.9 5974.08 -63501 5812.2848
2.83 303.9869 -823.99808 48380.928 -58027.2 5940.87 -63968 5773.7508
2.84 302.98982 -1087.0323 49336.123 -57345.1 5921.38 -63266.5 5887.6779
2.85 292.86536 -790.83054 48253.019 -58041.3 5723.52 -63764.8 5812.3743
2.86 293.87336 -1695.9925 48968.482 -57474.8 5743.22 -63218.1 5892.7818
2.87 298.18584 -1445.8402 48520.123 -58531.3 5827.5 -64358.8 5876.7494
2.88 297.20668 -1523.1349 48601.444 -58049.4 5808.36 -63857.8 5924.5073
2.89 309.36474 -1044.1147 48793.265 -57520.1 6045.97 -63566 5960.376
2.9 291.54671 -585.86868 48894.988 -57765.8 5697.75 -63463.6 5990.4967
2.91 293.86416 -1199.5498 48398.419 -57770.9 5743.04 -63513.9 5962.913
2.92 294.49595 -1064.444 48236.239 -58036.5 5755.38 -63791.9 5948.4971
2.93 297.68781 -878.4036 48643.164 -58028.5 5817.76 -63846.3 5991.4413
2.94 303.42089 -274.54361 47975.917 -57770.5 5929.81 -63700.3 5973.0987
2.95 298.64715 -1243.194 48765.946 -58174.4 5836.51 -64010.9 6067.6897
2.96 298.38207 -893.73528 48156.785 -58000.7 5831.33 -63832 6032.3932
2.97 295.19369 -1134.0404 48254.466 -58304.9 5769.02 -64073.9 6071.5841
2.98 306.81468 -955.24309 48692.663 -57797.5 5996.13 -63793.6 6143.075
2.99 289.05394 -805.77543 47972.919 -58010.3 5649.03 -63659.4 6094.3045
3 298.0613 -1316.1945 49160.136 -57855.1 5825.06 -63680.2 6211.817
3.01 284.52658 -426.67824 48280.297 -58307 5560.55 -63867.6 6156.8487
3.02 300.83766 -915.53558 49021.878 -57732.4 5879.32 -63611.7 6236.1062
3.03 288.35714 -822.71292 48680.949 -58295.1 5635.41 -63930.6 6213.2559
3.04 296.17166 -777.42259 48583.816 -57962.9 5788.13 -63751.1 6220.6737
3.05 292.19267 -1151.9154 48873.09 -58265.1 5710.37 -63975.5 6275.1989
3.06 290.87995 -904.45814 48596.621 -57967.7 5684.72 -63652.4 6291.7042
3.07 288.91167 -1354.7313 48674.843 -57952.9 5646.25 -63599.2 6300.0317
3.08 295.15921 -626.33932 48651.804 -58131 5768.35 -63899.3 6336.847
3.09 297.49646 -921.85016 48143.874 -57801.7 5814.02 -63615.7 6314.9845
3.1 300.1589 -1045.4544 48987.097 -57724.5 5866.06 -63590.6 6410.9371
3.11 289.24633 -1532.2093 48722.745 -58211.8 5652.79 -63864.6 6424.336
3.12 294.72217 -744.21148 48926.89 -57815.7 5759.8 -63575.5 6465.5187
3.13 296.10799 -974.46317 48577.988 -58229.7 5786.89 -64016.6 6482.8016
3.14 302.26942 -624.19956 48165.044 -57813.6 5907.3 -63720.9 6488.3814
3.15 314.00934 -1306.2596 48795.716 -57564.8 6136.74 -63701.6 6577.7012
3.16 298.73578 -1263.5318 48440.776 -58123.6 5838.24 -63961.9 6583.8718
3.17 296.20308 -638.31174 48251.38 -57828.4 5788.75 -63617.1 6603.4514
3.18 293.93605 -852.05565 48602.246 -57789.6 5744.44 -63534.1 6651.2755
3.19 294.97593 -207.61195 48531.027 -57926.6 5764.76 -63691.4 6681.8447
3.2 307.43295 -1444.7265 49002.665 -57438.1 6008.21 -63446.3 6745.8975
3.21 304.14343 -725.66524 48539.184 -57767.8 5943.93 -63711.7 6730.5378
3.22 295.528 -651.39788 48488.735 -58327.1 5775.55 -64102.6 6754.5327
3.23 289.09768 -1500.0346 48550.052 -58052.6 5649.88 -63702.5 6793.1917
3.24 307.95619 -1531.719 49009.237 -57555.7 6018.44 -63574.2 6871.2682
3.25 289.84803 -980.5018 48471.999 -58040.5 5664.55 -63705.1 6829.5687
3.26 299.38242 -1208.3064 49104.534 -57642 5850.88 -63492.8 6898.7252
3.27 309.58306 -386.90706 47889.826 -57973.9 6050.23 -64024.2 6815.7804
3.28 309.3243 -1120.6327 48868.959 -57563.1 6045.18 -63608.3 6946.7353
3.29 295.36045 -352.17992 47933.999 -58338.6 5772.28 -64110.9 6915.0365
3.3 295.80015 -1571.4686 48887.718 -57780.1 5780.87 -63561 6978.9181
3.31 285.53182 -570.43826 48235.501 -58082.7 5580.2 -63662.9 6925.975
3.32 302.38817 -1465.6026 48395.747 -57605.9 5909.62 -63515.6 6954.1714
3.33 296.58277 -1268.6772 48583.787 -57986.3 5796.17 -63782.5 7004.212
3.34 311.92465 -1216.6517 48535.242 -57313 6096 -63409 7033.3348
3.35 289.7347 -1570.4318 49109.662 -57763.4 5662.33 -63425.7 7080.9691
3.36 295.97473 -968.08589 48155.877 -58196.8 5784.28 -63981.1 7005.4297
3.37 307.81082 -956.80107 48820.945 -57521.8 6015.6 -63537.4 7091.993
3.38 289.20997 -1117.4614 48621.53 -57864 5652.08 -63516.1 7068.4409
3.39 298.18598 -261.36759 48683.691 -57942.5 5827.5 -63770 7088.6635
3.4 299.14528 -1016.8244 48735.817 -57674.8 5846.25 -63521.1 7089.0297
3.41 295.69044 -1181.4428 48577.528 -57777.3 5778.73 -63556 7108.6365
3.42 293.3738 -1409.4217 48410.074 -57961.4 5733.45 -63694.9 7140.1483
3.43 285.14078 -1066.2404 48745.814 -58326.2 5572.55 -63898.8 7177.5539
3.44 292.6252 -1013.805 48414.467 -58076.6 5718.82 -63795.4 7159.5668
3.45 299.81704 -1018.7209 48323.208 -57731.2 5859.37 -63590.6 7171.718
3.46 287.56911 -1414.7183 48401.409 -57949.1 5620.01 -63569.1 7195.8006
3.47 303.18385 -2003.3184 48688.677 -57609.9 5925.17 -63535.1 7244.7925
3.48 306.56359 -780.9758 48500.867 -57840.5 5991.22 -63831.7 7257.288
3.49 299.08194 -478.11799 48720.594 -57828.6 5845.01 -63673.6 7300.8101
3.5 293.25081 -1325.7291 48404.072 -57911.9 5731.05 -63642.9 7285.6032
3.51 295.74438 -1527.0722 48366.425 -58076.7 5779.78 -63856.5 7302.142
3.52 292.28795 -337.31601 48191.745 -57640.2 5712.23 -63352.4 7313.8788
3.53 301.06461 -556.07798 48088.802 -57811.6 5883.76 -63695.3 7313.7898
3.54 301.79028 -1015.0837 48344.788 -57700.9 5897.94 -63598.8 7367.7707
3.55 296.91598 -1667.9322 48719.932 -57981.9 5802.68 -63784.6 7457.3792
3.56 304.51365 -487.20133 48233.038 -57683.2 5951.16 -63634.3 7441.8053
3.57 294.59524 -1182.248 48820.474 -58022.6 5757.32 -63779.9 7514.2879
3.58 302.67479 -1136.9639 48431.712 -57387.6 5915.22 -63302.8 7491.0836
3.59 305.20797 -851.09664 48476.098 -57903.8 5964.73 -63868.5 7529.1746
3.6 290.77275 -1116.0457 48938.931 -58205.9 5682.62 -63888.5 7609.9868
3.61 298.20113 -952.09446 48798.526 -57631.5 5827.79 -63459.3 7604.2509
3.62 308.19296 -231.05809 48612.949 -57599.3 6023.07 -63622.3 7606.4732
3.63 292.78496 -1183.3032 48179.847 -57990.4 5721.95 -63712.4 7584.2423
3.64 296.66327 -1589.6332 48462.989 -57649.8 5797.74 -63447.5 7623.5267
3.65 302.48828 -1266.2279 48927.462 -58273.2 5911.58 -64184.8 7685.1127
3.66 293.78015 -1547.7784 49319.177 -57957.7 5741.39 -63699.1 7735.268
3.67 298.07487 -960.83248 48285.932 -57616.3 5825.33 -63441.6 7671.5899
3.68 294.84222 -756.08233 47843.741 -58084.5 5762.15 -63846.7 7642.1735
3.69 300.47097 -980.97777 48305.176 -57896.6 5872.15 -63768.8 7710.8588
3.7 285.00079 -578.02621 48362.802 -57992.1 5569.82 -63562 7747.9407
3.71 303.95744 -327.05405 47897.452 -57743.9 5940.29 -63684.2 7734.3208
3.72 289.27988 -996.96121 48659.439 -57908.8 5653.45 -63562.3 7837.2041
3.73 303.02748 -1053.7733 48853.478 -57592.9 5922.12 -63515 7885.6467
3.74 288.48698 -965.25376 48836.758 -58106.2 5637.95 -63744.1 7884.9515
3.75 299.39281 -1676.2369 48941.272 -57721.1 5851.08 -63572.2 7900.2006
3.76 301.07218 -1001.0732 48456.354 -57799.8 5883.9 -63683.7 7887.3039
3.77 308.69152 -507.34931 48740.84 -57434.4 6032.81 -63467.2 7936.4021
3.78 286.80171 -1093.6793 48833.864 -57895 5605.01 -63500 7981.5555
3.79 291.34079 -871.89934 48743.162 -58064.5 5693.72 -63758.3 7983.7768
3.8 297.46491 -1184.1033 48493.959 -57826.5 5813.41 -63639.9 7973.7264
3.81 295.62823 -2081.5064 48681.896 -57615 5777.51 -63392.5 8015.7538
3.82 288.67267 -1676.3953 48907.636 -57774.8 5641.58 -63416.4 8083.801
3.83 299.49859 -906.47887 48679.866 -57832 5853.15 -63685.2 8081.0222
3.84 298.3511 -1013.4337 48782.19 -58010.4 5830.73 -63841.1 8138.9642
3.85 295.91801 -942.76278 48168.59 -57987.9 5783.18 -63771.1 8115.5516
3.86 298.2317 -1402.2541 48323.87 -57793.4 5828.39 -63621.8 8159.8532
3.87 297.37278 -1457.4863 48459.937 -58090.3 5811.61 -63901.9 8200.0363
3.88 284.12239 -1111.4496 48118.265 -58219.7 5552.65 -63772.4 8182.3003
3.89 299.34218 -1616.1709 48983.512 -57816.3 5850.09 -63666.4 8314.1972
3.9 293.95439 -937.96177 48438.901 -58152.2 5744.8 -63897 8273.0059
3.91 300.62309 -1044.509 48702.423 -57678.4 5875.13 -63553.6 8320.3547
3.92 302.35329 -2118.7336 48547.969 -57738.9 5908.94 -63647.9 8317.5631
3.93 292.18898 -861.47077 48439.43 -57997 5710.3 -63707.3 8329.0215
3.94 289.71775 -38.168506 48379.148 -58055.5 5662 -63717.5 8350.6726
3.95 311.13396 -836.5693 48651.609 -58003.5 6080.54 -64084 8417.9855
3.96 284.38414 -1162.7878 48744.017 -58102.7 5557.77 -63660.5 8434.2115
3.97 293.36973 -832.10203 48651.026 -57879.9 5733.37 -63613.2 8452.7606
3.98 298.47368 -1536.1424 48929.827 -58040.6 5833.12 -63873.7 8523.8168
3.99 285.69434 -1401.0926 48550.997 -57902.2 5583.37 -63485.6 8524.9961
4 291.57635 -1139.7881 48601.714 -57751.2 5698.33 -63449.5 8547.6794
4.01 287.77373 -1144.749 48625.029 -58124.5 5624.01 -63748.5 8560.8934
4.02 300.34873 -464.58867 48254.51 -57709.7 5869.77 -63579.4 8530.6103
4.03 301.91131 -227.25421 48607.014 -57757.7 5900.3 -63658 8586.7567
4.04 298.17534 -1534.6868 48964.385 -57994.8 5827.29 -63822.1 8669.7449
4.05 306.7279 -614.61478 48793.582 -57850.5 5994.44 -63844.9 8684.446
4.06 289.30853 -1214.2878 49067.234 -58127.9 5654.01 -63781.9 8732.3861
4.07 291.82661 -1256.8902 48894.595 -57853.5 5703.22 -63556.7 8722.9074
4.08 284.98652 -955.46181 48316.342 -57935.1 5569.54 -63504.7 8693.0973
4.09 300.94207 -710.16722 48514.99 -58072.7 5881.36 -63954.1 8717.3951
4.1 301.65295 -917.49494 48295.69 -57838.7 5895.25 -63734 8703.8176
4.11 290.96551 -1250.5966 48255.947 -58138.6 5686.39 -63824.9 8725.4931
4.12 298.94889 -1145.2355 48767.039 -57623.5 5842.41 -63465.9 8791.7362
4.13 290.34693 -1060.0125 48140.368 -57986.3 5674.3 -63660.6 8729.152
4.14 296.52547 -1092.2185 48579.717 -57939.2 5795.05 -63734.2 8817.6116
4.15 296.87416 -952.03127 48659.61 -57947.9 5801.86 -63749.8 8854.2934
4.16 291.97635 -449.50568 48443.619 -58229.8 5706.14 -63935.9 8870.7653
4.17 303.91233 -1289.3316 48565.219 -57826.1 5939.41 -63765.5 8900.7356
4.18 299.11889 -767.8507 48425.34 -58146.5 5845.73 -63992.2 8911.8443
4.19 287.92034 -1344.1095 48464.425 -58022 5626.88 -63648.8 8948.3059
4.2 298.07503 -1317.7143 48887.954 -57748.9 5825.33 -63574.2 9022.7227
4.21 287.79675 -1374.7728 49065.081 -58166.3 5624.46 -63790.8 9067.7766
4.22 288.3402 -952.16301 48453.409 -57812.3 5635.08 -63447.4 9020.6719
4.23 293.00353 -1148.7996 48437.122 -58175.3 5726.22 -63901.6 9050.258
4.24 306.23794 -726.9747 48549.003 -57961.5 5984.86 -63946.4 9071.9183
4.25 295.18 -828.25983 48468.521 -58008.5 5768.75 -63777.3 9098.8053
4.26 287.49486 -826.64666 48400.041 -58241.8 5618.56 -63860.3 9119.9844
4.27 285.79028 -1329.9738 48765.478 -58001.9 5585.25 -63587.1 9195.8479
4.28 299.5936 -1079.5192 47946.657 -57823.2 5855.01 -63678.2 9097.4333
4.29 285.59197 -2208.7031 48221.204 -58220.1 5581.37 -63801.5 9136.3657
4.3 302.64856 -1357.2926 48801.122 -57442.7 5914.71 -63357.4 9254.5174
4.31 300.88441 -976.27227 48174.979 -57727.8 5880.23 -63608 9203.33
4.32 302.04455 -736.48333 48595.821 -57462.3 5902.91 -63365.2 9296.0024
4.33 307.28998 -1242.1844 48688.674 -57832.4 6005.42 -63837.8 9319.9526
4.34 306.13538 -921.4755 48128.899 -57750.9 5982.86 -63733.8 9273.9716
4.35 299.62573 -973.99709 48496.333 -58046 5855.64 -63901.6 9322.2071
4.36 292.78872 -831.33824 48529.146 -57947.2 5722.02 -63669.2 9351.088
4.37 288.65977 -946.28286 48507.377 -58213.5 5641.33 -63854.8 9371.9132
4.38 292.22604 -1176.7733 48250.625 -57869.9 5711.02 -63580.9 9366.4216
4.39 300.58508 -869.09257 48376.495 -57677 5874.38 -63551.4 9418.3033
4.4 284.61038 -558.46587 48255.975 -58266.6 5562.19 -63828.7 9441.6697
4.41 299.38157 -1650.7562 48762.865 -57765.3 5850.86 -63616.2 9542.7521
4.42 293.54173 -1247.3303 48330.879 -58018.3 5736.74 -63755 9527.3248
4.43 299.60447 -616.22933 48916.919 -57884.9 5855.22 -63740.1 9639.698
4.44 292.59891 -1378.2301 48689.541 -57837.2 5718.31 -63555.5 9640.8617
4.45 299.6145 -1315.0196 48760.569 -57796.2 5855.42 -63651.6 9657.3023
4.46 302.33168 -1444.9413 48277.737 -57584.8 5908.52 -63493.4 9621.9283
4.47 289.58991 -1593.6802 48966.381 -57917.3 5659.5 -63576.8 9722.6547
4.48 293.19645 -1636.8542 49006.676 -57748.1 5729.99 -63478.1 9746.645
4.49 292.93108 -1005.4635 48601.282 -58065.5 5724.8 -63790.3 9715.0379
4.5 301.90562 -1236.1264 48511.583 -57798.3 5900.19 -63698.5 9720.321
4.51 285.78482 -1665.8507 48790.615 -58069.3 5585.14 -63654.4 9776.6543
4.52 290.59711 -403.76549 48570.492 -57922.5 5679.19 -63601.6 9784.7369
4.53 289.47759 -986.61566 48225.408 -58160.2 5657.31 -63817.5 9757.9997
4.54 298.8627 -1082.0746 48302.901 -57809.3 5840.72 -63650 9807.63
4.55 301.34362 -746.39631 48718.929 -57911 5889.21 -63800.2 9886.297
4.56 300.67192 -591.04992 48192.492 -57853.1 5876.08 -63729.2 9834.2551
4.57 295.22653 -911.09128 48532.163 -57685.4 5769.66 -63455.1 9917.8479
4.58 303.41851 -1047.5522 48642.352 -57391.5 5929.76 -63321.2 9966.5121
4.59 289.06392 -1400.591 48827.71 -58086.9 5649.23 -63736.1 10003.639
4.6 296.42402 -1121.6585 48242.355 -58221.9 5793.06 -64015 9943.0831
4.61 286.03181 -1189.6627 48486.483 -58032.9 5589.97 -63622.8 9979.8278
4.62 296.8166 -884.60272 48465.969 -57889 5800.74 -63689.8 10009.223
4.63 298.43412 -1449.1097 48465.878 -58078.9 5832.35 -63911.2 10034.805
4.64 302.63964 -975.40182 48103.475 -57779.1 5914.54 -63693.7 10011.985
4.65 295.65748 -1236.7915 48490.399 -57960 5778.08 -63738.1 10083.811
4.66 289.97239 -648.74926 47989.584 -58365.9 5666.98 -64032.9 10013.314
4.67 303.80948 -1461.4564 48779.149 -57749 5937.4 -63686.4 10157.336
4.68 299.09429 -1520.5696 48736.602 -57700.6 5845.25 -63545.8 10180.685
4.69 292.61928 -819.343 48668.407 -58111.3 5718.71 -63830 10205.414
4.7 286.10221 -597.97617 48502.851 -58427.4 5591.34 -64018.7 10214.062
4.71 291.90889 -1186.9052 48624.587 -58049.9 5704.82 -63754.7 10275.233
4.72 299.848 -1034.4307 48071.884 -58166.9 5859.98 -64026.8 10204.915
4.73 293.57011 -328.14995 48428.675 -57920.2 5737.29 -63657.5 10276.28
4.74 302.35808 -1403.4583 48659.586 -57718 5909.03 -63627 10349.119
4.75 294.45288 -720.57302 48401.942 -57553.3 5754.54 -63307.8 10314.155
4.76 298.37953 -664.90374 48774.395 -57770.5 5831.28 -63601.7 10395.623
4.77 290.55254 -889.05075 48896.344 -57859.7 5678.32 -63538 10414.684
4.78 300.26734 -1179.5177 48667.041 -57664.8 5868.18 -63533 10416.455
4.79 289.39133 -1626.2592 48443.378 -58069.5 5655.62 -63725.1 10392.033
4.8 297.54593 -933.93634 48900.364 -57744.7 5814.99 -63559.7 10508.297
4.81 298.27903 -1277.4218 48280.143 -57647.9 5829.32 -63477.3 10459.003
4.82 289.46192 -1325.0986 48621.283 -57931.6 5657 -63588.6 10539.992
4.83 290.89631 -1051.3932 48251.379 -57890.2 5685.04 -63575.3 10531.623
4.84 300.16451 -822.25534 48661.989 -57557.7 5866.17 -63423.8 10606.892
4.85 291.25119 -958.89345 48890.239 -57840.9 5691.97 -63532.9 10631.378
4.86 296.00455 -831.68866 48556.687 -58045.2 5784.87 -63830.1 10594.403
4.87 290.21616 -743.74652 48943.783 -57946.5 5671.74 -63618.2 10668.838
4.88 306.79093 -1475.2737 48741.834 -57650.6 5995.67 -63646.3 10658.119
4.89 294.67475 -1520.9928 48601.038 -57952.8 5758.88 -63711.7 10680.301
4.9 306.349 -930.82082 48796.384 -57665.2 5987.03 -63652.2 10735.925
4.91 294.53661 -1658.043 48367.587 -58375.8 5756.18 -64132 10699.267
4.92 286.49752 -756.47762 48570.807 -58158.5 5599.07 -63757.6 10782.61
4.93 298.80747 345.22309 47899.101 -57789.3 5839.64 -63628.9 10713.413
4.94 290.73819 -996.72691 48542.597 -58131.3 5681.95 -63813.3 10819.143
4.95 296.37527 -910.23879 48784.852 -58014.3 5792.11 -63806.4 10883.027
4.96 304.2602 -1102.5317 48617.502 -57747.2 5946.21 -63693.4 10844.568
4.97 292.17645 -1457.0036 48745.329 -57731.8 5710.05 -63441.8 10897.706
4.98 300.16964 -1450.2563 48914.8 -58029.1 5866.27 -63895.4 10944.242
4.99 301.62773 -894.10888 48104.889 -57800.4 5894.76 -63695.2 10832.351
5 292.48121 -1159.3307 48806.352 -58057.9 5716.01 -63773.9 10957.726
5.01 304.18208 -1430.2025 48541.136 -57785.6 5944.68 -63730.3 10974.447
5.02 294.59036 -566.8763 48333.305 -58016.3 5757.23 -63773.5 10958.816
5.03 299.15964 -1119.669 48319.24 -57735.7 5846.53 -63582.2 10971.706
5.04 295.38814 -918.39476 48261.806 -57899 5772.82 -63671.8 10971.663
5.05 294.88922 -984.80902 48249.369 -57954.9 5763.07 -63717.9 10981.858
5.06 291.93349 -744.91269 48464.367 -57533.6 5705.31 -63238.9 11051.157
5.07 294.75699 -768.80109 48197.354 -57823 5760.49 -63583.5 11027.241
5.08 300.59943 -1801.7061 48860.663 -57878.8 5874.67 -63753.4 11161.782
5.09 304.15286 -1646.0638 48842.322 -57687.9 5944.11 -63632 11177.564
5.1 294.08376 -807.08567 48732.012 -58064.7 5747.33 -63812 11176.093
5.11 301.13069 -1269.8464 48286.325 -57734.8 5885.05 -63619.9 11136.978
5.12 290.42062 -539.98068 48275.851 -58032.1 5675.74 -63707.9 11149.501
5.13 304.56039 -671.62196 48527.482 -57852.5 5952.08 -63804.6 11214.092
5.14 298.41778 -684.74536 48385.638 -58233.2 5832.03 -64065.2 11196.11
5.15 289.89466 -765.9034 48667.145 -58031.8 5665.46 -63697.2 11292.53
5.16 292.19922 -973.04467 48657.3 -57974.8 5710.5 -63685.3 11325.875
5.17 287.08407 -708.8617 48788.84 -58343.9 5610.53 -63954.5 11389.03
5.18 296.75178 -1105.7146 49107.558 -57831 5799.47 -63630.5 11438.576
5.19 286.53702 -1505.4142 49015.036 -58197.6 5599.84 -63797.5 11438.159
5.2 303.78802 -1080.4747 48348.362 -57794.1 5936.98 -63731 11367.759
5.21 298.72553 -882.6952 48896.465 -58031.3 5838.04 -63869.4 11470.393
5.22 301.45666 -1293.3053 48927.654 -57946.2 5891.42 -63837.6 11498.839
5.23 296.0738 -1324.9894 48729.868 -58115 5786.22 -63901.2 11490.773
5.24 301.88409 -1458.5877 48975.364 -57607 5899.77 -63506.8 11545.746
5.25 286.50679 -1069.1779 48906.5 -58021.9 5599.25 -63621.2 11567.26
5.26 297.83164 -619.82072 48473.117 -58014.9 5820.57 -63835.5 11530.396
5.27 298.38967 -972.47516 48460.763 -57740.7 5831.48 -63572.1 11538.024
5.28 296.27662 -1800.7183 48616.427 -57847.6 5790.18 -63637.8 11605.34
5.29 296.90521 -781.53558 48475.693 -57829.8 5802.47 -63632.2 11599.957
5.3 294.28608 -1082.4989 48460.19 -58083.7 5751.28 -63835 11615.392
5.31 307.08489 -1066.6312 48805.966 -57702.7 6001.41 -63704.2 11687.733
5.32 301.29056 -542.51392 48281.202 -57820.8 5888.17 -63709 11634.75
5.33 296.89811 -804.67612 48607.835 -57916.5 5802.33 -63718.8 11731.902
5.34 293.17782 -1041.1158 48662.798 -58028.9 5729.62 -63758.5 11748.405
5.35 293.77747 -1019.0627 48402.863 -58069.2 5741.34 -63810.5 11730.161
5.36 298.85217 -954.97889 48605.416 -57869.1 5840.52 -63709.6 11823.084
5.37 285.37718 -1208.7107 48903.231 -58162.1 5577.17 -63739.3 11889.545
5.38 296.59695 -1095.0094 48805.899 -57826 5796.44 -63622.5 11932.309
5.39 294.04897 -925.50978 48375.354 -58209.3 5746.65 -63956 11868.399
5.4 302.25829 -1511.4373 48561.749 -57878.3 5907.08 -63785.4 11950.953
5.41 297.10981 -338.06972 48429.496 -57570.9 5806.47 -63377.3 11946.754
5.42 294.34975 -1268.3231 48702.417 -57816.6 5752.53 -63569.1 12033.334
5.43 287.86601 -1158.1181 48600.782 -58020.5 5625.81 -63646.4 12037.213
5.44 297.74785 -1279.4277 48383.766 -57849.4 5818.94 -63668.3 12016.892
5.45 296.25644 -1560.6978 48411.335 -57936.7 5789.79 -63726.5 12053.039
5.46 303.55287 -735.99846 48170.013 -58083.9 5932.38 -64016.3 12035.598
5.47 290.26248 -871.24499 48446.588 -58158 5672.65 -63830.6 12090.327
5.48 308.35942 -1128.3906 48781.71 -57398.9 6026.32 -63425.3 12195.87
5.49 295.84786 -695.88744 48586.868 -57965.3 5781.8 -63747.1 12199.58
5.5 304.32748 -1402.6192 48538.85 -57696.5 5947.52 -63644 12207.267
5.51 302.77597 -254.40549 48257.298 -57984.3 5917.2 -63901.5 12211.811
5.52 303.99652 -1109.5505 48668.108 -57700.4 5941.06 -63641.5 12318.023
5.53 292.7975 -578.65832 48438.863 -58190 5722.19 -63912.2 12286.413
5.54 300.92402 -105.52472 48745.943 -57962.2 5881.01 -63843.2 12326.507
5.55 290.36425 -1231.4447 48458.874 -57774.2 5674.64 -63448.8 12345.134
5.56 301.158 -216.93794 48346.535 -57839.6 5885.58 -63725.2 12353.777
5.57 292.51723 -1646.2539 48495.205 -58113.3 5716.71 -63830 12409.169
5.58 308.15025 -1074.6466 48814.581 -57907.1 6022.23 -63929.3 12478.296
5.59 309.4411 -958.36297 48487.871 -57817.7 6047.46 -63865.2 12426.727
5.6 294.82831 -508.89115 47858.383 -57741.9 5761.88 -63503.8 12356.884
5.61 302.80872 -757.72485 48403.156 -57867.7 5917.84 -63785.5 12469.143
5.62 299.62161 -1490.4724 48750.372 -57912 5855.56 -63767.5 12570.261
5.63 299.14061 -1090.1109 48565.98 -57965.4 5846.16 -63811.5 12566.758
5.64 296.63668 -556.80966 48537.847 -57610 5797.22 -63407.2 12591.792
5.65 295.47223 -1559.4472 48449.601 -57999.2 5774.46 -63773.7 12604.658
5.66 303.40582 -654.33303 48253.964 -57529.9 5929.51 -63459.4 12561.583
5.67 304.11794 -999.25324 48921.116 -57493.5 5943.43 -63437 12715.736
5.68 309.73217 -334.39228 48404.136 -57981.4 6053.15 -64034.5 12695.851
5.69 306.72263 -867.06807 48338.21 -57609.3 5994.33 -63603.7 12734.27
5.7 296.17475 -939.15097 48942.371 -57739.1 5788.19 -63527.3 12896.196
5.71 298.85373 -936.85633 48565.493 -57934.9 5840.55 -63775.5 12834.97
5.72 297.50955 -1111.4429 48793.427 -58125.5 5814.28 -63939.7 12903.823
5.73 299.24528 -1109.7293 48818.321 -58030.4 5848.2 -63878.6 12928.165
5.74 303.06159 -1028.2906 48441.06 -57954 5922.78 -63876.8 12875.445
5.75 289.88781 -1304.0382 48201.147 -58102.1 5665.33 -63767.5 12850.819
5.76 295.84155 -685.55252 48685.727 -57910 5781.68 -63691.7 12960.379
5.77 288.334 -1254.4825 48898.736 -57665.8 5634.96 -63300.8 13030.126
5.78 292.66509 -374.73482 48328.239 -58024.2 5719.6 -63743.8 12980.69
5.79 311.95899 -645.92967 48206.04 -57414.3 6096.67 -63510.9 12997.26
5.8 300.02993 -987.62623 48668.739 -57691.2 5863.54 -63554.8 13107.237
5.81 291.92283 -1083.1486 48342.001 -58118.5 5705.1 -63823.6 13083.257
5.82 311.72176 -1346.7214 48457.39 -57724.1 6092.03 -63816.1 13111.848
5.83 301.24025 -1390.7523 48904.926 -57936.6 5887.19 -63823.8 13200.921
5.84 299.03711 -661.96932 48909.195 -57551.1 5844.13 -63395.2 13226.073
5.85 298.29485 -1523.2424 48892.512 -57991.1 5829.63 -63820.8 13256.008
5.86 299.56709 -491.03536 48417.366 -57919.1 5854.49 -63773.6 13183.664
5.87 310.57426 -478.26611 48387.948 -57440.9 6069.6 -63510.5 13208.988
5.88 289.67242 -1594.9398 48279.212 -58019.1 5661.12 -63680.2 13219.424
5.89 284.75347 -488.35825 48570.706 -58312.5 5564.98 -63877.5 13293.553
5.9 292.1052 -1619.7215 48750.326 -57938.3 5708.66 -63646.9 13355.26
5.91 293.47781 -928.23622 48590.575 -58146.5 5735.49 -63882 13319.928
5.92 300.12201 -722.11654 48783.669 -57758.9 5865.33 -63624.2 13388.978
5.93 297.18145 -1488.5335 48497.299 -57781.4 5807.87 -63589.3 13388.965
5.94 308.24255 -664.69553 48359.147 -57790 6024.04 -63814 13377.508
5.95 301.69477 -1535.7563 48434.826 -58163.9 5896.07 -64060 13382.781
5.96 306.51608 -1137.5557 48623.777 -57815.4 5990.3 -63805.7 13450.378
5.97 293.4651 -1301.9353 48750.706 -57835.1 5735.24 -63570.3 13469.799
5.98 299.03438 -675.68597 48528.435 -57763.4 5844.08 -63607.5 13437.617
5.99 299.44017 -347.8374 48443.34 -58016.5 5852.01 -63868.5 13446.383
6 301.5317 -1388.9517 48783.198 -57735.5 5892.88 -63628.3 13537.296
6.01 300.71161 -431.42058 48434.904 -58165.9 5876.86 -64042.8 13500.524
6.02 292.49447 -1628.3303 48422.512 -57801.4 5716.27 -63517.7 13480.196
6.03 301.76066 -1034.1189 49169.484 -57782.6 5897.36 -63680 13631.632
6.04 295.85614 -457.56774 48479.635 -57900.7 5781.97 -63682.6 13517.143
6.05 287.88684 -1281.3787 49194.75 -58381.1 5626.22 -64007.3 13651.488
6.06 299.35003 -1065.5678 48579.358 -57807.7 5850.25 -63658 13578.224
6.07 301.86749 -1466.5137 48314.556 -57640.8 5899.45 -63540.2 13546.544
6.08 298.14036 -1295.6489 48826.845 -57994.9 5826.61 -63821.5 13650.538
6.09 302.7752 -1655.1898 48741.835 -57889.7 5917.19 -63806.9 13647.29
6.1 305.28386 -918.41743 48527.108 -58016.1 5966.21 -63982.3 13614.153
6.11 299.53086 -1403.0605 48650.765 -57643.7 5853.78 -63497.5 13632.785
6.12 288.07474 -1311.3868 48036.323 -57981.8 5629.89 -63611.6 13569.192
6.13 304.87217 -1445.1958 48673.777 -57954.7 5958.17 -63912.9 13732.554
6.14 304.68074 -751.46071 48922.163 -57607.3 5954.43 -63561.7 13816.374
6.15 313.37992 -285.81216 48121.896 -57509.4 6124.44 -63633.8 13673.904
6.16 299.26197 -682.80359 48687.868 -57775 5848.53 -63623.5 13794.593
6.17 304.08911 -721.23663 48312.301 -57376.3 5942.86 -63319.1 13767.094
6.18 295.95833 -1116.3284 48441.927 -57871.8 5783.96 -63655.8 13805.776
6.19 292.01178 -1015.6745 48401.271 -58116.5 5706.84 -63823.3 13795.551
6.2 298.72452 -1189.3867 48521.964 -57762.3 5838.02 -63600.3 13806.811
6.21 303.3924 -927.11212 48734.162 -58019.1 5929.25 -63948.3 13859.875
6.22 295.17557 -1100.4795 48432.742 -58229.7 5768.67 -63998.3 13841.302
6.23 303.18619 -1333.7353 48584.833 -57716.2 5925.22 -63641.4 13862.325
6.24 299.20944 -1594.2777 49028.267 -57636.1 5847.5 -63483.6 13957.153
6.25 300.55458 -1044.8216 48640.799 -57543.4 5873.79 -63417.2 13916.466
6.26 299.35311 -755.16172 48127.877 -57824.6 5850.31 -63674.9 13881.221
6.27 287.27616 -186.94183 48205.019 -58301.1 5614.29 -63915.4 13905.624
6.28 288.12053 -976.69715 48742.438 -57954.6 5630.79 -63585.4 14049.833
6.29 289.49561 -717.23384 48469.434 -57811 5657.66 -63468.7 13986.138
6.3 295.67686 -360.88459 48354.88 -57783.6 5778.46 -63562.1 13960.301
6.31 312.54469 -687.58037 48826.36 -57349.3 6108.11 -63457.4 14044.721
6.32 299.91448 -805.66647 48394.779 -57699.5 5861.28 -63560.8 13987.577
6.33 301.69797 -1434.5615 48882.175 -57762.7 5896.13 -63658.8 14097.617
6.34 285.54041 -1704.5117 48558.105 -58090.2 5580.36 -63670.5 14069.631
6.35 304.63481 -403.29455 48520.72 -57943.8 5953.53 -63897.3 14087.922
6.36 291.01281 -752.98747 48336.331 -58003.5 5687.31 -63690.8 14080.782
6.37 284.97731 -1185.9643 48652.365 -58104.8 5569.36 -63674.2 14165.821
6.38 296.87582 -654.73148 48376.32 -58041.2 5801.89 -63843.1 14120.656
6.39 293.82866 -1074.9407 48365.903 -57854.3 5742.34 -63596.6 14168.952
6.4 297.01313 -409.11255 48739.166 -58273.6 5804.58 -64078.2 14254.74
6.41 304.44354 -1574.1204 48693.258 -57766.4 5949.79 -63716.2 14260.743
6.42 299.78698 -540.92797 48403.334 -57941.9 5858.79 -63800.7 14244.385
6.43 285.77172 -1118.981 48798.866 -58209.2 5584.88 -63794.1 14383.995
6.44 297.30652 -2045.4443 48963.34 -57663 5810.31 -63473.3 14404.115
6.45 298.38245 -831.69253 48711.858 -58102.5 5831.34 -63933.9 14385.146
6.46 295.28786 -884.58308 48494.963 -57827.6 5770.86 -63598.5 14382.895
6.47 292.37428 -1124.4255 48296.714 -58229.6 5713.92 -63943.5 14345.531
6.48 309.20745 -1040.1703 48548.889 -57596.1 6042.89 -63639 14415.981
6.49 302.96668 -638.31552 48873.232 -58104.5 5920.93 -64025.4 14499.456
6.5 296.44012 -670.59256 48678.928 -57687.5 5793.38 -63480.9 14507.761
6.51 302.41674 -1213.6978 48605.969 -57953.9 5910.18 -63864.1 14523.961
6.52 296.75784 -1052.0456 48521.906 -57729.9 5799.59 -63529.5 14516.809
6.53 290.80155 -1426.134 48661.81 -58230.8 5683.18 -63914 14575.135
6.54 292.37554 -1563.5813 48328.038 -57951 5713.94 -63664.9 14555.128
6.55 293.80339 -498.0544 48351.698 -57817.7 5741.85 -63559.6 14606.203
6.56 294.72285 -1224.3135 48211.791 -57938.4 5759.82 -63698.2 14598.798
6.57 287.46105 -920.91412 48511.435 -57878.9 5617.9 -63496.8 14651.732
6.58 301.89277 -1128.9025 48702.779 -58230.8 5899.94 -64130.7 14722.661
6.59 303.14878 -1173.5636 49268.872 -58023.2 5924.49 -63947.7 14880.26
6.6 291.14912 -1179.3132 48530.77 -57821.1 5689.98 -63511.1 14752.022
6.61 309.50806 -1136.6136 48527.389 -57373.7 6048.77 -63422.5 14787.576
6.62 306.34412 -707.33676 47745.587 -57954.7 5986.93 -63941.7 14636.896
6.63 291.95044 -1453.3146 48708.755 -57940.1 5705.64 -63645.8 14869.021
6.64 303.34746 -1708.2314 48642.357 -57662.2 5928.37 -63590.6 14861.443
6.65 308.72854 -779.90871 48150.517 -57640.1 6033.53 -63673.6 14784.078
6.66 297.17654 -530.64123 48148.978 -57931.8 5807.77 -63739.6 14786.883
6.67 306.38894 -1320.6356 48758.374 -57542.6 5987.81 -63530.4 14948.975
6.68 276.75267 -1729.6042 48971.986 -58352 5408.62 -63760.6 14969.709
6.69 305.23705 -1246.7444 48358.336 -57627.2 5965.3 -63592.5 14860.102
6.7 303.65536 -1237.9934 48774.129 -57850.1 5934.39 -63784.5 14994.472
6.71 301.9931 -1645.2719 48889.525 -57832.2 5901.9 -63734.1 15039.248
6.72 294.80555 -911.64393 48697.634 -57748.2 5761.43 -63509.6 15064.88
6.73 298.80863 -1214.4943 48796.069 -57578.9 5839.67 -63418.6 15111.497
6.74 302.1704 -689.15915 48426.606 -57751.6 5905.37 -63656.9 15033.432
6.75 293.07002 -1637.8531 48797.317 -58087.2 5727.52 -63814.8 15154.051
6.76 291.00175 -927.65556 48416.29 -58042.1 5687.1 -63729.2 15081.307
6.77 293.60581 -897.40392 48786.73 -57853.5 5737.99 -63591.5 15182.555
6.78 294.46747 -1420.3534 48648.636 -57999.3 5754.83 -63754.1 15178.45
6.79 291.46788 -1728.8847 48688.392 -57867.4 5696.21 -63563.6 15195.069
6.8 301.9885 -890.39046 48837.13 -57838 5901.81 -63739.8 15217.645
6.81 299.8553 -752.18835 48099.781 -57847.6 5860.12 -63707.8 15083.191
6.82 302.09477 -1282.7052 48408.437 -57859.9 5903.89 -63763.8 15174.737
6.83 293.33868 -1201.7207 48062.523 -57945.2 5732.77 -63678 15078.597
6.84 312.78476 -1082.8008 48352.192 -57881 6112.81 -63993.8 15148.293
6.85 293.483 -702.62578 48913.506 -58086.3 5735.59 -63821.9 15290.421
6.86 294.51458 -911.7661 48813.306 -57915.4 5755.75 -63671.1 15286.863
6.87 305.61625 -785.89423 48426.533 -57491.8 5972.71 -63464.5 15237.153
6.88 305.99443 -1108.9101 48709.16 -57773.6 5980.1 -63753.7 15313.915
6.89 300.71284 -839.02905 48950.257 -57796.7 5876.88 -63673.6 15400.404
6.9 299.93433 -1172.6123 48726.496 -57923.3 5861.67 -63785 15380.876
6.91 293.54136 -1252.4112 48371 -57671.8 5736.73 -63408.5 15321.427
6.92 297.43752 -492.04937 48181.569 -57770.8 5812.87 -63583.6 15348.156
6.93 292.50174 -598.96118 48535.023 -57980.5 5716.41 -63696.9 15458.163
6.94 293.70118 -617.49717 48339.888 -57701.5 5739.85 -63441.3 15425.923
6.95 295.70885 -1906.3542 49086.08 -57948.1 5779.09 -63727.2 15631.584
6.96 297.279 -1119.4274 48930.86 -57674.8 5809.77 -63484.6 15614.686
6.97 294.7479 -618.65751 48281.106 -57814.9 5760.31 -63575.2 15527.637
6.98 307.79062 -588.72329 48311.783 -57860.7 6015.2 -63875.9 15543.402
6.99 285.05192 -676.06858 48314.096 -57695.5 5570.82 -63266.3 15543.434
7 293.14364 -1934.2765 48856.793 -57765.7 5728.96 -63494.7 15726.756
7.01 299.59059 -913.58893 48838.276 -57742.5 5854.95 -63597.4 15738.738
7.02 302.08981 -1559.6955 48831.719 -57593.1 5903.79 -63496.9 15761.695
7.03 303.90499 -512.72111 48788.053 -57810.7 5939.27 -63750 15785.523
7.04 292.41781 -1079.0894 48280.71 -57901.4 5714.77 -63616.1 15670.993
7.05 294.41102 -647.98352 47937.394 -57877.8 5753.72 -63631.6 15635.311
7.06 295.52377 -772.82526 48591.371 -57978.8 5775.47 -63754.2 15793.245
7.07 295.46468 -834.5179 48585.734 -57657 5774.32 -63431.3 15812.471
7.08 297.99731 -1803.6994 48558.468 -58030.7 5823.81 -63854.6 15867.791
7.09 301.55763 -514.39326 48486.26 -57678.7 5893.39 -63572.1 15892.993
7.1 310.61252 -343.95995 48188.175 -57565.8 6070.35 -63636.1 15838.087
7.11 293.84565 -547.60673 48257.484 -57956.1 5742.68 -63698.8 15890.098
7.12 293.27267 -1236.1356 48038.104 -58114.7 5731.48 -63846.2 15863.187
7.13 304.24397 -1348.2125 48176.004 -57590.5 5945.89 -63536.4 15918.057
7.14 292.22649 -1672.8201 48297.052 -58039.5 5711.03 -63750.5 15963.197
7.15 307.9531 -1838.883 49354.956 -57360.5 6018.38 -63378.9 16186.703
7.16 289.81606 -1007.7965 48241.982 -58213.2 5663.92 -63877.1 15982.204
7.17 294.1857 -1062.2423 48603.905 -58017.6 5749.32 -63766.9 16085.294
7.18 293.15108 -1242.0991 48123.349 -58243.4 5729.1 -63972.5 16005.754
7.19 290.50718 -990.76748 48766.605 -57898.6 5677.43 -63576 16174.935
7.2 302.1269 -483.96013 48423.196 -57647.6 5904.52 -63552.1 16112.568
7.21 289.18675 -519.81021 47876.597 -57782.5 5651.63 -63434.1 16025.477
7.22 298.80121 -1156.2138 48867.76 -57783.9 5839.52 -63623.5 16273.646
7.23 294.99175 -1307.4324 48929.99 -58005.5 5765.07 -63770.5 16292.64
7.24 307.9778 -1293.2205 48777.151 -57900.4 6018.86 -63919.3 16311.37
7.25 296.90311 -948.79826 48148.37 -57843.3 5802.43 -63645.7 16175.513
7.26 287.79851 -851.87628 48646.943 -58346 5624.49 -63970.5 16336.394
7.27 293.1116 -812.07534 48319.034 -57973.4 5728.33 -63701.7 16277.674
7.28 294.32793 -1661.8491 49101.72 -57878.9 5752.1 -63631 16496.944
7.29 285.51098 -1432.931 48594.743 -57961.2 5579.79 -63541 16450.113
7.3 298.15302 -634.49394 48610.293 -58042.7 5826.85 -63869.6 16490.043
7.31 289.82017 -877.56519 48427.633 -58091.1 5664 -63755.1 16480.844
7.32 286.70614 -688.23675 48316.891 -58141.9 5603.15 -63745 16481.216
7.33 301.0543 -936.05218 48476.47 -57848.1 5883.56 -63731.7 16521.775
7.34 290.82607 -1144.8055 48297.125 -57694.8 5683.66 -63378.5 16477.04
7.35 304.43039 -729.15225 48818.99 -57763.7 5949.53 -63713.2 16596.817
7.36 298.11982 -711.19392 48577.521 -57593.5 5826.21 -63419.7 16550.939
7.37 290.47708 -742.49748 49101.692 -57867.2 5676.84 -63544.1 16708.441
7.38 298.08903 -879.23277 48354.116 -57776.8 5825.6 -63602.4 16572.285
7.39 301.79365 -1290.4624 49061.65 -57643 5898 -63541 16731.66
7.4 303.81462 -573.86295 48426.977 -58105.4 5937.5 -64042.9 16619.502
7.41 298.06546 -886.65366 48968.888 -57942.1 5825.14 -63767.3 16781.056
7.42 297.86533 -1037.3515 48642.591 -57867.5 5821.23 -63688.8 16729.97
7.43 286.75673 -573.29208 48847.886 -58243.8 5604.13 -63848 16772.224
7.44 294.89562 -1230.8627 49213.618 -57610.2 5763.19 -63373.4 16846.085
7.45 287.76379 -794.31452 48641.36 -58238.3 5623.82 -63862.1 16748.735
7.46 308.60219 -841.62682 48270.063 -57664 6031.06 -63695.1 16688.664
7.47 298.18641 -1328.5312 48309.118 -57974.2 5827.51 -63801.7 16743.934
7.48 294.11104 -386.74593 48440.712 -57798.4 5747.86 -63546.3 16774.943
7.49 292.5248 -1353.3919 48353.276 -58177.2 5716.86 -63894.1 16737.896
7.5 299.17107 -668.04372 48674.861 -57689.7 5846.75 -63536.4 16818.86
7.51 294.54953 -929.09683 48669.876 -57945.2 5756.43 -63701.6 16837.663
7.52 302.2601 -1235.1514 48211.618 -57755 5907.12 -63662.1 16786.764
7.53 295.83505 -405.82546 48818.655 -57820.4 5781.55 -63601.9 16956.725
7.54 305.85959 -916.69184 48911.8 -57495.2 5977.47 -63472.7 16993.032
7.55 295.51593 -656.32017 48228.482 -57979.5 5775.32 -63754.8 16873.261
7.56 296.32908 20.340038 48304.493 -58124.7 5791.21 -63915.9 16878.398
7.57 290.72226 -1363.3964 48535.062 -58221 5681.63 -63902.6 16943.247
7.58 305.15167 -1356.969 48519.942 -57768 5963.63 -63731.6 16966.501
7.59 303.55295 -1113.0524 48881.781 -57855.7 5932.39 -63788.1 17058.432
7.6 308.10631 -1110.2128 48809.976 -57504.8 6021.37 -63526.2 17071.664
7.61 294.59746 -719.99433 49145.068 -57861.1 5757.37 -63618.5 17169.124
7.62 292.07643 -1093.7505 48293.311 -57654 5708.1 -63362.1 17014.481
7.63 291.51173 -1957.9711 49228.776 -57941.3 5697.06 -63638.3 17250.326
7.64 297.24631 -807.55843 48406.879 -57757.1 5809.13 -63566.2 17074.919
7.65 293.423 -1339.1202 48606.698 -57990.1 5734.42 -63724.5 17128.999
7.66 292.0428 -738.60143 48813.444 -58222.1 5707.44 -63929.6 17213.733
7.67 296.53603 -1399.581 48218.98 -57856.5 5795.25 -63651.8 17125.934
7.68 299.34508 -1086.4041 48985.806 -57640.6 5850.15 -63490.8 17316.16
7.69 300.89295 -201.87236 48732.141 -57870 5880.4 -63750.4 17287.644
7.7 307.92881 -890.72774 48765.636 -57543.2 6017.9 -63561.1 17307.013
7.71 292.90532 -1340.2789 48597.19 -57950.5 5724.3 -63674.8 17307.054
7.72 298.68532 -441.97888 48656.721 -57749.7 5837.26 -63586.9 17348.169
7.73 305.78921 -480.34142 48245.783 -57814.2 5976.09 -63790.3 17251.416
7.74 293.36844 -796.51134 48698.85 -58173.4 5733.35 -63906.8 17368.699
7.75 303.6847 -1041.571 48889.125 -57549.8 5934.96 -63484.7 17433.33
7.76 289.03506 -1145.8051 48726.035 -58281.9 5648.66 -63930.5 17402.293
7.77 297.38185 -1241.7842 48686.605 -57818.2 5811.78 -63630 17406.34
7.78 292.7894 -918.9437 48486.454 -57934.1 5722.03 -63656.1 17367.578
7.79 304.46167 -759.92333 48389.849 -57751 5950.15 -63701.2 17403.594
7.8 303.41693 -411.92245 48461.378 -57367.5 5929.73 -63297.3 17455.34
7.81 294.89477 -839.46504 48596.45 -58056.5 5763.18 -63819.7 17484.566
7.82 297.43196 -617.90775 47965.662 -57803 5812.76 -63615.8 17329.8
7.83 289.90732 -640.10664 48659.184 -58257.9 5665.71 -63923.6 17483.29
7.84 293.25742 -869.42357 48563.391 -58058.4 5731.18 -63789.5 17494.883
7.85 301.00687 -647.74796 48262.245 -57780.4 5882.63 -63663 17444.398
7.86 290.36103 -832.7344 48442.75 -57805.9 5674.57 -63480.5 17488.543
7.87 294.11531 -1207.495 48676.984 -58288.6 5747.94 -64036.5 17564.349
7.88 293.27407 -1034.1763 48455.068 -57912.7 5731.5 -63644.2 17537.346
7.89 290.79381 -763.14372 48275.146 -57705.8 5683.03 -63388.8 17520.26
7.9 297.40345 -907.69386 48551.667 -57991.6 5812.21 -63803.8 17615.847
7.91 297.971 -1213.223 48802.731 -57676.2 5823.3 -63499.5 17680.836
7.92 286.82133 -1069.2859 48117.652 -58138.8 5605.4 -63744.2 17531.015
7.93 296.40467 -546.71398 48137.17 -57764.8 5792.69 -63557.5 17558.005
7.94 291.41856 -1590.831 48716.523 -57981 5695.24 -63676.2 17732.682
7.95 292.80174 -1016.8762 48535.815 -58030.7 5722.27 -63753 17721.729
7.96 290.83511 -686.80052 49010.329 -57948.6 5683.84 -63632.4 17833.964
7.97 293.35263 -1395.8061 48956.376 -57635 5733.04 -63368.1 17811.879
7.98 290.44574 -1017.7167 48785.947 -58262.9 5676.23 -63939.1 17770.802
7.99 294.13419 -1162.4337 48233.034 -57765.5 5748.31 -63513.8 17655.512
8 289.42765 -1585.5818 48410.027 -58152.8 5656.33 -63809.1 17719.07
8.01 311.44033 -1198.6953 48823.295 -57621.9 6086.53 -63708.5 17843.417
8.02 300.93925 -852.21048 48756.637 -57859.9 5881.31 -63741.2 17857.003
8.03 301.87554 -923.79268 48527.391 -57844.6 5899.6 -63744.2 17828.646
8.04 297.38467 -788.69971 48360.444 -57955.5 5811.84 -63767.3 17813.369
8.05 292.26523 -377.65852 48489.248 -58059.5 5711.79 -63771.3 17864.793
8.06 286.66403 -1248.6434 48359.998 -57877.4 5602.32 -63479.8 17881.543
8.07 292.86534 -1141.9312 48909.597 -58167.8 5723.52 -63891.3 18019.916
8.08 297.83017 -545.90737 48440.607 -57845.3 5820.55 -63665.8 17938.055
8.09 296.65016 -1847.0961 48397.42 -57853.4 5797.48 -63650.9 17950.891
8.1 297.60724 -829.9183 48240.35 -58041.4 5816.19 -63857.6 17927.93
8.11 289.36322 -492.35132 48830.634 -58118.9 5655.07 -63773.9 18129.492
8.12 283.53251 -1682.4926 48966.637 -58062.8 5541.12 -63603.9 18204.208
8.13 293.351 -1037.0893 48597.465 -58175.4 5733.01 -63908.4 18125.766
8.14 298.75139 -1077.6492 48305.384 -57939.6 5838.55 -63778.2 18085.593
8.15 287.16933 -574.32971 48299.369 -58113.7 5612.2 -63725.9 18076.565
8.16 296.83821 -732.13456 48472.471 -58389.3 5801.16 -64190.4 18139.125
8.17 305.52253 -1171.7285 48793.14 -57897.9 5970.88 -63868.7 18240.787
8.18 300.48875 -1164.795 48756.106 -57824.4 5872.5 -63696.9 18283.734
8.19 298.78102 -1343.5836 48922.69 -58000 5839.13 -63839.2 18359.447
8.2 292.41266 -827.56912 48145.368 -58005.9 5714.67 -63720.5 18187.328
8.21 290.27208 -1683.5058 49282.65 -57818.2 5672.84 -63491.1 18489.122
8.22 297.5564 -1657.7862 49009.347 -57931.3 5815.19 -63746.5 18426.783
8.23 293.39361 -798.22232 48613.101 -58162.3 5733.84 -63896.2 18367.237
8.24 288.12368 -1329.0365 48893.137 -57916.1 5630.85 -63546.9 18444.211
8.25 300.94919 -381.59858 48915.497 -57517.1 5881.5 -63398.6 18464.438
8.26 294.16417 -880.92664 48066.096 -57943.8 5748.9 -63692.7 18246.874
8.27 289.11806 -814.32496 48122.129 -57968.3 5650.28 -63618.5 18284.615
8.28 298.34237 -796.90171 48259.531 -57915.6 5830.56 -63746.1 18343.568
8.29 291.2838 -759.82381 48559.203 -58242.8 5692.61 -63935.4 18420.24
8.3 297.12773 -400.6965 48551.621 -57635.1 5806.82 -63441.9 18415.045
8.31 297.68154 -1211.0519 48354.614 -57968.2 5817.64 -63785.9 18409.883
8.32 305.7987 -865.54686 49129.766 -57897.8 5976.28 -63874 18660.961
8.33 294.49955 -1320.8782 48467.221 -57821.9 5755.45 -63577.4 18500.44
8.34 297.49214 -1043.0739 48833.104 -58059.2 5813.94 -63873.1 18616.335
8.35 285.7465 -1144.6025 48399.911 -58184.9 5584.39 -63769.2 18518.442
8.36 295.12611 -905.58554 48371.378 -58017.6 5767.7 -63785.3 18504.418
8.37 299.35085 -1334.0756 48530.895 -57857.8 5850.26 -63708.1 18564.526
8.38 308.56587 -1428.8571 48384.793 -57506.6 6030.35 -63536.9 18625.4
8.39 306.63066 -915.16657 48643.667 -57518 5992.53 -63510.5 18737.684
8.4 293.10442 -765.55605 48696.246 -58098.4 5728.19 -63826.6 18760.357
8.41 294.16903 -1074.3571 48758.992 -57876.8 5749 -63625.8 18810.45
8.42 293.13403 -1156.736 48380.804 -58231.7 5728.77 -63960.5 18717.418
8.43 304.85093 -1027.2779 48697.712 -57661.6 5957.75 -63619.3 18832.787
8.44 296.91621 -743.75826 48176.418 -57829.1 5802.68 -63631.8 18739.465
8.45 290.62791 -1409.9279 48697.416 -58060.1 5679.79 -63739.9 18896.821
8.46 304.44837 -1065.953 48954.014 -57559 5949.89 -63508.9 18983.816
8.47 291.20246 -1506.1294 48526.817 -58085.5 5691.02 -63776.5 18929.537
8.48 303.97793 -517.48321 48801.132 -57755.9 5940.69 -63696.6 19018.627
8.49 282.28187 -5.8076102 48390.665 -58229 5516.68 -63745.7 18954.182
8.5 283.67679 -1179.7662 48929.087 -58114.9 5543.94 -63658.9 19107.046
8.51 301.74263 -2001.168 48898.243 -57675.8 5897.01 -63572.8 19131.824
8.52 293.73382 -844.83465 48226.986 -57894.2 5740.49 -63634.7 18988.839
8.53 302.84249 -1352.2935 48296.312 -57590.1 5918.5 -63508.6 19056.847
8.54 302.7694 -657.96744 48459.571 -57613.6 5917.07 -63530.7 19112.292
8.55 293.78321 -1242.5863 48223.424 -58086.2 5741.45 -63827.6 19087.798
8.56 303.77658 -860.71676 48748.018 -57848.9 5936.76 -63785.6 19237.014
8.57 295.33995 -822.19706 48478.808 -58169.1 5771.88 -63941 19194.813
8.58 289.67033 -1491.3799 49031.445 -57845.7 5661.08 -63506.7 19370.843
8.59 292.5495 -530.73128 47889.048 -58118 5717.34 -63835.4 19080.028
8.6 305.82747 -551.32795 48668.162 -57878.9 5976.84 -63855.7 19321.219
8.61 291.79104 -869.58711 48429.721 -58211.3 5702.52 -63913.8 19239.507
8.62 288.3858 -401.67816 48620.262 -57811 5635.97 -63447 19326.981
8.63 298.83229 -438.48905 48139.391 -57968.8 5840.13 -63809 19224.07
8.64 298.20108 -1510.2417 48772.184 -57562.2 5827.79 -63390 19419.103
8.65 285.99545 -507.35854 48661.029 -57915 5589.26 -63504.3 19388.947
8.66 298.01309 -934.25679 48683.008 -57528.2 5824.12 -63352.3 19453.322
8.67 304.25431 -936.9578 48735.642 -57938.7 5946.09 -63884.8 19482.003
8.68 293.05471 -1179.6683 48854.688 -57658.5 5727.22 -63385.7 19551.528
8.69 302.06139 -257.52099 48714.347 -57659.5 5903.24 -63562.7 19528.12
8.7 292.64513 -768.38769 48334.932 -57913.3 5719.21 -63632.5 19447.112
8.71 291.58264 -1065.1175 49006.555 -58029.5 5698.45 -63728 19651.915
8.72 303.16024 -1128.0496 49259.361 -57904.7 5924.71 -63829.5 19723.829
8.73 303.57593 -1366.6247 48532.832 -57317.2 5932.84 -63250.1 19578.774
8.74 299.34427 -1318.6395 48778.737 -57868.5 5850.14 -63718.6 19667.284
8.75 291.20248 -1464.7009 48763.89 -58056.8 5691.02 -63747.8 19701.825
8.76 306.84815 -1304.6536 48654.356 -57966.5 5996.78 -63963.3 19672.359
8.77 299.66902 -811.8226 48605.765 -57741.5 5856.48 -63598 19686.801
8.78 293.54725 -847.05496 48502.762 -58033.4 5736.84 -63770.3 19686.318
8.79 307.13204 -564.62291 48657.093 -57536.5 6002.33 -63538.8 19762.37
8.8 286.84418 -1387.8395 48872.909 -57864.7 5605.84 -63470.6 19823.637
8.81 291.96183 70.050488 48459.562 -58017.2 5705.86 -63723 19706.557
8.82 287.9914 -1530.8633 48839.453 -58160.1 5628.26 -63788.3 19815.856
8.83 302.29254 -312.97942 49005.645 -57970.3 5907.75 -63878 19872.533
8.84 306.20567 -673.30444 48754.155 -57341.8 5984.23 -63326.1 19841.233
8.85 286.80761 -1230.4983 47887.328 -57988 5605.13 -63593.2 19632.586
8.86 291.52269 -1087.2293 48508.084 -57857.2 5697.28 -63554.5 19832.299
8.87 296.68864 -1972.2736 48697.949 -57875.1 5798.24 -63673.3 19903.835
8.88 302.59076 -1436.8139 48613.732 -58067 5913.58 -63980.6 19890.798
8.89 286.94439 -1038.2196 48311.111 -58010.6 5607.8 -63618.4 19855.269
8.9 294.02059 -983.19173 48371.25 -58134 5746.09 -63880.1 19851.881
8.91 293.16114 -819.63705 48364.733 -58013.8 5729.3 -63743.1 19889.203
8.92 301.59614 -657.02678 48329.936 -58076.1 5894.14 -63970.2 19907.42
8.93 294.91817 -1259.8332 49010.708 -57778.9 5763.64 -63542.6 20098.708
8.94 294.70893 -1368.7941 48548.908 -57803.3 5759.55 -63562.8 19997.852
8.95 296.60485 -691.26155 48217.037 -58168 5796.6 -63964.5 19929.257
8.96 294.42269 -736.84726 48288.59 -57779.8 5753.95 -63533.7 19980.37
8.97 294.01776 -786.28625 48409.942 -58116.4 5746.04 -63862.4 20047.524
8.98 291.08121 -935.59969 48340.809 -58091.6 5688.65 -63780.2 20027.51
8.99 296.05243 -1355.7883 48403.5 -57727.6 5785.8 -63513.4 20047.273
9 291.81933 -1259.0835 48531.227 -57712.5 5703.07 -63415.6 20103.722
9.01 299.56842 -23.491466 48615.756 -58130.9 5854.52 -63985.4 20154.037
9.02 300.74898 -1449.9891 48872.123 -57926.4 5877.59 -63804 20228.047
9.03 289.33133 -1116.9383 48530.184 -58108.4 5654.45 -63762.8 20135.02
9.04 298.21054 -1032.6683 48169.304 -57809.3 5827.98 -63637.3 20085.656
9.05 299.63689 -758.99313 48609.42 -57940.6 5855.85 -63796.5 20215.212
9.06 296.2121 -527.08918 48327.951 -57463 5788.92 -63251.9 20170.159
9.07 302.12337 -921.4109 48312.632 -57802.8 5904.45 -63707.3 20216.645
9.08 292.23315 -910.96311 48686.431 -58088.7 5711.16 -63799.9 20378.414
9.09 291.92774 -1067.6331 48764.855 -58117.9 5705.19 -63823.1 20431.561
9.1 302.21433 -1233.2495 48561.305 -57814.5 5906.23 -63720.8 20392.662
9.11 281.12223 -1110.9828 48326.985 -58365.5 5494.02 -63859.5 20401.023
9.12 296.4904 -634.2418 48132.665 -57904.8 5794.36 -63699.1 20376.07
9.13 292.89407 -990.17059 48911.235 -57762.1 5724.08 -63486.2 20634.748
9.14 305.71642 -944.04637 48313.927 -58137.1 5974.67 -64111.8 20491.014
9.15 301.93601 -873.62052 49086.04 -57586.2 5900.79 -63487 20736.446
9.16 304.62772 -509.4866 48634.425 -57643.5 5953.39 -63596.9 20653.846
9.17 294.98077 -900.52722 48488.775 -57965.4 5764.86 -63730.3 20582.951
9.18 295.00123 -1022.4574 48383.757 -58240.5 5765.26 -64005.8 20608.612
9.19 299.31202 -1233.7373 48886.68 -57927.2 5849.51 -63776.7 20771.598
9.2 298.99717 -1098.3966 48334.234 -57562.4 5843.35 -63405.7 20615.498
9.21 290.6114 -652.76469 48703.501 -57892.3 5679.47 -63571.7 20721.735
9.22 300.27691 -1352.1056 48407.17 -57580.2 5868.36 -63448.6 20619.392
9.23 292.98617 -977.50283 48874.891 -58202 5725.88 -63927.9 20775.376
9.24 299.43463 -1183.2981 48805.808 -57791.1 5851.9 -63643 20773.522
9.25 292.09989 -661.2717 48619.774 -58132 5708.56 -63840.5 20746.489
9.26 298.28067 -1284.4719 48754.545 -58176.8 5829.35 -64006.2 20807.921
9.27 309.5162 -984.17173 48125.552 -57842.6 6048.93 -63891.5 20667.616
9.28 300.67372 -1600.8753 48655.187 -58002.9 5876.12 -63879 20848.969
9.29 299.60141 -135.89587 48107.404 -58111.8 5855.16 -63967 20737.243
9.3 293.73839 -1149.1653 48465.24 -57756 5740.58 -63496.6 20857.942
9.31 292.30181 -451.38463 48164.261 -58059.4 5712.5 -63771.9 20779.422
9.32 301.91622 -1036.0711 48674.557 -57933.5 5900.4 -63833.9 20942.337
9.33 306.50999 -1493.586 48998.67 -57420.1 5990.18 -63410.3 21050.78
9.34 301.80109 -983.04204 48241.171 -57826.1 5898.15 -63724.3 20851.182
9.35 284.58204 -1443.7686 48881.434 -58312.8 5561.63 -63874.5 21061.361
9.36 292.21949 -475.61439 48489.99 -57981.8 5710.89 -63692.7 20979.995
9.37 304.48142 -862.11717 48599.854 -57807.7 5950.53 -63758.3 21048.209
9.38 301.49039 -1244.3581 48679.613 -57937.6 5892.08 -63829.6 21109.614
9.39 302.09548 -1930.3571 48701.139 -57685.4 5903.9 -63589.3 21157.497
9.4 304.06161 -677.15041 48048.177 -57803.1 5942.33 -63745.4 21001.449
9.41 299.69411 -996.54615 48431.574 -57859.7 5856.97 -63716.7 21129.687
9.42 297.08184 -893.47811 48559.667 -58090.4 5805.92 -63896.3 21235.143
9.43 301.95857 -1163.6159 48613.689 -57641.3 5901.23 -63542.5 21255.551
9.44 291.54351 -190.31763 48206.075 -58302.4 5697.68 -64000.1 21197.79
9.45 292.05512 -724.50602 48660.798 -57864.1 5707.68 -63571.7 21350.357
9.46 288.3653 -1206.7749 48924.458 -57821.4 5635.57 -63456.9 21429.746
9.47 290.39423 -1423.5631 49106.714 -57965.5 5675.22 -63640.7 21538.831
9.48 300.07146 -1159.8467 48709.705 -58193.7 5864.35 -64058.1 21459.001
9.49 300.96916 -1187.486 48463.66 -57775.2 5881.89 -63657.1 21412.934
9.5 297.13464 -1948.472 48660.939 -58214.3 5806.95 -64021.2 21518.722
9.51 289.29806 -1423.1955 49151.073 -57778.7 5653.8 -63432.5 21681.802
9.52 304.78396 -681.24104 48495.48 -57428.8 5956.44 -63385.3 21536.806
9.53 285.49134 -1602.7459 48785.726 -58084.8 5579.41 -63664.2 21645.986
9.54 293.97463 -1023.1543 48731.743 -57836.1 5745.2 -63581.3 21657.887
9.55 304.16412 -583.63132 48487.962 -57820.6 5944.33 -63765 21578.092
9.56 294.12793 -674.13901 48361.58 -58070.5 5748.19 -63818.7 21589.298
9.57 297.75547 -1283.9828 48565.657 -57956.9 5819.09 -63776 21666.739
9.58 300.77833 -666.77907 48613.087 -58045.5 5878.16 -63923.6 21731.169
9.59 296.3072 -1126.0975 48284.453 -57706.4 5790.78 -63497.2 21677.623
9.6 292.54345 -1204.8434 48166.381 -57841 5717.23 -63558.2 21655.202
9.61 303.59809 57.104659 48595.564 -57790.7 5933.27 -63724 21803.825
9.62 293.97086 -1009.6617 48561.989 -58265.4 5745.12 -64010.5 21774.583
9.63 302.426 -994.63524 48863.701 -57899.4 5910.36 -63809.8 21908.997
9.64 300.72035 -863.48794 48111.138 -57826.5 5877.03 -63703.6 21711.861
9.65 295.98169 -1246.3352 48736.922 -58151.6 5784.42 -63936 21903.237
9.66 300.25076 -741.83159 48680.844 -57854 5867.85 -63721.8 21920.407
9.67 291.70564 -635.93758 48220.091 -58124 5700.85 -63824.9 21822.032
9.68 293.31646 -997.07342 48764.588 -57774.8 5732.33 -63507.1 21999.524
9.69 290.89054 -1069.4594 48800.946 -57771.9 5684.92 -63456.8 22058.89
9.7 296.57287 -1131.9701 48593.781 -57582.9 5795.97 -63378.9 22022.932
9.71 297.66999 -1354.4005 49172.279 -58000.1 5817.41 -63817.5 22245.04
9.72 302.31758 -1124.4313 48517.304 -57700 5908.24 -63608.2 22051.411
9.73 292.68658 -935.98019 48625.519 -58112 5720.02 -63832 22084.559
9.74 288.32296 -796.31318 48671.969 -58132.7 5634.74 -63767.5 22088.933
9.75 288.07125 -130.97228 48412.329 -57986.3 5629.82 -63616.1 22046.486
9.76 310.15985 -499.32524 48536.536 -57749.5 6061.51 -63811 22125.081
9.77 298.02897 -602.99285 48305.351 -57857.2 5824.43 -63681.6 22084.721
9.78 296.23294 -1670.6095 48924.677 -57858.2 5789.33 -63647.5 22314.863
9.79 303.77119 -483.76937 48178.745 -57981.3 5936.65 -63917.9 22092.871
9.8 292.29665 -882.31079 48363.146 -57676.8 5712.4 -63389.2 22193.994
9.81 303.79861 -938.77533 48987.86 -57596.7 5937.19 -63533.9 22410.204
9.82 304.91874 -485.90288 48560.299 -57667 5959.08 -63626.1 22278.239
9.83 302.77072 -801.74758 48798.733 -57744.7 5917.1 -63661.8 22392.52
9.84 287.61439 -1251.6093 47944.021 -58067.2 5620.9 -63688.1 22142.741
9.85 310.12338 -620.82894 48349.65 -57511.6 6060.79 -63572.4 22309.972
9.86 289.7869 -1130.7377 48475.725 -57896 5663.35 -63559.4 22351.001
9.87 299.1202 -1305.4891 48657.126 -57653.2 5845.76 -63498.9 22442.503
9.88 296.99732 -1549.5397 49020.382 -58059.2 5804.27 -63863.5 22555.666
9.89 303.74338 -594.75369 48324.087 -57867.5 5936.11 -63803.6 22326.01
9.9 299.08678 -1427.7089 48721.249 -57628.4 5845.1 -63473.5 22443.608
9.91 295.73179 -546.93418 48639.128 -58075.8 5779.54 -63855.3 22428.397
9.92 302.99023 -1448.429 48793.37 -57740.4 5921.39 -63661.8 22512.602
9.93 297.19133 -1364.5502 48621.571 -57723.8 5808.06 -63531.8 22458.958
9.94 298.37428 -182.84252 48266.766 -58139.7 5831.18 -63970.9 22384.008
9.95 295.68385 -809.98081 48668.052 -57856.9 5778.6 -63635.5 22523.383
9.96 289.88257 -523.83537 48680.507 -57874.4 5665.22 -63539.7 22560.972
9.97 283.8914 -792.94543 48676.136 -58058.1 5548.14 -63606.2 22589.549
9.98 299.00168 -1424.4087 48586.657 -57747.3 5843.44 -63590.7 22610.106
