0 288.01033 168.57618 49669.665 -62577.1 5675.33 -68252.4 10.20154
0.01 283.31072 -280.44176 49343.637 -62820.9 5582.72 -68403.6 21.764804
0.02 291.8846 -357.9594 49718.565 -63153.2 5751.67 -68904.9 32.243688
0.03 293.57787 286.29969 49634.278 -63189.8 5785.04 -68974.9 38.472911
0.04 280.32637 -320.05916 49778.913 -63177.2 5523.92 -68701.1 45.427768
0.05 280.92734 -740.67162 49846.456 -63241.2 5535.76 -68777 56.509909
0.06 290.95904 -89.175836 49641.106 -63136.2 5733.44 -68869.7 63.983109
0.07 280.22965 578.62015 49273.694 -63048.7 5522.01 -68570.7 71.77286
0.08 285.33692 40.922702 49753.227 -63511 5622.65 -69133.6 78.607024
0.09 295.74572 99.608499 49947.112 -63713.4 5827.76 -69541.2 85.946759
0.1 283.26494 -573.34836 49642.883 -63611.4 5581.82 -69193.2 93.350899
0.11 300.24983 48.882346 49880.892 -63208.7 5916.51 -69125.2 98.669261
0.12 283.18842 -212.59817 49759.132 -63850.2 5580.31 -69430.5 104.04535
0.13 285.69175 372.6034 49327.058 -63817.7 5629.64 -69447.3 110.46854
0.14 291.78928 0.63746343 49928.02 -64083.5 5749.8 -69833.3 116.03062
0.15 285.16989 282.49467 50022.286 -63822.1 5619.36 -69441.5 123.73269
0.16 295.72601 29.090075 49770.246 -63612 5827.37 -69439.3 125.45657
0.17 295.02582 -9.8507633 50081.809 -63947.6 5813.57 -69761.1 132.62173
0.18 284.63358 32.141681 50163.118 -64038.4 5608.79 -69647.2 135.81327
0.19 288.45683 761.13192 49494.59 -64238.7 5684.13 -69922.8 138.33175
0.2 289.67275 -253.68191 50009.898 -64301.9 5708.09 -70010 143.39682
0.21 285.31802 -397.00356 49940.275 -64183.2 5622.28 -69805.5 148.20053
0.22 277.73445 0.15650939 50057.513 -64272.1 5472.84 -69744.9 153.03476
0.23 297.21157 8.964394 50045.577 -63815.2 5856.64 -69671.8 158.97825
0.24 291.58832 117.14245 50033.459 -64075.7 5745.84 -69821.5 163.8788
0.25 298.71992 14.576036 49851.614 -63977.4 5886.37 -69863.8 166.41117
0.26 285.01258 -29.037574 50258.419 -64185.1 5616.26 -69801.3 173.58641
0.27 286.789 268.97711 49841.953 -64105.2 5651.26 -69756.5 176.29411
0.28 286.27856 -108.21684 50071.79 -64571.9 5641.21 -70213.1 182.85906
0.29 284.33853 -356.05044 50030.126 -64273.4 5602.98 -69876.4 186.40848
0.3 297.96523 -173.40439 50022.999 -64265.2 5871.49 -70136.7 190.43469
0.31 297.35038 18.763124 50104.689 -64077 5859.38 -69936.4 192.3059
0.32 293.09727 -410.30864 50222.896 -64641.7 5775.57 -70417.3 196.93502
0.33 284.01821 -252.94877 50510.907 -65143.5 5596.66 -70740.2 200.5442
0.34 283.7907 -161.27682 50483.399 -65763.3 5592.18 -71355.5 200.47691
0.35 291.48017 -189.88152 50427.867 -65377 5743.7 -71120.7 202.70113
0.36 295.13614 -123.92515 50313.327 -65104.5 5815.75 -70920.3 203.56621
0.37 292.43438 -73.777857 50321.427 -64763.5 5762.51 -70526 205.59765
0.38 285.80192 -29.517858 50267.923 -65235.4 5631.81 -70867.3 211.042
0.39 286.98449 -16.322061 50312.204 -64854.7 5655.12 -70509.8 215.58682
0.4 279.58928 453.0785 50155.561 -65218.9 5509.39 -70728.3 219.47848
0.41 285.18703 71.234855 50378.803 -64802.6 5619.7 -70422.3 223.32789
0.42 296.83411 263.90149 50372.121 -65143.2 5849.21 -70992.4 226.02025
0.43 300.77145 648.82068 49990.218 -65077.2 5926.79 -71004 227.24534
0.44 286.43233 -294.9746 50517.314 -65316.4 5644.24 -70960.6 232.65802
0.45 292.33522 79.688948 50271.466 -64831.2 5760.55 -70591.8 235.10258
0.46 279.97512 12.131713 50019.481 -64960.9 5516.99 -70477.9 235.06065
0.47 285.87558 -22.994848 50317.881 -64868.8 5633.26 -70502.1 236.51597
0.48 286.72101 -289.20115 50472.864 -65069.2 5649.92 -70719.1 241.3768
0.49 299.51126 -273.7558 50274.135 -64788.5 5901.96 -70690.5 246.23145
0.5 282.06186 -97.933657 50153.757 -65042.6 5558.11 -70600.7 249.74751
0.51 297.14191 -154.29985 50553.199 -64459.3 5855.27 -70314.6 253.97205
0.52 299.22204 -98.455454 50499.806 -64769.3 5896.26 -70665.6 255.6905
0.53 275.86912 169.69098 50025.333 -65261 5436.08 -70697.1 250.97351
0.54 297.30296 -21.548242 50457.901 -65047.7 5858.44 -70906.1 256.64407
0.55 295.25781 121.17486 50417.921 -65732.7 5818.14 -71550.9 259.60281
0.56 285.39125 196.95846 50404.767 -65402.7 5623.72 -71026.4 260.84925
0.57 284.89069 759.05822 50269.024 -66036.2 5613.86 -71650 262.96477
0.58 280.2119 -649.77961 50703.173 -65874.2 5521.66 -71395.9 264.13783
0.59 285.65282 103.40123 50635.38 -66080.4 5628.87 -71709.2 266.24133
0.6 290.80236 -784.37248 50953.967 -66392.4 5730.35 -72122.7 269.602
0.61 297.95376 -43.658121 50635.488 -66028.2 5871.27 -71899.5 269.49912
0.62 294.37114 632.7245 50617.39 -66668.7 5800.67 -72469.4 271.04694
0.63 286.03911 -299.35114 51056.188 -67403 5636.49 -73039.5 272.52645
0.64 283.48425 -77.135443 50884.564 -67571.3 5586.14 -73157.5 271.48019
0.65 283.94084 209.6528 50922.758 -67528.9 5595.14 -73124 272.17674
0.66 288.36993 274.82588 51018.107 -67412.1 5682.42 -73094.5 272.43085
0.67 288.30047 -241.67726 51346.378 -67693.7 5681.05 -73374.8 274.36077
0.68 289.61197 342.17347 51072.813 -67444.7 5706.89 -73151.6 273.82974
0.69 295.72261 -339.57072 51466.306 -67755.5 5827.3 -73582.8 274.86288
0.7 297.94259 147.63699 51360.723 -67619.7 5871.05 -73490.8 274.90882
0.71 284.88227 330.73827 51129.43 -67763 5613.69 -73376.7 274.16847
0.72 296.45556 102.80002 51160.565 -67533.1 5841.75 -73374.9 274.00349
0.73 277.1049 -448.64436 51413.297 -67977.4 5460.44 -73437.8 274.87514
0.74 284.62259 -43.488294 51276.442 -67772.4 5608.57 -73381 274.23441
0.75 285.11129 201.15206 51214.556 -67956.7 5618.2 -73574.9 274.27028
0.76 291.38502 -359.92877 51507.764 -67730.2 5741.83 -73472 275.55364
0.77 286.33082 -515.44638 51491.859 -68123.3 5642.23 -73765.5 275.45018
0.78 287.10398 77.67518 51384.656 -67695.8 5657.47 -73353.3 275.01495
0.79 288.96994 33.564002 51346.539 -67677.7 5694.24 -73371.9 274.56303
0.8 289.80781 -284.29118 51536.568 -67713.8 5710.75 -73424.5 275.76066
0.81 290.76125 430.62148 51256.683 -67671.7 5729.54 -73401.2 274.69435
0.82 279.95783 -572.71615 51697.808 -68107.6 5516.65 -73624.2 276.13715
0.83 290.80887 -315.26595 51533.974 -67743.2 5730.48 -73473.7 275.12977
0.84 292.58772 -116.72641 51524.402 -68053 5765.53 -73818.5 275.69747
0.85 290.21291 143.13229 51378.644 -67914.3 5718.73 -73633 275.04039
0.86 298.40628 850.01658 51059.14 -67703.1 5880.19 -73583.3 273.88594
0.87 286.06079 260.83813 51311.731 -67912.7 5636.91 -73549.6 274.32631
0.88 294.0212 -252.64846 51490.764 -67919.7 5793.78 -73713.5 275.20262
0.89 285.74539 -277.66395 51585.757 -67999.3 5630.7 -73630 275.43675
0.9 289.13532 -312.91115 51564.326 -67750 5697.5 -73447.5 275.79898
0.91 283.45263 103.58183 51386.701 -68033.5 5585.52 -73619 275.05597
0.92 291.30967 -356.5503 51508.289 -67682.5 5740.34 -73422.8 275.63615
0.93 290.06313 312.72734 51250.769 -67797.9 5715.78 -73513.6 274.79295
0.94 295.77256 266.39167 51329.996 -67754.6 5828.29 -73582.9 274.82204
0.95 298.20207 -386.74229 51524.959 -67738.4 5876.16 -73614.6 276.08161
0.96 292.16931 59.287328 51353.358 -67688.7 5757.28 -73446 275.64963
0.97 278.32162 147.20853 51294.65 -68047.3 5484.41 -73531.7 275.32948
0.98 287.25529 -112.43415 51498.67 -67581.3 5660.45 -73241.7 276.834
0.99 286.99475 -81.465508 51414.057 -67562 5655.32 -73217.3 275.98504
1 288.76966 -131.38276 51323.223 -67840.8 5690.29 -73531.1 275.2904
1.01 299.91242 -324.78933 51493.591 -67520 5909.86 -73429.9 275.74549
1.02 291.82985 82.38075 51398.144 -67767.1 5750.6 -73517.7 276.00072
1.03 288.71365 -3.5149411 51472.194 -67745.4 5689.19 -73434.6 276.39112
1.04 293.61723 -193.09712 51525.007 -67909.5 5785.82 -73695.3 276.65445
1.05 297.78616 -92.101298 51439.65 -67793.6 5867.97 -73661.6 275.89318
1.06 291.14815 173.75647 51333.474 -67578.2 5737.16 -73315.4 275.54114
1.07 286.95123 -340.22515 51490.032 -68045.2 5654.46 -73699.7 275.45964
1.08 291.92227 240.40106 51286.387 -67894.2 5752.42 -73646.6 275.24612
1.09 292.93413 49.111814 51418.085 -67502.7 5772.36 -73275 275.88083
1.1 281.07432 121.64185 51281.076 -67936.2 5538.65 -73474.9 275.79367
1.11 299.07878 6.3174271 51370.222 -67575.7 5893.44 -73469.1 275.85357
1.12 290.57554 -54.232667 51417.225 -67987.1 5725.88 -73712.9 276.08253
1.13 286.84438 542.06377 51092.528 -67671.5 5652.35 -73323.8 275.16928
1.14 294.1945 -533.25412 51638.255 -67822.6 5797.19 -73619.7 277.16004
1.15 297.11668 114.08843 51344.2 -67580.2 5854.77 -73435 276.07389
1.16 296.30398 -119.95719 51362.898 -67620.2 5838.76 -73458.9 276.0544
1.17 289.55406 8.898821 51405.454 -67599.5 5705.75 -73305.2 275.71108
1.18 292.65081 255.35204 51246.491 -67973.4 5766.77 -73740.2 274.9467
1.19 283.75829 86.110502 51384.674 -67861.3 5591.54 -73452.9 275.74968
1.2 288.29867 -477.47975 51555.26 -67832.7 5681.01 -73513.7 276.62175
1.21 295.30236 -302.30404 51552.791 -67548.5 5819.02 -73367.5 276.46941
1.22 296.14701 386.88027 51269.624 -67991.2 5835.67 -73826.8 275.32616
1.23 290.14696 -107.89533 51575.592 -67830.3 5717.43 -73547.7 276.845
1.24 294.15603 133.62378 51402.687 -67786 5796.43 -73582.4 276.06251
1.25 278.6966 -196.50616 51507.339 -68076.1 5491.8 -73567.9 276.14617
1.26 295.01384 35.409487 51392.242 -67715.5 5813.34 -73528.8 275.38637
1.27 285.32594 416.33384 51282.615 -67855.1 5622.43 -73477.6 275.88468
1.28 299.42388 -71.346938 51523.796 -67446.7 5900.24 -73346.9 276.15922
1.29 289.26177 -87.620471 51533.136 -67943.5 5699.99 -73643.5 275.95608
1.3 291.88018 -309.70766 51521.679 -67567.8 5751.59 -73319.4 276.28586
1.31 290.64721 -671.14119 51749.415 -67735.8 5727.29 -73463.1 276.64434
1.32 286.16899 341.85174 51346.758 -67951.9 5639.05 -73591 275.54669
1.33 284.48803 212.77296 51370.804 -68024.9 5605.92 -73630.8 275.44248
1.34 289.89023 125.06897 51329.294 -68007.2 5712.37 -73719.5 274.83473
1.35 291.51728 -302.67109 51596.408 -67648.7 5744.44 -73393.1 275.98435
1.36 279.00441 -83.503004 51378.726 -68012.9 5497.87 -73510.8 274.8591
1.37 287.89144 -159.45115 51657.09 -67763.9 5672.99 -73436.9 276.41893
1.38 275.96524 173.21698 51299.638 -68116.6 5437.98 -73554.6 274.94865
1.39 295.25161 71.83001 51503.588 -67579.8 5818.02 -73397.8 275.84226
1.4 286.73387 -493.86283 51612.863 -67719.9 5650.18 -73370 276.27505
1.41 286.87419 -208.40184 51476.677 -67564.2 5652.94 -73217.2 275.88605
1.42 280.46671 426.32224 51201.13 -67956.3 5526.68 -73483 274.40341
1.43 290.80561 51.124606 51359.138 -67656 5730.41 -73386.4 275.40338
1.44 288.16992 81.497397 51408.735 -68004.8 5678.48 -73683.3 274.92756
1.45 294.04149 195.3338 51370.895 -67623.7 5794.18 -73417.9 275.1554
1.46 299.15009 20.063197 51390.912 -67783.6 5894.84 -73678.4 274.96003
1.47 289.21299 858.31335 51005.253 -67798.5 5699.03 -73497.5 273.8984
1.48 301.33968 -211.54954 51489.014 -67450.4 5937.99 -73388.4 275.60582
1.49 289.79264 138.47888 51316.358 -67817.6 5710.45 -73528 274.62688
1.5 289.29417 268.33514 51329.623 -67638.6 5700.63 -73339.2 275.10029
1.51 309.39932 174.63002 51338.579 -67600.1 6096.81 -73696.9 275.05341
1.52 284.07857 -549.74648 51626.621 -67796.4 5597.85 -73394.2 276.2118
1.53 290.0497 -130.04295 51504.511 -67782.6 5715.52 -73498.1 275.85006
1.54 288.29037 -37.632409 51519.526 -67761.7 5680.85 -73442.5 275.9343
1.55 289.85024 86.688758 51473.896 -67709.5 5711.59 -73421.1 275.97798
1.56 293.83309 131.91275 51438.604 -68045.1 5790.07 -73835.2 275.71672
1.57 304.58808 -445.81022 51705.948 -67629.5 6002 -73631.5 276.62748
1.58 277.08934 10.102983 51467.678 -68154.4 5460.13 -73614.5 275.76372
1.59 291.94551 48.261976 51467.208 -67822.7 5752.87 -73575.5 275.69556
1.6 290.60551 -81.173095 51471.183 -67718.8 5726.47 -73445.2 275.74402
1.61 292.19265 280.67492 51284.22 -67563.7 5757.74 -73321.5 274.7313
1.62 288.58139 -43.29403 51432.632 -67918.7 5686.58 -73605.2 275.64118
1.63 276.13345 295.53055 51253.731 -67993.8 5441.29 -73435.1 274.98476
1.64 281.12906 -176.55331 51560.774 -68040.4 5539.73 -73580.2 276.03611
1.65 287.59657 478.82253 51255.393 -67839.9 5667.18 -73507.1 275.02531
1.66 283.28772 -486.40193 51677.263 -67901.4 5582.27 -73483.6 276.27417
1.67 291.0113 159.76851 51452.565 -67551.2 5734.46 -73285.7 275.48787
1.68 281.2056 -930.22472 51870.601 -67933.3 5541.24 -73474.6 277.20089
1.69 290.86522 88.051473 51450.652 -67690.8 5731.59 -73422.4 275.44227
1.7 287.5107 7.7587538 51521.432 -67755.8 5665.48 -73421.3 276.25396
1.71 294.03875 -321.41694 51590.729 -67799.6 5794.12 -73593.8 275.41671
1.72 297.63834 95.097655 51422.81 -67986.5 5865.05 -73851.5 275.28003
1.73 289.46186 647.30499 51235.182 -67856.3 5703.93 -73560.3 274.97198
1.74 296.75011 76.290455 51396.285 -67642.1 5847.55 -73489.6 275.6516
1.75 289.92271 -249.55051 51562.055 -68051.1 5713.01 -73764.1 275.93881
1.76 306.03002 334.49209 51331.247 -67318.7 6030.41 -73349.1 275.45307
1.77 276.38565 -133.29306 51549.795 -68014.2 5446.26 -73460.4 276.21656
1.78 289.26035 388.88581 51394.072 -67778.8 5699.96 -73478.8 275.62141
1.79 293.39481 342.66717 51300.06 -67837.3 5781.43 -73618.8 274.8246
1.8 282.60619 237.3836 51267.018 -68064.7 5568.84 -73633.5 275.14995
1.81 287.03474 352.29471 51241.004 -67621.3 5656.11 -73277.4 274.88587
1.82 294.44842 242.07314 51327.098 -67860.9 5802.19 -73663.1 274.5933
1.83 288.19303 -198.16209 51532.504 -67796.6 5678.93 -73475.5 275.65154
1.84 299.04964 -305.13686 51562.768 -67606.6 5892.86 -73499.5 276.24113
1.85 294.62661 449.92204 51296.19 -67776.9 5805.71 -73582.6 275.12888
1.86 287.24908 -263.73335 51547.749 -67852.9 5660.33 -73513.3 276.16405
1.87 285.58962 297.99937 51293.998 -67842 5627.63 -73469.6 275.06722
1.88 293.51527 192.73193 51442.863 -67789.8 5783.81 -73573.7 276.31059
1.89 294.25452 -284.65914 51642.201 -67580.4 5798.37 -73378.8 275.717
1.9 282.2867 -326.04775 51667.662 -67950.2 5562.54 -73512.8 276.50077
1.91 294.09623 -183.19006 51552.984 -67561 5795.25 -73356.3 276.19791
1.92 289.14394 159.85047 51381.749 -67783.8 5697.67 -73481.4 275.28248
1.93 282.7071 268.46357 51243.488 -68087.8 5570.83 -73658.6 274.98987
1.94 296.19919 105.51247 51323.596 -67740.1 5836.69 -73576.8 275.06275
1.95 288.63359 -128.21351 51424.861 -68086.1 5687.61 -73773.8 275.85108
1.96 287.76237 -328.3043 51515.535 -67859.5 5670.44 -73529.9 276.07895
1.97 292.89848 110.24105 51350.849 -67784.4 5771.65 -73556.1 275.53245
1.98 292.16267 726.95538 51167.055 -67851.1 5757.15 -73608.2 275.11935
1.99 299.09643 272.16336 51369.607 -67559.2 5893.78 -73453 275.62963
2 282.29825 -251.76428 51570.86 -68030.2 5562.77 -73593 276.0451
2.01 296.74381 5.9291953 51402.113 -67693.9 5847.43 -73541.3 275.44094
2.02 280.82132 78.543831 51378.972 -68101 5533.67 -73634.6 275.1905
2.03 293.77198 87.502666 51423.449 -67629.2 5788.87 -73418.1 276.14478
2.04 282.47634 -292.96875 51576.55 -67880.9 5566.28 -73447.1 276.9353
2.05 288.52759 100.17464 51407.122 -67887.2 5685.52 -73572.7 276.07183
2.06 294.58959 500.55168 51159.682 -67750.8 5804.98 -73555.8 275.47639
2.07 292.8796 226.94015 51289.139 -68004.3 5771.28 -73775.6 275.83325
2.08 290.33247 397.17756 51248.552 -67734.1 5721.09 -73455.1 275.8373
2.09 278.57385 -313.1435 51463.111 -68166.9 5489.38 -73656.3 276.66987
2.1 295.37671 -30.549995 51525.952 -67652.8 5820.49 -73473.3 276.61872
2.11 292.38602 135.53547 51408.537 -67828.7 5761.55 -73590.3 276.85814
2.12 287.63701 -59.255829 51481.015 -67755.3 5667.97 -73423.3 276.66842
2.13 302.95084 158.32076 51400.78 -67560.4 5969.74 -73530.1 276.4106
2.14 293.40594 531.6084 51278.334 -67803.5 5781.65 -73585.2 276.13923
2.15 294.89557 -355.38416 51598.045 -67621.6 5811.01 -73432.6 276.7438
2.16 282.31261 807.7137 51034.607 -68038.3 5563.05 -73601.4 274.82773
2.17 297.87827 -274.53381 51620.716 -67825 5869.78 -73694.8 276.55461
2.18 285.0922 -189.65885 51446.374 -67939.1 5617.83 -73556.9 276.0942
2.19 287.65735 -59.496437 51528.583 -67602.3 5668.37 -73270.7 276.64516
2.2 279.97811 -160.34765 51528.916 -68097.2 5517.05 -73614.2 276.77731
2.21 289.82775 650.15336 51290.961 -67698.9 5711.14 -73410 276.09264
2.22 281.32384 134.80229 51290.479 -68044.7 5543.57 -73588.3 275.85033
2.23 293.11671 20.888852 51408.405 -67849.1 5775.95 -73625 276.15042
2.24 290.50762 689.7095 50994.707 -67876.5 5724.54 -73601.1 274.96938
2.25 290.83143 165.20641 51297.155 -67823.5 5730.92 -73554.5 275.51607
2.26 279.73906 234.28721 51158.969 -67774.4 5512.34 -73286.7 274.66989
2.27 279.90056 -26.224651 51315.052 -67910.3 5515.52 -73425.9 275.24727
2.28 288.64638 -298.04925 51527.201 -67766.9 5687.86 -73454.7 276.44842
2.29 278.92259 -155.58537 51448.812 -68012.7 5496.25 -73509 275.85237
2.3 286.66682 -255.95427 51467.81 -67757.7 5648.86 -73406.6 276.1877
2.31 285.83248 -486.89757 51657.219 -67909.3 5632.42 -73541.7 276.69972
2.32 291.90374 529.99692 51158.144 -67743.7 5752.05 -73495.7 275.48264
2.33 291.87103 8.7634512 51392.787 -67634.7 5751.41 -73386.1 275.72684
2.34 291.04359 -127.15653 51430.318 -67815.1 5735.1 -73550.2 276.02707
2.35 278.96563 69.497076 51320.86 -67936.4 5497.1 -73433.5 275.75829
2.36 296.09974 131.16714 51366.55 -67709.8 5834.73 -73544.6 276.01799
2.37 286.08091 -43.029032 51466.295 -67910.6 5637.31 -73547.9 275.99813
2.38 277.5577 345.77539 51306.358 -68228.4 5469.36 -73697.8 276.21538
2.39 283.54718 -277.61156 51628.948 -67612.6 5587.38 -73200 277.17727
2.4 291.18369 -350.07368 51597.949 -68058.6 5737.86 -73796.5 276.74761
2.41 294.4313 198.1235 51371.582 -67654.6 5801.86 -73456.4 276.46619
2.42 280.72947 21.379832 51433.029 -67996.8 5531.86 -73528.6 276.27476
2.43 293.69289 -23.420972 51442.442 -67715.7 5787.31 -73503 276.54555
2.44 286.55085 -232.61429 51482.353 -67833.7 5646.57 -73480.3 276.87426
2.45 282.15006 480.2387 51270.368 -67865.3 5559.85 -73425.1 275.90627
2.46 293.91808 59.48531 51473.216 -67661.6 5791.74 -73453.3 276.91117
2.47 279.68843 -20.707924 51488.76 -68216.7 5511.34 -73728 276.5606
2.48 293.9839 324.50679 51279.948 -67638.9 5793.04 -73431.9 276.26802
2.49 292.82443 255.82689 51391.163 -67403.1 5770.19 -73173.3 276.33171
2.5 292.2701 -246.886 51434.574 -67773.4 5759.27 -73532.6 276.53831
2.51 282.9813 163.81522 51298.179 -67788.6 5576.23 -73364.9 276.40873
2.52 276.22799 519.55637 51138.977 -68177.9 5443.16 -73621 276.23324
2.53 290.78419 -108.21399 51516.302 -67603.2 5729.99 -73333.2 276.51251
2.54 284.38979 -81.289051 51440.007 -67951.4 5603.99 -73555.4 276.28202
2.55 282.19748 -153.63598 51569.122 -67699.6 5560.79 -73260.4 276.66903
2.56 284.58805 92.691068 51390.56 -67939.2 5607.89 -73547.1 276.2309
2.57 292.97228 180.79902 51400.584 -67703.4 5773.11 -73476.5 276.23067
2.58 283.12198 305.63884 51214.545 -68006.1 5579 -73585.1 275.6478
2.59 293.45338 -89.799008 51512.986 -67874.9 5782.59 -73657.5 276.84964
2.6 288.40856 205.27569 51364.45 -67736.3 5683.18 -73419.5 276.32539
2.61 290.54516 108.62849 51436.163 -67993.2 5725.28 -73718.5 276.21183
2.62 290.94077 -124.82693 51433.67 -67866.5 5733.08 -73599.5 276.60518
2.63 281.75378 239.67855 51330.145 -68076.6 5552.04 -73628.7 276.19748
2.64 301.21293 -30.154534 51453.809 -67581.3 5935.49 -73516.8 276.18677
2.65 282.07606 175.84245 51230.405 -67828.5 5558.39 -73386.9 275.73708
2.66 294.96496 33.575218 51325.207 -67447.6 5812.37 -73260 275.76037
2.67 286.14663 -120.12433 51453.844 -67947.2 5638.61 -73585.8 275.80157
2.68 289.55341 83.77923 51441.357 -67502.8 5705.74 -73208.6 276.19705
2.69 289.51093 156.67088 51273.386 -67736.6 5704.9 -73441.5 276.02007
2.7 285.69057 76.880941 51322.448 -67939.6 5629.62 -73569.2 275.86759
2.71 291.23899 -210.6448 51340.966 -67839.3 5738.95 -73578.2 276.03449
2.72 291.71725 81.198411 51329.962 -67666.6 5748.38 -73414.9 276.07632
2.73 281.13267 -59.915255 51421.444 -68142.8 5539.8 -73682.6 276.29531
2.74 289.84951 529.12837 51140.213 -67749.5 5711.57 -73461.1 275.40409
2.75 290.68292 116.56006 51335.043 -68079.9 5727.99 -73807.9 275.97505
2.76 289.9269 310.80111 51120.568 -67924.3 5713.1 -73637.4 275.75069
2.77 294.06409 135.30576 51261.942 -67863.9 5794.62 -73658.5 276.2976
2.78 285.47627 444.0654 51100.97 -67678.6 5625.4 -73304 275.67385
2.79 290.65736 255.21988 51286.713 -67755.2 5727.49 -73482.7 276.45467
2.8 289.00095 -51.209594 51328.061 -67589.5 5694.85 -73284.4 276.56574
2.81 292.78321 -178.73878 51521.05 -67616.1 5769.38 -73385.5 277.10434
2.82 286.49691 158.13527 51211.118 -67623.9 5645.51 -73269.4 276.50434
2.83 291.56505 18.403336 51275.356 -67810.4 5745.38 -73555.8 276.96141
2.84 292.92378 -127.09017 51384.304 -67515.3 5772.15 -73287.5 277.09008
2.85 292.24083 -6.8754344 51398.289 -67803.9 5758.69 -73562.6 276.26514
2.86 300.67871 437.77399 51089.854 -67742.8 5924.96 -73667.8 275.4261
2.87 290.1514 165.05328 51296.492 -67594.3 5717.52 -73311.9 275.83643
2.88 282.08114 512.74067 51140.792 -67798.9 5558.49 -73357.4 275.7137
2.89 290.94531 299.62331 51281.051 -67769 5733.16 -73502.1 276.04647
2.9 292.30429 396.11733 51237.528 -67545 5759.94 -73305 275.80478
2.91 290.82447 -295.48354 51437.76 -67809.2 5730.78 -73540 276.78205
2.92 292.31335 113.52831 51245.233 -67882.2 5760.12 -73642.4 276.17019
2.93 296.02601 315.3882 51261.701 -67770.4 5833.28 -73603.7 276.31836
2.94 289.76685 521.0374 51208.001 -67714.9 5709.94 -73424.8 276.12369
2.95 285.34336 -46.722289 51278.648 -67683.9 5622.78 -73306.7 275.93859
2.96 297.46568 -105.89617 51402.618 -67598.8 5861.65 -73460.5 276.54629
2.97 289.54348 519.97964 51148.31 -67961.8 5705.54 -73667.4 275.41601
2.98 289.84728 42.349904 51343.559 -67675.8 5711.53 -73387.3 276.00314
2.99 280.49236 402.19072 51144.269 -67790.8 5527.19 -73318 275.58225
3 283.61227 125.30932 51293.44 -67951.2 5588.67 -73539.9 276.36673
3.01 283.55011 247.52808 51314.173 -67687 5587.44 -73274.5 276.30919
3.02 288.64301 -289.28445 51446.145 -68176.6 5687.8 -73864.4 276.39369
3.03 292.97351 265.84227 51361.721 -67651.8 5773.13 -73425 276.26133
3.04 285.62297 378.66502 51238.08 -67936.4 5628.29 -73564.7 275.59121
3.05 288.03029 -89.38148 51494.567 -67736.1 5675.72 -73411.9 276.63323
3.06 285.40768 466.20016 51212.451 -67992.6 5624.04 -73616.6 275.92388
3.07 284.63927 -87.779327 51378.198 -67743.3 5608.9 -73352.2 276.33593
3.08 289.03288 -161.04796 51548.235 -67931.9 5695.48 -73627.4 277.51046
3.09 291.72309 22.023417 51397.395 -67642.5 5748.49 -73391 276.53679
3.1 303.25715 -36.553379 51519.294 -67675.6 5975.77 -73651.4 277.24999
3.11 288.94657 194.41362 51385.798 -67960 5693.78 -73653.8 277.02893
3.12 289.83033 90.084599 51532.636 -67936.1 5711.19 -73647.3 277.65444
3.13 290.4512 51.106397 51314.298 -67919.5 5723.43 -73642.9 276.11323
3.14 286.65634 82.183611 51429.059 -67684.4 5648.65 -73333.1 276.94379
3.15 292.00767 333.71027 51244.098 -67861.3 5754.1 -73615.4 276.12886
3.16 295.23492 -92.695894 51411.826 -67442.5 5817.69 -73260.2 276.88744
3.17 292.02961 529.58741 51074.043 -67812.2 5754.53 -73566.7 275.65011
3.18 285.82109 67.425551 51308.159 -67978.5 5632.19 -73610.7 276.73397
3.19 284.75764 520.01706 51119.93 -67912.8 5611.23 -73524 275.91879
3.2 284.11027 -263.48475 51387.975 -67566.1 5598.48 -73164.6 276.77772
3.21 294.91845 -68.115762 51383.966 -67740.5 5811.46 -73551.9 276.77759
3.22 293.57939 3.8606644 51287.989 -67561.8 5785.07 -73346.9 276.67628
3.23 286.76279 107.95553 51280.355 -67797.4 5650.75 -73448.1 276.78937
3.24 286.74156 -510.6985 51691.615 -67695.3 5650.33 -73345.7 277.89863
3.25 290.756 274.33111 51282.374 -67749.6 5729.43 -73479.1 277.13527
3.26 276.59855 151.41716 51308.028 -68108.9 5450.46 -73559.3 276.47673
3.27 297.49809 237.69846 51250.638 -67743.6 5862.29 -73605.9 276.92566
3.28 288.32366 345.18289 51252.177 -67989.7 5681.5 -73671.2 276.76597
3.29 294.7987 -740.22958 51867.994 -67444.5 5809.1 -73253.6 278.60747
3.3 281.58331 -130.96976 51504.461 -67811.6 5548.68 -73360.3 277.7957
3.31 298.03689 710.81871 51007.667 -67869.2 5872.91 -73742.1 275.31089
3.32 293.32236 -185.79429 51515.413 -67947.4 5780.01 -73727.4 277.39229
3.33 292.32925 -584.80054 51724.95 -67584 5760.44 -73344.5 277.81794
3.34 285.4086 -78.438622 51454.567 -67867.3 5624.06 -73491.3 277.182
3.35 290.53068 -56.630195 51375.906 -67530.8 5724.99 -73255.8 276.3707
3.36 292.34529 -159.7346 51348.713 -67908.3 5760.75 -73669 276.46224
3.37 282.43004 574.48824 51126.808 -68127.9 5565.37 -73693.3 275.338
3.38 288.63241 -44.95256 51343.923 -67727.2 5687.59 -73414.8 276.18265
3.39 289.19474 -137.40395 51386.317 -68007.1 5698.67 -73705.8 276.65446
3.4 288.62961 203.36083 51257.784 -67677.3 5687.53 -73364.8 275.64528
3.41 283.44085 -285.58362 51507.938 -67623.1 5585.29 -73208.4 276.8562
3.42 286.55169 -146.36186 51426.258 -67844.2 5646.59 -73490.7 276.65562
3.43 293.81657 -440.91754 51686.569 -67575.4 5789.74 -73365.1 277.44759
3.44 287.58391 -300.01025 51487.16 -67989.7 5666.93 -73656.6 276.48773
3.45 301.40895 -51.944263 51486.539 -67354.6 5939.35 -73293.9 276.28307
3.46 285.957 361.70484 51193.359 -67901.1 5634.87 -73535.9 275.80777
3.47 299.46348 -19.717929 51451.813 -67516.7 5901.02 -73417.7 276.93959
3.48 286.56217 -290.04178 51562.295 -67879.7 5646.79 -73526.5 277.03697
3.49 292.71139 426.64569 51120.458 -67639.4 5767.97 -73407.4 275.59717
3.5 280.77857 -59.246466 51442.78 -68008.9 5532.83 -73541.7 276.92844
3.51 291.20849 62.43504 51300.332 -67388.2 5738.35 -73126.6 276.16864
3.52 290.72794 -274.03989 51492.793 -67968.4 5728.88 -73697.2 276.22623
3.53 295.70667 227.69204 51342.434 -67794.6 5826.99 -73621.5 276.15566
3.54 284.72511 -275.98503 51519.515 -68012.6 5610.59 -73623.2 276.79841
3.55 290.88302 -343.82281 51549.302 -67903.2 5731.94 -73635.1 276.23394
3.56 292.93021 -62.951629 51503.455 -67648.9 5772.28 -73421.2 276.76614
3.57 282.32266 -145.43418 51441.502 -67950 5563.25 -73513.3 276.09987
3.58 286.25281 -16.206907 51363.878 -67919.8 5640.7 -73560.5 275.41531
3.59 293.65569 88.910063 51343.494 -67701.6 5786.57 -73488.2 275.54455
3.6 292.8923 -73.070316 51427.252 -67907.5 5771.53 -73679 276.20476
3.61 284.81784 278.46533 51264.296 -68106.3 5612.42 -73718.7 275.37735
3.62 290.66005 -79.559697 51393.847 -67858.6 5727.54 -73586.1 275.93016
3.63 289.08518 47.648899 51356.089 -67849 5696.51 -73545.5 276.13975
3.64 285.24584 204.40132 51249.409 -67759.7 5620.86 -73380.5 275.20376
3.65 277.76446 -419.76829 51613.54 -68031.7 5473.43 -73505.1 276.47378
3.66 302.08289 685.25703 51145.315 -67636.2 5952.63 -73588.8 275.03364
3.67 286.95971 -25.892546 51413.82 -67776.4 5654.63 -73431 276.09774
3.68 294.76893 65.17289 51333.463 -67540.2 5808.51 -73348.7 275.99189
3.69 289.74887 241.50355 51290.497 -67818.5 5709.59 -73528.1 276.17994
3.7 282.97358 -321.22588 51531.202 -68048.9 5576.08 -73624.9 276.56648
3.71 295.62621 -67.867262 51530.356 -67784.8 5825.4 -73610.2 276.37766
3.72 285.23904 373.10602 51337.825 -67956.9 5620.72 -73577.6 275.67862
3.73 287.09421 -592.19066 51714.799 -68030.5 5657.28 -73687.8 277.39907
3.74 295.22692 359.44757 51315.165 -67722.6 5817.54 -73540.2 275.66702
3.75 301.13087 372.90633 51243.774 -67605.4 5933.87 -73539.2 275.37293
3.76 298.37887 -321.7743 51668.577 -67524.9 5879.65 -73404.5 277.19051
3.77 292.58042 -344.41955 51602.127 -67947.6 5765.39 -73713 276.4794
3.78 296.06325 -112.99525 51393.007 -67578.1 5834.02 -73412.1 276.31419
3.79 291.79706 490.28405 51178.102 -67809 5749.95 -73559 275.43945
3.8 283.46122 -164.71423 51606.04 -67794.3 5585.69 -73380 277.04677
3.81 287.171 -290.61871 51583.513 -67980.2 5658.79 -73639 276.88195
3.82 289.19665 -39.485407 51462.009 -67921.3 5698.71 -73620 276.17606
3.83 293.71849 -35.682838 51479.984 -67927 5787.81 -73714.9 275.93473
3.84 295.14575 -100.34783 51517.426 -67476.6 5815.94 -73292.5 276.71528
3.85 289.84945 139.75276 51401.317 -67852.3 5711.57 -73563.8 275.52074
3.86 291.89556 -515.24758 51726.303 -67624.7 5751.89 -73376.5 276.59357
3.87 285.9752 566.16619 51201.341 -67856.3 5635.23 -73491.6 275.25783
3.88 292.49505 -391.67088 51538.978 -67703.8 5763.7 -73467.5 276.62758
3.89 299.37225 -293.13015 51581.278 -67469.1 5899.22 -73368.3 276.3517
3.9 281.83845 270.01998 51349.916 -67917.9 5553.71 -73471.6 275.37411
3.91 306.64895 394.95923 51317.763 -67664.9 6042.61 -73707.5 275.68997
3.92 286.88152 187.49218 51364.238 -67954.3 5653.09 -73607.4 276.02638
3.93 286.52391 -192.80939 51467.03 -67995.2 5646.04 -73641.2 276.03955
3.94 296.44451 97.799566 51422.611 -67793.9 5841.53 -73635.5 276.44376
3.95 280.57237 -183.05084 51467.668 -68109.2 5528.76 -73637.9 276.19661
3.96 296.46229 -261.14985 51568.505 -67748.4 5841.88 -73590.3 276.86867
3.97 285.95274 97.0095 51412.989 -67871.3 5634.78 -73506 276.21884
3.98 299.81091 117.33528 51329.842 -67676.3 5907.86 -73584.2 275.79786
3.99 294.03631 -356.86523 51566.052 -67897.9 5794.07 -73691.9 276.67774
4 298.72076 83.048678 51351.546 -67734.3 5886.38 -73620.7 275.39368
4.01 279.40999 62.531927 51330.796 -68166.3 5505.86 -73672.1 276.1503
4.02 289.23669 519.71331 51193.886 -67701.5 5699.5 -73401 275.13899
4.03 290.7954 67.532001 51380.879 -67917.5 5730.21 -73647.7 275.86344
4.04 297.72105 -245.19299 51515.146 -67512.1 5866.68 -73378.8 276.38648
4.05 284.46122 -61.668059 51509.682 -67971.7 5605.39 -73577.1 276.67429
4.06 287.41455 -462.23891 51617.095 -68052 5663.59 -73715.6 276.59698
4.07 294.87605 231.83021 51338.682 -67737 5810.62 -73547.7 275.6337
4.08 281.58465 -111.08563 51552.079 -68147.9 5548.71 -73696.6 276.59164
4.09 287.68704 185.1033 51311.987 -67832.4 5668.96 -73501.4 275.51441
4.1 291.43297 22.200353 51359.21 -67761.7 5742.77 -73504.4 275.7744
4.11 275.13653 -31.038677 51396.554 -68030.4 5421.65 -73452.1 276.44059
4.12 289.51896 -25.849544 51425.552 -67862.2 5705.06 -73567.3 276.56025
4.13 295.63691 -36.097117 51399.344 -67763.7 5825.61 -73589.4 276.48658
4.14 298.46374 79.353211 51372.102 -67430.9 5881.32 -73312.2 277.12971
4.15 281.60186 112.36336 51353.036 -67971 5549.05 -73520.1 276.61435
4.16 283.6014 16.849071 51350.303 -67888.3 5588.45 -73476.7 276.32568
4.17 293.36817 -84.475235 51443.971 -67933.3 5780.91 -73714.2 276.73886
4.18 298.0916 198.00432 51358.535 -67618.2 5873.98 -73492.1 276.12932
4.19 284.27265 -340.10807 51590.11 -67908.6 5601.68 -73510.3 277.13367
4.2 292.07408 279.03071 51320.885 -67447.1 5755.41 -73202.5 276.17761
4.21 288.75811 150.57996 51341.946 -67755.7 5690.07 -73445.7 276.26086
4.22 278.42464 -648.36734 51589.018 -68185.9 5486.44 -73672.4 276.8344
4.23 302.74748 -369.24437 51581.827 -67589.1 5965.73 -73554.8 277.06249
4.24 281.4231 136.02717 51317.369 -67845.5 5545.53 -73391 276.07201
4.25 297.41313 409.2732 51121.594 -67491.6 5860.61 -73352.2 275.41503
4.26 289.86105 -7.6338734 51425.255 -67740.2 5711.8 -73452 276.50799
4.27 293.06855 -51.931573 51296.095 -67703.6 5775 -73478.6 275.52958
4.28 295.02305 434.96173 51174.973 -67744.4 5813.52 -73557.9 275.61858
4.29 287.95366 -98.313995 51373.441 -67844.6 5674.21 -73518.8 276.10013
4.3 286.28719 136.95424 51389.887 -67870.8 5641.38 -73512.2 276.01743
4.31 288.52379 689.06991 51217.925 -67803.7 5685.45 -73489.1 275.74478
4.32 286.97103 -374.29572 51684.724 -67893.4 5654.85 -73548.2 277.20869
4.33 292.32104 -216.39247 51597.001 -67869.9 5760.27 -73630.2 276.57419
4.34 286.13179 -158.63332 51564.214 -67753.4 5638.31 -73391.7 276.98909
4.35 285.11123 444.02874 51146.629 -68110.4 5618.2 -73728.6 275.55027
4.36 290.11204 -201.11268 51453.973 -67670.2 5716.74 -73386.9 276.19853
4.37 293.37373 552.44652 51164.304 -67572 5781.02 -73353 276.17168
4.38 278.09561 -187.80857 51367.207 -67831 5479.96 -73311 275.90814
4.39 286.65762 -512.61875 51585.816 -67735.2 5648.67 -73383.9 277.4973
4.4 276.73395 590.78999 51066.215 -67980.3 5453.13 -73433.4 275.21288
4.41 294.03457 480.95004 51072.148 -67747.7 5794.04 -73541.7 275.34036
4.42 292.42463 -68.235738 51385.103 -67404.3 5762.32 -73166.6 276.38498
4.43 286.59178 142.07213 51243.612 -67898 5647.38 -73545.3 276.0337
4.44 286.83353 -408.60587 51635.577 -68008 5652.14 -73660.2 277.84912
4.45 285.00165 -220.76428 51593.426 -67681 5616.04 -73297 277.50122
4.46 284.66286 330.66003 51251.728 -67946.6 5609.37 -73556 276.71706
4.47 286.00581 418.54562 51146.426 -67771.7 5635.83 -73407.6 276.02237
4.48 293.70945 -553.33469 51542.929 -67500.4 5787.63 -73288 277.19029
4.49 290.7886 138.88997 51255.708 -67886.1 5730.08 -73616.1 276.19258
4.5 289.65349 171.97645 51380.834 -67585.8 5707.71 -73293.5 276.96532
4.51 284.46081 -119.87571 51507.531 -67953.7 5605.39 -73559.1 276.76559
4.52 288.28368 -363.2029 51628.179 -67848.8 5680.72 -73529.5 278.03422
4.53 291.9816 -56.720625 51449.953 -67767.1 5753.59 -73520.7 276.98656
4.54 290.6493 -225.98969 51377.169 -67749.5 5727.33 -73476.8 276.8715
4.55 293.73812 231.98532 51243.019 -67885.9 5788.2 -73674.1 276.19194
4.56 297.05994 174.45082 51243.946 -67692 5853.66 -73545.7 276.05184
4.57 283.96385 882.04425 50829.043 -67768 5595.59 -73363.6 274.66124
4.58 289.89856 343.11772 51167.628 -67733.2 5712.54 -73445.8 275.98475
4.59 292.07767 -61.267006 51387.204 -67847.6 5755.48 -73603.1 276.38305
4.6 280.93225 110.74072 51296.589 -67947.3 5535.85 -73483.1 275.99598
4.61 279.66381 16.336317 51252.265 -67965.8 5510.86 -73476.7 276.13441
4.62 294.07563 -98.741523 51415.754 -67808.9 5794.85 -73603.7 276.42848
4.63 294.11066 349.65257 51166.819 -67524.4 5795.54 -73319.9 275.61088
4.64 299.30749 -89.726376 51377.613 -67841.6 5897.94 -73739.6 276.29291
4.65 286.39549 -488.40607 51590.193 -67798.9 5643.51 -73442.4 277.28915
4.66 282.37896 407.29589 51094.417 -68076.3 5564.36 -73640.7 275.23775
4.67 293.12316 282.36388 51174.601 -67709.1 5776.08 -73485.2 275.73093
4.68 278.25906 216.51632 51184.832 -67990.9 5483.18 -73474 275.97902
4.69 287.26259 -15.332011 51297.318 -67752.9 5660.6 -73413.5 275.75364
4.7 289.62528 -148.47526 51380.095 -67699.4 5707.15 -73406.6 276.21355
4.71 293.87539 109.61531 51302.384 -67852.8 5790.9 -73643.7 276.81733
4.72 284.42113 -40.806529 51336.305 -67780 5604.6 -73384.6 276.69718
4.73 289.89101 -104.21402 51417.876 -67835.6 5712.39 -73548 276.80884
4.74 298.16012 11.662425 51326.067 -67792.6 5875.33 -73667.9 276.4359
4.75 296.0907 129.24636 51293.87 -67573.7 5834.56 -73408.2 276.98346
4.76 299.73839 440.69886 51233.324 -67847.5 5906.44 -73753.9 276.0935
4.77 296.16708 6.404254 51405.797 -67522.1 5836.06 -73358.2 277.03178
4.78 279.40416 -21.602728 51333.137 -67869 5505.74 -73374.7 276.92425
4.79 289.63659 192.38132 51349.55 -67722.4 5707.38 -73429.7 277.07355
4.8 291.78301 -239.23132 51525.963 -67854.9 5749.67 -73604.6 277.60744
4.81 293.89496 410.40234 51146.3 -67638.9 5791.29 -73430.2 276.05479
4.82 286.41993 -35.545498 51432.817 -67848.5 5643.99 -73492.5 277.48456
4.83 284.36044 800.10445 51074.732 -67588.9 5603.41 -73192.3 275.7752
4.84 289.03761 113.05792 51286.001 -67672.9 5695.57 -73368.4 276.11987
4.85 290.2168 24.93838 51360.995 -67778.6 5718.81 -73497.4 276.41749
4.86 287.37182 36.577348 51386.521 -67685.7 5662.75 -73348.5 276.90369
4.87 289.74401 -130.0226 51409.9 -67937.9 5709.49 -73647.4 276.43673
4.88 287.59726 427.52054 51131.772 -67712.2 5667.19 -73379.4 275.70753
4.89 293.08133 610.21243 51054.741 -67662.4 5775.26 -73437.7 275.48219
4.9 289.46679 -475.66256 51459.803 -67803.6 5704.03 -73507.7 276.75154
4.91 296.034 103.11697 51243.579 -67433 5833.44 -73266.5 276.4556
4.92 290.63849 -189.92437 51429.113 -67793.1 5727.12 -73520.2 277.07494
4.93 291.32629 -30.870328 51374.629 -67591.4 5740.67 -73332 276.26207
4.94 283.8841 194.06064 51313.255 -67917.9 5594.02 -73511.9 276.62558
4.95 295.02623 -334.88015 51590.404 -67706.3 5813.58 -73519.9 277.63467
4.96 282.07134 -234.14733 51382.926 -68213.6 5558.3 -73771.9 276.71893
4.97 297.71397 212.22504 51303.736 -67752.9 5866.54 -73619.5 276.32736
4.98 297.05885 -12.784752 51395.619 -67419.7 5853.63 -73273.3 276.69004
4.99 286.5429 -18.46369 51382.612 -67854.4 5646.41 -73500.8 277.2577
5 294.41839 17.543076 51402.897 -67490 5801.6 -73291.6 277.00124
5.01 287.45802 -580.98018 51576.507 -67635.7 5664.45 -73300.1 277.4255
5.02 286.75724 53.699302 51407.782 -68167.3 5650.64 -73817.9 277.68718
5.03 289.80952 255.76292 51225.6 -67756.7 5710.78 -73467.5 276.79949
5.04 284.59949 86.973024 51264.37 -67999 5608.12 -73607.1 277.15266
5.05 293.5334 315.40504 51278.611 -67637.7 5784.16 -73421.8 276.97208
5.06 291.93673 1.4191046 51398.155 -67649.9 5752.7 -73402.6 277.16157
5.07 291.93137 213.95253 51338.063 -67811 5752.6 -73563.6 277.12853
5.08 296.43422 299.40563 51281.501 -67617.9 5841.33 -73459.2 276.7108
5.09 286.39743 -76.729618 51388.829 -67797.3 5643.55 -73440.9 277.08224
5.1 287.25601 223.02212 51167.94 -67734.4 5660.47 -73394.9 276.44417
5.11 286.73348 41.334909 51364.057 -67836.4 5650.17 -73486.5 276.884
5.12 297.06678 290.38162 51342.072 -67610.9 5853.79 -73464.7 276.96982
5.13 280.93346 336.43965 51294.558 -67912.3 5535.88 -73448.2 276.7974
5.14 291.94397 -293.38948 51596.472 -67701.4 5752.84 -73454.2 277.44971
5.15 282.65486 -121.22027 51392.515 -68140.2 5569.8 -73710 276.51938
5.16 303.2531 -126.43486 51533.179 -67650.6 5975.69 -73626.3 277.86725
5.17 293.19414 -291.45293 51536.029 -67970.9 5777.48 -73748.4 278.20941
5.18 292.04519 133.43104 51482.496 -67720.5 5754.84 -73475.3 277.68315
5.19 282.97852 -304.34465 51523.164 -68041.7 5576.18 -73617.9 277.60756
5.2 291.59158 -492.94245 51613.073 -67799.4 5745.9 -73545.3 277.72183
5.21 292.69302 117.35434 51377.383 -67552.3 5767.6 -73319.9 277.48497
5.22 284.76463 -220.36113 51523.209 -67959.3 5611.37 -73570.7 278.08889
5.23 286.46323 -178.20648 51491.962 -67810.6 5644.84 -73455.4 277.27181
5.24 296.39986 20.655265 51570.893 -67877.5 5840.65 -73718.1 277.83295
5.25 289.28979 -515.17136 51646.645 -67789.4 5700.54 -73490 278.04866
5.26 287.41896 -78.301183 51429.448 -67901.8 5663.68 -73565.5 276.73126
5.27 295.34248 -32.472726 51456.087 -67674.7 5819.81 -73494.5 277.23208
5.28 283.44838 67.182734 51311.094 -68087.4 5585.44 -73672.9 276.57184
5.29 290.01094 92.389737 51345.003 -67849.5 5714.75 -73564.2 276.88438
5.3 285.56764 361.5135 51237.883 -67908.6 5627.2 -73535.8 276.46485
5.31 289.02972 67.839598 51360.363 -68039.2 5695.42 -73734.7 276.42707
5.32 285.26287 262.06514 51307.31 -67657.7 5621.19 -73278.9 276.62782
5.33 288.4258 12.965951 51480.843 -68078.2 5683.52 -73761.8 277.25546
5.34 281.38614 -287.49017 51557.375 -67765.6 5544.8 -73310.4 277.55678
5.35 297.80698 -23.615229 51423.1 -67635.2 5868.38 -73503.6 277.02744
5.36 278.37663 137.07519 51364.111 -68002.2 5485.5 -73487.7 277.55732
5.37 289.272 -184.35549 51510.857 -67740.3 5700.19 -73440.5 277.10464
5.38 277.59576 66.201657 51378.342 -68118.5 5470.11 -73588.6 277.32321
5.39 291.8371 -206.33151 51391.647 -67758.3 5750.74 -73509 277.04553
5.4 280.41192 -461.8654 51546.776 -67945.9 5525.6 -73471.5 277.36256
5.41 294.08911 671.05239 51021.161 -67747 5795.11 -73542.1 275.45001
5.42 278.89937 764.74583 50871.929 -68079.7 5495.8 -73575.5 274.81134
5.43 291.0928 -16.277803 51248.919 -67920.4 5736.07 -73656.5 275.76519
5.44 292.15268 164.84565 51242.694 -67883.1 5756.96 -73640.1 276.27143
5.45 291.45363 280.3298 51295.991 -67746.2 5743.18 -73489.4 276.40061
5.46 283.28789 -131.7553 51474.691 -68037.9 5582.27 -73620.2 276.99684
5.47 295.78884 543.95571 51135.564 -67637 5828.61 -73465.6 276.44716
5.48 291.94459 -134.85254 51458.578 -67758.2 5752.86 -73511.1 277.47921
5.49 278.55051 244.50166 51255.273 -68134.4 5488.92 -73623.3 276.4898
5.5 285.65373 72.088789 51439.421 -67780.1 5628.89 -73409 277.45163
5.51 280.37561 395.41947 51097.169 -67918.2 5524.89 -73443.1 276.69195
5.52 289.07973 -197.29889 51420.407 -67941.7 5696.4 -73638.1 276.9231
5.53 284.03393 -206.85725 51362.009 -67596.1 5596.97 -73193.1 276.49009
5.54 290.34682 -185.03832 51370.522 -67835.1 5721.37 -73556.5 276.70594
5.55 286.69596 -564.50448 51510.552 -68038.3 5649.43 -73687.8 276.94303
5.56 290.04173 625.35493 50995.425 -67719.3 5715.36 -73434.7 275.32039
5.57 290.81147 239.79736 51253.395 -67911.4 5730.53 -73641.9 276.06687
5.58 294.92999 148.30822 51298.781 -67775.8 5811.68 -73587.5 276.49879
5.59 289.42782 114.23375 51281.243 -67900 5703.26 -73603.2 276.96722
5.6 299.77979 125.18965 51426.414 -67741 5907.25 -73648.2 277.03784
5.61 273.00032 424.93537 51149.957 -68281.5 5379.55 -73661.1 276.26724
5.62 289.03164 -248.16459 51458.174 -67657.7 5695.46 -73353.2 277.47113
5.63 285.59091 126.92297 51176.738 -68073.1 5627.65 -73700.7 276.39385
5.64 284.37481 -314.39679 51436.905 -67795.8 5603.69 -73399.5 277.72896
5.65 299.77306 571.49748 51075.392 -67437.4 5907.12 -73344.6 276.35787
5.66 290.33792 120.15791 51319.869 -67822.1 5721.2 -73543.3 277.48763
5.67 286.92187 353.73486 51203.067 -67773.8 5653.88 -73427.7 276.30229
5.68 298.43568 24.389737 51334.716 -67402.2 5880.76 -73282.9 277.01285
5.69 282.86649 315.83421 51180.067 -67989.6 5573.97 -73563.6 276.35355
5.7 294.14093 551.48882 51104.744 -68066.6 5796.14 -73862.8 276.3165
5.71 290.89023 -266.99026 51396.207 -67622 5732.08 -73354 277.07225
5.72 279.8251 -139.19501 51409.582 -67980.9 5514.04 -73495 277.04804
5.73 288.82697 -147.9175 51409.141 -67735.3 5691.42 -73426.7 276.65573
5.74 291.51859 -230.27069 51408.683 -67672.2 5744.46 -73416.6 277.02577
5.75 282.94831 136.93347 51262.886 -67975.7 5575.58 -73551.3 276.54664
5.76 290.25684 -62.851292 51478.636 -67829.7 5719.6 -73549.3 277.54238
5.77 288.68752 -389.52069 51520.675 -67943 5688.67 -73631.7 277.79664
5.78 296.24087 -243.83626 51565.765 -67658.5 5837.52 -73496 278.11112
5.79 281.70329 -290.27787 51504.598 -67936.3 5551.05 -73487.3 277.64573
5.8 287.84429 316.1388 51204.6 -67483 5672.06 -73155.1 276.74072
5.81 289.92127 -158.23039 51392.738 -67849.3 5712.99 -73562.3 276.79205
5.82 297.90971 376.43767 51173.046 -67565.2 5870.4 -73435.6 276.4358
5.83 293.79189 -101.06726 51424.862 -67925.3 5789.26 -73714.6 277.73568
5.84 289.45504 -149.10264 51463.742 -67641.5 5703.8 -73345.3 277.5233
5.85 293.83138 230.93259 51280.659 -67629.2 5790.04 -73419.3 276.73097
5.86 281.96754 421.23942 51119.533 -67999.4 5556.26 -73555.6 276.28502
5.87 301.86606 -62.208215 51437.191 -67597.5 5948.36 -73545.9 277.73196
5.88 294.61763 189.63952 51259.784 -67956.7 5805.53 -73762.2 276.94106
5.89 289.04896 317.86047 51161.991 -67663.1 5695.8 -73358.9 276.9461
5.9 293.83744 247.1382 51255.781 -67817.1 5790.16 -73607.3 277.00098
5.91 283.55024 -320.30086 51420.957 -67798.7 5587.44 -73386.1 277.64306
5.92 282.20618 -346.3603 51487.463 -67834.3 5560.96 -73395.2 277.86314
5.93 294.89023 -133.61458 51369.897 -67862.6 5810.9 -73673.5 277.4202
5.94 288.92107 -127.09882 51454.526 -67580.1 5693.28 -73273.4 277.9792
5.95 285.26674 -137.02973 51384.48 -67782.6 5621.27 -73403.9 277.62063
5.96 288.84269 82.279942 51299.909 -67795.1 5691.73 -73486.9 277.16103
5.97 290.238 -68.903835 51412.517 -67491.1 5719.23 -73210.3 277.21452
5.98 289.26385 68.830549 51328.022 -67676.2 5700.03 -73376.2 277.0668
5.99 279.73316 189.29364 51318.13 -68003.8 5512.23 -73516 277.38677
6 285.1059 -357.80659 51535.736 -67774 5618.1 -73392.1 277.95205
6.01 278.69889 -439.71036 51628.256 -68189.9 5491.85 -73681.7 277.62401
6.02 290.81999 -92.412831 51408.563 -67653 5730.7 -73383.7 277.88377
6.03 292.17937 199.13984 51350.399 -67698.4 5757.48 -73455.9 277.42057
6.04 286.74784 197.60217 51302.913 -67890.1 5650.45 -73540.6 276.85734
6.05 292.33947 264.82401 51382.603 -67605.2 5760.64 -73365.8 277.68379
6.06 288.10665 626.10455 51119.119 -67944 5677.23 -73621.2 276.86893
6.07 290.28902 -459.29821 51612.802 -67926.9 5720.23 -73647.2 278.64435
6.08 286.66737 -56.303248 51411.346 -67751.4 5648.87 -73400.3 277.27163
6.09 279.97461 212.69504 51366.155 -67915.1 5516.98 -73432.1 277.79965
6.1 298.33082 -576.43451 51653.091 -67602.9 5878.7 -73481.6 278.44293
6.11 290.99298 -290.34645 51519.038 -67728.5 5734.1 -73462.6 278.17504
6.12 287.52144 -59.928846 51477.619 -67721.8 5665.7 -73387.5 277.12022
6.13 291.89249 -199.9044 51532.287 -67629.9 5751.83 -73381.7 277.11015
6.14 288.54632 -30.739684 51451.981 -67666.9 5685.89 -73352.8 277.76221
6.15 292.86334 -190.12577 51462.325 -67679 5770.96 -73449.9 277.53864
6.16 281.49721 37.450398 51334.815 -68091.7 5546.99 -73638.7 277.35484
6.17 283.61516 81.549346 51424.164 -67691.8 5588.72 -73280.5 277.47736
6.18 292.00091 -323.6509 51537.651 -67828.5 5753.97 -73582.4 277.72045
6.19 285.12762 121.73347 51317.301 -67866.4 5618.53 -73484.9 276.8794
6.2 287.55038 95.55237 51346.063 -67842.8 5666.27 -73509.1 277.11933
6.21 284.29382 -80.825566 51455.736 -67661.4 5602.1 -73263.5 277.42873
6.22 296.31195 198.29486 51268.238 -67554.4 5838.92 -73393.4 276.86446
6.23 296.0065 99.675643 51290.933 -67755.6 5832.9 -73588.5 276.70709
6.24 280.20446 -217.06192 51487.991 -67679.9 5521.51 -73201.4 277.59982
6.25 299.67199 -271.16154 51504.052 -67658.1 5905.13 -73563.2 277.39535
6.26 279.51521 -3.7443658 51307.312 -68074 5507.93 -73581.9 276.70655
6.27 288.63617 762.98694 51040.119 -67677.6 5687.66 -73365.3 276.13658
6.28 286.77304 -214.74702 51438.516 -67975.5 5650.95 -73626.5 277.31752
6.29 291.59635 711.70718 50975.128 -67495.2 5745.99 -73241.2 276.31303
6.3 288.67855 264.23142 51222.921 -67858.4 5688.5 -73546.9 276.51631
6.31 284.29523 -220.59279 51400.512 -67721.7 5602.12 -73323.8 277.0837
6.32 286.81403 -561.81265 51613.118 -67935.5 5651.76 -73587.2 277.49942
6.33 278.57167 -150.08787 51380.79 -67974.4 5489.34 -73463.7 277.03998
6.34 306.88126 146.14838 51363.22 -67431.7 6047.19 -73478.9 276.89475
6.35 291.27989 -259.922 51427.55 -67879.2 5739.76 -73619 276.84654
6.36 288.26065 -293.18846 51490.427 -67529 5680.26 -73209.2 277.43591
6.37 291.0071 -232.03959 51469.179 -67703 5734.38 -73437.4 277.71303
6.38 283.64023 143.47262 51288.538 -68082.5 5589.22 -73671.7 276.7354
6.39 300.3243 -615.18372 51678.493 -67726.6 5917.98 -73644.6 278.76269
6.4 285.9444 -8.0067606 51476.142 -68029.2 5634.62 -73663.8 278.06569
6.41 298.02608 -218.93665 51512.105 -67565 5872.69 -73437.7 277.76811
6.42 296.67198 -651.67925 51745.035 -67783.2 5846.01 -73629.3 279.01977
6.43 292.15165 -238.79107 51372.812 -67830.8 5756.94 -73587.7 277.52803
6.44 297.2655 980.65285 51017.163 -67599.6 5857.71 -73457.3 276.34032
6.45 291.24844 -257.12516 51420.026 -67849.3 5739.14 -73588.5 277.68676
6.46 279.45309 713.5124 51123.657 -67944 5506.71 -73450.7 276.90416
6.47 295.90194 288.28412 51238.919 -67587.9 5830.84 -73418.8 276.80372
6.48 287.53901 349.07319 51197.883 -67876.1 5666.04 -73542.1 276.66255
6.49 296.62373 -360.32855 51550.144 -67770.1 5845.06 -73615.2 277.6622
6.5 280.8697 258.95062 51210.451 -68178.2 5534.62 -73712.9 276.77431
6.51 294.65084 85.412282 51242.842 -67726.6 5806.18 -73532.8 276.8054
6.52 293.04108 -218.9511 51426.866 -67746.9 5774.46 -73521.4 278.06312
6.53 292.73554 72.650435 51347.929 -67883.7 5768.44 -73652.1 277.64828
6.54 287.9707 95.810193 51297.702 -67795.1 5674.55 -73469.7 277.14599
6.55 286.5133 194.79575 51251.007 -68122 5645.83 -73767.8 277.34145
6.56 291.7355 76.867873 51424.417 -67578.6 5748.74 -73327.3 277.91487
6.57 285.39816 255.1725 51320.624 -67935.6 5623.86 -73559.5 277.20106
6.58 290.60751 -510.8447 51547.426 -67776.7 5726.51 -73503.2 277.84949
6.59 292.26138 139.45927 51271.08 -67575.9 5759.1 -73335 277.13252
6.6 293.49536 266.38682 51252.94 -67655.9 5783.41 -73439.3 277.14878
6.61 292.50236 -215.25706 51449.628 -67858.1 5763.85 -73621.9 277.76385
6.62 294.70695 -388.30681 51545.948 -67484.4 5807.29 -73291.7 278.27079
6.63 283.68909 -310.44083 51535.941 -67856.3 5590.18 -73446.5 278.37343
6.64 291.9838 -796.15946 51685.684 -67784.5 5753.63 -73538.1 278.70829
6.65 276.09484 -107.05675 51494.762 -68035.4 5440.53 -73475.9 278.72475
6.66 296.00741 582.30019 51278.055 -67828.3 5832.91 -73661.2 277.85767
6.67 292.73937 -150.11849 51533.353 -67930.8 5768.52 -73699.3 278.24827
6.68 285.59084 178.77577 51243.23 -67952.9 5627.65 -73580.5 277.3193
6.69 287.94273 -529.36381 51721.186 -67820 5674 -73494 279.60319
6.7 285.30865 583.84488 51109.885 -68012.6 5622.09 -73634.7 277.53388
6.71 294.03991 504.2825 51219.925 -67876.2 5794.14 -73670.3 277.55312
6.72 290.7608 -346.2736 51551.003 -67992.6 5729.53 -73722.2 278.78727
6.73 297.8551 170.83187 51290.24 -67487.8 5869.32 -73357.1 277.80837
6.74 291.32325 -259.05728 51569.29 -67890.2 5740.61 -73630.9 279.11247
6.75 298.25036 0.63132464 51423.287 -67611 5877.11 -73488.2 278.61615
6.76 282.30691 102.92164 51357.997 -68272.8 5562.94 -73835.7 278.39278
6.77 294.07515 -347.73408 51579.236 -67806.4 5794.84 -73601.2 278.91787
6.78 277.30827 -419.55035 51659.655 -68131.7 5464.44 -73596.2 279.57805
6.79 288.70725 451.58181 51213.913 -67871.1 5689.06 -73560.2 277.70339
6.8 294.20469 144.06632 51280 -67941.5 5797.39 -73738.9 277.51788
6.81 292.23346 -200.14382 51535.614 -67741.2 5758.55 -73499.7 279.05313
6.82 278.77719 198.61253 51210.254 -68207.5 5493.39 -73700.9 277.31626
6.83 294.10734 472.56265 51203.3 -67825.1 5795.47 -73620.6 277.72496
6.84 289.40089 214.72361 51166.129 -68015.8 5702.73 -73718.5 277.44907
6.85 296.24206 465.21042 51057.417 -67593.4 5837.54 -73430.9 277.18975
6.86 293.49567 430.82537 51295.264 -67925.9 5783.42 -73709.3 277.7993
6.87 288.74214 91.080643 51334.746 -67965.5 5689.75 -73655.2 278.47453
6.88 290.85074 -180.60198 51540.846 -67605.9 5731.3 -73337.2 278.69689
6.89 286.45963 -352.62384 51516.992 -67850.1 5644.77 -73494.9 278.63557
6.9 289.55048 699.84957 51048.221 -68117.9 5705.68 -73823.6 276.60137
6.91 285.27081 129.15895 51304.949 -67744.1 5621.35 -73365.5 277.74455
6.92 294.75744 643.41539 51078.147 -67796.3 5808.28 -73604.6 276.79035
6.93 288.26636 -354.44594 51546.662 -67514.9 5680.38 -73195.3 278.4819
6.94 289.11472 -251.48523 51485.854 -67704.8 5697.09 -73401.8 278.72063
6.95 285.11986 -51.409233 51306.068 -67642.7 5618.37 -73261 277.89841
6.96 290.49576 -231.34908 51453.073 -67723 5724.31 -73447.3 278.65156
6.97 285.5322 298.97865 51173.649 -67583.6 5626.5 -73210.1 277.33055
6.98 286.59091 -583.39654 51535.251 -67732.9 5647.36 -73380.2 278.98273
6.99 278.1767 -399.18954 51543.796 -67944.9 5481.56 -73426.5 278.42748
7 292.561 -398.0086 51492.117 -67568.9 5765 -73333.9 278.62509
7.01 293.02146 -490.1448 51613.122 -67852.2 5774.08 -73626.3 279.3275
7.02 302.85222 -83.144816 51413.242 -67495.4 5967.79 -73463.2 278.62728
7.03 286.48468 19.768026 51414.267 -67896.2 5645.27 -73541.5 278.85943
7.04 298.86123 -181.99089 51600.651 -67554.5 5889.15 -73443.6 279.19362
7.05 288.87247 -293.69655 51658.922 -67716.8 5692.32 -73409.1 278.78228
7.06 282.57906 425.90298 51131.923 -68043.2 5568.31 -73611.5 277.67506
7.07 292.97768 66.683192 51408.488 -67809.3 5773.21 -73582.5 278.24497
7.08 289.48299 48.464233 51409.655 -67823.8 5704.35 -73528.1 278.10474
7.09 285.72104 406.74221 51300.059 -68015.6 5630.22 -73645.8 277.71887
7.1 281.3965 -398.30892 51524.14 -67887.8 5545 -73432.8 278.84752
7.11 282.09728 -23.70297 51363.788 -67780.1 5558.81 -73338.9 277.78195
7.12 283.89526 -302.13009 51613.713 -67714 5594.24 -73308.2 278.36468
7.13 288.39883 381.52921 51259.11 -68140 5682.99 -73823 277.9801
7.14 295.6354 -79.255115 51569.157 -67775.3 5825.58 -73600.9 278.80888
7.15 284.41919 266.86457 51232.446 -67982.1 5604.57 -73586.7 277.50787
7.16 288.20063 -16.493998 51350.725 -67771.1 5679.08 -73450.1 278.59299
7.17 291.48522 -332.44549 51548.03 -67919.6 5743.8 -73663.4 278.56722
7.18 276.93317 578.80776 51048.011 -68145.7 5457.05 -73602.8 276.79953
7.19 296.81663 121.9062 51363.05 -67748.1 5848.86 -73596.9 277.6678
7.2 280.51206 551.90363 51244.176 -68167.9 5527.57 -73695.5 278.03621
7.21 291.16825 -111.57198 51416.807 -67903.6 5737.56 -73641.2 278.20589
7.22 303.21013 -22.821866 51490.554 -67361 5974.85 -73335.8 278.2139
7.23 277.96213 138.81288 51281.948 -67915.4 5477.33 -73392.7 278.35865
7.24 293.43273 499.07643 51095.615 -67771.8 5782.18 -73554 277.01335
7.25 283.43201 -206.91318 51495.84 -67759.6 5585.11 -73344.7 278.44881
7.26 294.34126 -72.944012 51392.179 -67642.4 5800.08 -73442.5 277.76142
7.27 293.42626 -64.23749 51455.239 -67908.4 5782.05 -73690.4 278.12777
7.28 295.48616 -245.84682 51439.629 -67462.9 5822.64 -73285.5 277.98014
7.29 291.04541 -133.34291 51335.208 -67642.7 5735.14 -73377.9 277.92884
7.3 276.83606 193.21204 51167.155 -68048.8 5455.14 -73503.9 277.43779
7.31 284.82632 -484.56432 51469.426 -67807.7 5612.59 -73420.3 278.43242
7.32 288.5914 196.08723 51264.083 -67790.8 5686.78 -73477.6 277.62932
7.33 284.09285 474.07051 51124.838 -67992.2 5598.14 -73590.4 277.59156
7.34 293.70809 -30.300614 51362.291 -67682.1 5787.61 -73469.7 278.47183
7.35 283.28839 91.508738 51286.46 -68059.4 5582.28 -73641.7 277.95903
7.36 281.44615 114.50447 51291.723 -67864.6 5545.98 -73410.6 277.80879
7.37 288.0374 -370.63499 51622.492 -67833 5675.86 -73508.9 279.14047
7.38 297.895 388.80438 51249.433 -67336.2 5870.11 -73206.3 278.17195
7.39 292.44161 -363.24789 51431.177 -67788.8 5762.65 -73551.5 279.04775
7.4 296.67532 83.280216 51414.575 -67565.8 5846.08 -73411.9 279.64811
7.41 280.75592 -491.62553 51507.412 -67913.9 5532.38 -73446.2 279.41153
7.42 281.2398 989.86102 50807.698 -67750.3 5541.91 -73292.2 277.46967
7.43 286.37036 249.08413 51110.812 -67710 5643.01 -73353.1 278.31783
7.44 279.37479 -358.21905 51598.822 -68152.9 5505.16 -73658.1 279.81068
7.45 285.91043 -298.49162 51485.912 -67732 5633.95 -73365.9 279.41649
7.46 282.04974 82.580995 51311.088 -67981.9 5557.87 -73539.8 278.44351
7.47 298.09903 -254.80818 51490.924 -67646.4 5874.13 -73520.5 279.05964
7.48 286.87952 -315.59448 51544.131 -68071.9 5653.05 -73724.9 279.63392
7.49 298.49812 226.72344 51305.917 -67696.7 5882 -73578.7 279.00183
7.5 282.80841 234.23765 51247.467 -68162.9 5572.82 -73735.7 278.36998
7.51 291.45141 -54.028391 51498.241 -67622.4 5743.14 -73365.5 279.94921
7.52 294.29715 -62.73825 51325.707 -67677.7 5799.21 -73476.9 278.86869
7.53 279.54344 -22.883702 51321.967 -68073.5 5508.49 -73582 279.14836
7.54 290.59058 -373.34228 51466.892 -67676.6 5726.17 -73402.8 279.1798
7.55 277.47495 -114.2545 51378.948 -67941.6 5467.73 -73409.4 279.3484
7.56 301.82069 -662.47445 51720.937 -67507.9 5947.47 -73455.4 280.42772
7.57 286.81421 267.60491 51339.963 -67990.2 5651.76 -73641.9 279.01312
7.58 281.78276 221.99576 51291.418 -67793 5552.61 -73345.6 278.89736
7.59 286.71109 176.65079 51238.073 -68048.8 5649.73 -73698.5 278.27715
7.6 301.66526 618.06911 51141.987 -67837.3 5944.4 -73781.7 278.42346
7.61 303.02001 551.05388 51120.543 -67521.2 5971.1 -73492.3 278.26134
7.62 292.58897 -793.80498 51687.951 -67910 5765.55 -73675.6 280.37469
7.63 286.97661 -440.94044 51603.399 -67773.1 5654.96 -73428.1 279.91812
7.64 285.24186 270.334 51254.992 -68093.8 5620.78 -73714.6 278.899
7.65 296.85954 394.1032 51280.485 -67585.4 5849.71 -73435.1 279.02464
7.66 289.60108 398.50266 51166.178 -67948 5706.68 -73654.7 278.43261
7.67 300.06613 112.08538 51340.332 -67594.8 5912.89 -73507.7 279.03299
7.68 283.56963 -27.998289 51352.877 -67663.2 5587.82 -73251 279.42397
7.69 296.25664 -371.41446 51498.213 -67641.1 5837.83 -73478.9 279.03254
7.7 284.65301 313.50245 51153.668 -67928.8 5609.17 -73538 278.09185
7.71 285.83676 -70.650729 51239.008 -67744.4 5632.5 -73376.9 278.43886
7.72 295.66465 -226.66357 51403.887 -67757.5 5826.16 -73583.7 278.69353
7.73 289.81042 -213.12508 51365.667 -67969.9 5710.8 -73680.7 279.22903
7.74 292.44024 93.115858 51293.5 -67710.1 5762.62 -73472.7 278.89454
7.75 297.12263 -62.986151 51406.1 -67582 5854.89 -73436.9 279.05984
7.76 293.93833 192.65117 51279.275 -67864.4 5792.14 -73656.6 278.93665
7.77 294.57409 -433.26015 51488.82 -67528.8 5804.67 -73333.5 279.77254
7.78 294.91921 -306.43063 51388.621 -67668.5 5811.47 -73479.9 279.45739
7.79 290.8261 138.76781 51333.337 -67744 5730.82 -73474.8 278.63543
7.8 296.16575 306.6943 51162.494 -67752 5836.04 -73588.1 278.62814
7.81 283.66442 -36.761944 51321.689 -67985.1 5589.69 -73574.8 279.0311
7.82 296.06823 -361.16616 51478.673 -67695.3 5834.11 -73529.4 279.99982
7.83 276.35143 -63.115677 51393.375 -68058 5445.59 -73503.6 280.04873
7.84 293.73365 43.132617 51317.183 -67701.6 5788.11 -73489.7 279.19008
7.85 306.67339 278.17582 51301.841 -67641.2 6043.09 -73684.2 279.08565
7.86 287.9649 -24.077548 51396.468 -67909.7 5674.43 -73584.2 279.62158
7.87 302.30245 507.82768 51298.45 -67448.5 5956.96 -73405.5 279.50913
7.88 291.4007 15.346707 51532.339 -67826.5 5742.14 -73568.6 280.64947
7.89 293.77317 -52.35197 51412.391 -67683.2 5788.89 -73472.1 279.92839
7.9 284.53246 -184.97003 51428.11 -68104.4 5606.8 -73711.2 279.77713
7.91 295.18847 -256.02415 51589.965 -67728.5 5816.78 -73545.2 280.38424
7.92 279.78956 109.9535 51436.014 -68195.9 5513.34 -73709.2 280.08389
7.93 290.89537 302.26512 51256.939 -67878.9 5732.18 -73611.1 279.55129
7.94 298.83182 434.78123 51209.312 -67715 5888.57 -73603.5 279.30706
7.95 291.03655 53.896204 51453.234 -67710.2 5734.96 -73445.1 280.4292
7.96 292.47597 -238.22087 51473.438 -67816 5763.33 -73579.3 279.97301
7.97 298.24932 286.24602 51360.924 -67360.8 5877.09 -73237.9 279.35388
7.98 287.25244 509.25357 51154.565 -67968.3 5660.4 -73628.7 279.18442
7.99 279.34842 -203.60276 51488.713 -68012.4 5504.64 -73517 280.31517
8 293.94465 -82.126783 51554.489 -67785.9 5792.27 -73578.2 280.30994
8.01 293.49801 -129.35703 51534.519 -67898.3 5783.47 -73681.8 280.11326
8.02 288.57281 18.352544 51504.502 -67866.5 5686.41 -73552.9 280.01504
8.03 279.79253 -163.03719 51492.486 -68109.3 5513.4 -73622.7 279.52366
8.04 297.3184 -425.42204 51600.04 -67723 5858.75 -73581.7 279.85083
8.05 283.99438 122.53806 51360.424 -68137 5596.19 -73733.2 279.17103
8.06 287.58408 209.13837 51361.637 -67778.1 5666.93 -73445 279.06284
8.07 294.14393 4.49042 51507.952 -67828.9 5796.19 -73625.1 279.72462
8.08 292.48315 -629.72294 51716.022 -67633.2 5763.47 -73396.6 280.44478
8.09 291.36906 -141.18113 51466.572 -67982.5 5741.51 -73724 279.9791
8.1 289.09265 -199.35274 51534.669 -67874 5696.66 -73570.6 279.99894
8.11 287.11689 -12.237362 51440.154 -67809.6 5657.72 -73467.3 279.81843
8.12 284.35185 241.33609 51153.252 -67844.9 5603.24 -73448.2 278.87382
8.13 288.46072 149.45853 51381.188 -67970.9 5684.21 -73655.1 279.31151
8.14 303.80219 122.70438 51380.949 -67512.6 5986.51 -73499.1 279.47145
8.15 286.36884 -121.30621 51536.106 -67817.6 5642.98 -73460.5 280.07017
8.16 289.85304 171.85034 51319.03 -67698.5 5711.64 -73410.2 279.14141
8.17 291.15804 272.99569 51242.573 -67730.1 5737.36 -73467.4 278.6133
8.18 289.42126 -630.44122 51742.095 -67916.5 5703.13 -73619.6 280.66549
8.19 287.10878 115.29366 51369.393 -68060.3 5657.57 -73717.9 279.67881
8.2 286.10182 386.79434 51264.709 -67750.7 5637.72 -73388.4 279.09334
8.21 286.86239 354.99136 51286.763 -67958.4 5652.71 -73611.1 279.07675
8.22 283.22434 419.89265 51167.126 -68029.4 5581.02 -73610.4 278.64765
8.23 293.06071 25.283545 51370.23 -67782.5 5774.85 -73557.3 279.23387
8.24 291.19948 -206.98865 51549.586 -67831 5738.17 -73569.2 279.92024
8.25 289.24724 289.25417 51199.781 -68009.3 5699.7 -73709 278.55186
8.26 286.67451 369.52357 51192.944 -67841.2 5649.01 -73490.2 278.77722
8.27 288.22801 391.48511 51202.142 -67707.1 5679.62 -73386.8 278.95267
8.28 288.70347 -56.232783 51402.746 -67894.9 5688.99 -73583.9 279.35397
8.29 295.37343 -526.41118 51608.286 -67418.4 5820.42 -73238.8 280.24955
8.3 282.28211 368.15081 51204.184 -67998.8 5562.45 -73561.2 278.81326
8.31 291.4103 -158.03278 51455.913 -67659.8 5742.33 -73402.1 279.15294
8.32 288.52153 89.464887 51393.684 -67828.8 5685.4 -73514.3 279.46313
8.33 286.95471 -186.58568 51471.437 -67895.9 5654.53 -73550.4 279.21287
8.34 288.18112 173.54571 51225.061 -67843.2 5678.7 -73521.9 278.90886
8.35 284.44672 -619.16926 51579.276 -67954.7 5605.11 -73559.8 279.79184
8.36 289.3312 -2.6594013 51397.803 -67541.6 5701.36 -73242.9 279.63042
8.37 286.89772 356.26539 51150.017 -67788.3 5653.41 -73441.7 279.09924
8.38 293.71168 273.7256 51188.117 -67712.9 5787.68 -73500.6 278.67591
8.39 299.20297 -657.61166 51587.697 -67623.5 5895.88 -73519.3 280.5198
8.4 288.35414 48.326276 51281.364 -67962.7 5682.11 -73644.8 279.35022
8.41 294.63384 -209.39331 51386.596 -67791.9 5805.85 -73597.7 278.99901
8.42 299.16081 -39.885579 51411.083 -67671.7 5895.05 -73566.7 279.8334
8.43 296.80372 289.4132 51211.902 -67792.6 5848.61 -73641.2 279.33597
8.44 289.35393 -215.11325 51491.652 -67643.6 5701.81 -73345.4 279.51914
8.45 285.0439 -302.22358 51586.899 -67924.9 5616.88 -73541.8 280.61201
8.46 286.20527 -245.35827 51527.72 -67776.2 5639.76 -73415.9 280.31872
8.47 285.41888 304.60149 51236.11 -67856.8 5624.26 -73481 279.16413
8.48 289.32548 382.22231 51359.062 -67625.4 5701.25 -73326.6 279.51552
8.49 283.62385 -302.81629 51509.645 -68187.3 5588.89 -73776.1 280.04204
8.5 291.3692 -170.88865 51496.398 -67782.9 5741.52 -73524.4 280.02289
8.51 289.26187 43.927174 51403.023 -67874.4 5699.99 -73574.4 280.35893
8.52 299.36176 -109.0662 51508.612 -67413.3 5899.01 -73312.3 280.71047
8.53 298.27436 -163.46008 51402.998 -67615.6 5877.59 -73493.2 279.55382
8.54 289.2893 -217.18726 51466.601 -67703.4 5700.53 -73403.9 279.22086
8.55 290.0173 162.87352 51201.638 -67805.2 5714.88 -73520.1 278.69567
8.56 295.85824 287.74157 51279.204 -67609.2 5829.98 -73439.1 278.8002
8.57 289.60413 169.97568 51264.684 -68047.6 5706.74 -73754.3 278.95704
8.58 292.21113 151.43391 51285.945 -67647.8 5758.11 -73406 279.00343
8.59 301.35575 195.48895 51257.686 -67769.3 5938.31 -73707.6 278.58806
8.6 295.53948 77.027892 51413.237 -67564.3 5823.69 -73388 279.37786
8.61 289.23425 -65.393748 51326.187 -67893.4 5699.45 -73592.8 278.56397
8.62 287.32662 -508.52898 51699.314 -67687.4 5661.86 -73349.2 280.08442
8.63 293.74748 -74.593736 51422.296 -67677.5 5788.38 -73465.9 279.17701
8.64 281.434 49.169109 51378.967 -67949.7 5545.74 -73495.5 279.48057
8.65 287.7494 9.3469288 51318.198 -67709.8 5670.19 -73380 279.08343
8.66 286.87393 -213.13539 51430.074 -67984.1 5652.94 -73637 279.48101
8.67 294.61301 152.42348 51204.078 -67903.9 5805.44 -73709.3 278.3386
8.68 287.09564 194.90579 51261.8 -68108.6 5657.31 -73765.9 278.71118
8.69 288.7158 -369.30199 51594.945 -67706.6 5689.23 -73395.8 279.91919
8.7 290.62407 -22.018386 51334.873 -67552.9 5726.83 -73279.7 278.73548
8.71 288.17545 277.72006 51123.001 -67970.7 5678.58 -73649.3 277.47384
8.72 303.4919 251.37376 51276.654 -67520.8 5980.4 -73501.2 278.14294
8.73 296.06668 635.25808 51125.79 -67769.8 5834.08 -73603.9 277.68016
8.74 291.29952 151.07617 51323.666 -67888.8 5740.14 -73629 278.21425
8.75 293.67281 289.29118 51236.5 -67623.1 5786.91 -73410 278.00193
8.76 293.55693 52.535569 51367.13 -67948.3 5784.63 -73733 278.59632
8.77 281.27621 247.48899 51252.647 -68086 5542.63 -73628.7 278.46072
8.78 286.68781 -295.02203 51566.68 -67735.7 5649.27 -73384.9 279.27053
8.79 291.9681 -33.198198 51278.127 -67862.5 5753.32 -73615.8 277.98123
8.8 289.43902 401.88884 51107.477 -67663.7 5703.48 -73367.2 277.9553
8.81 305.7568 237.77527 51266.738 -67502.6 6025.03 -73527.6 278.20534
8.82 285.99345 122.05593 51259.893 -67834 5635.59 -73469.5 278.16402
8.83 287.80266 399.84643 51176.351 -67962.6 5671.24 -73633.8 277.91266
8.84 299.13095 408.80786 51166.417 -67848.7 5894.47 -73743.2 277.78267
8.85 282.35144 -289.9265 51607.404 -68048.6 5563.82 -73612.4 279.67734
8.86 290.61626 -393.4233 51640.826 -67642.3 5726.68 -73369 279.60338
8.87 286.44764 0.28366031 51345.868 -68146.2 5644.54 -73790.7 278.46204
8.88 299.08688 369.20396 51288.642 -67769 5893.6 -73662.6 278.20124
8.89 290.36381 161.46055 51313.944 -68047.1 5721.71 -73768.8 278.15981
8.9 291.9059 196.45235 51309.979 -67709.8 5752.09 -73461.9 278.14753
8.91 283.99349 123.78089 51280.716 -68105.2 5596.18 -73701.3 278.00097
8.92 293.12347 -363.44866 51564.486 -67641.2 5776.09 -73417.2 278.82924
8.93 292.96621 281.4742 51210.425 -67669.4 5772.99 -73442.4 278.03427
8.94 280.37848 757.51038 50861.665 -68203.6 5524.94 -73728.5 277.09986
8.95 289.84812 375.26845 51270.007 -67776.6 5711.54 -73488.1 278.73133
8.96 287.31691 -70.010271 51392.618 -67859.1 5661.67 -73520.8 278.802
8.97 292.53691 -147.19403 51504.683 -67734.2 5764.53 -73498.7 279.18922
8.98 284.8248 -157.30514 51519.896 -67759.7 5612.56 -73372.2 279.37589
8.99 300.71229 -215.23746 51488.842 -67830.3 5925.63 -73756 279.10311
9 293.38803 13.442587 51318.619 -67765.7 5781.3 -73547 278.4741
9.01 287.3957 -103.47471 51388.524 -67697.7 5663.22 -73360.9 278.54337
9.02 282.5995 179.77624 51226.896 -67729.2 5568.71 -73297.9 278.71892
9.03 299.15044 0.62710405 51481.434 -67509.5 5894.85 -73404.3 279.21555
9.04 295.31862 -187.80598 51521.74 -67860.9 5819.34 -73680.3 280.00299
9.05 295.32388 254.68805 51377.641 -67696.7 5819.45 -73516.2 278.85125
9.06 292.16834 -324.16138 51612.523 -67640.6 5757.27 -73397.9 280.13964
9.07 298.19951 369.44075 51271.204 -67600 5876.11 -73476.2 279.25995
9.08 285.86489 -47.133913 51394.753 -68072.8 5633.05 -73705.8 279.21993
9.09 290.9412 -284.04366 51534.371 -67736.8 5733.08 -73469.8 279.75141
9.1 278.02146 -174.6581 51433.244 -68360.8 5478.5 -73839.3 279.16432
9.11 289.83751 -71.46464 51444.261 -67776.6 5711.34 -73487.9 279.36552
9.12 286.93902 -275.67041 51550.884 -67788.9 5654.22 -73443.1 279.49291
9.13 287.15436 -220.6188 51542.705 -67781.8 5658.46 -73440.3 279.72709
9.14 289.87359 493.36719 51070.128 -67562.3 5712.05 -73274.3 277.65429
9.15 292.73878 32.309363 51402.49 -67654.9 5768.51 -73423.4 279.10545
9.16 283.94472 -211.00117 51429.498 -67787.3 5595.22 -73382.5 279.11102
9.17 292.84733 -277.33938 51429.236 -67810.5 5770.64 -73581.1 279.41025
9.18 286.4345 176.64159 51237.559 -67691.9 5644.28 -73336.2 278.90204
9.19 292.95456 254.26584 51194.025 -67568.3 5772.76 -73341.1 278.97194
9.2 280.75634 395.79757 51136.758 -67992.4 5532.39 -73524.8 278.51201
9.21 294.50151 -20.562467 51320.312 -67770.7 5803.24 -73574 278.77222
9.22 286.36069 -271.60298 51417.89 -67919.1 5642.82 -73561.9 279.08812
9.23 290.60035 117.63011 51323.591 -67877.2 5726.37 -73603.6 278.86381
9.24 292.45013 -62.061151 51410.806 -67832.9 5762.82 -73595.7 279.39189
9.25 287.56911 623.00464 50981.478 -67473 5666.64 -73139.6 278.56496
9.26 284.32996 151.94293 51307.186 -67824.3 5602.81 -73427.1 279.62518
9.27 284.24017 -525.06876 51588.022 -67709.8 5601.04 -73310.8 279.56893
9.28 277.19402 68.978809 51280.853 -68072.9 5462.19 -73535.1 279.52833
9.29 293.95914 -119.04941 51355.661 -67550 5792.55 -73342.6 279.46292
9.3 285.20124 -31.183401 51360.802 -67855.7 5619.98 -73475.7 279.90231
9.31 301.01545 -125.34164 51413.514 -67543.7 5931.6 -73475.3 279.96018
9.32 282.54378 -6.1040711 51194.534 -68085.8 5567.61 -73653.4 278.85393
9.33 281.70581 -189.27044 51450.242 -67736.6 5551.1 -73287.7 280.27162
9.34 291.28666 34.866867 51340.795 -67986.1 5739.89 -73726 279.69206
9.35 300.85003 -115.94734 51465.255 -67568.8 5928.34 -73497.1 280.0515
9.36 288.09645 14.576818 51394.826 -67672.8 5677.03 -73349.8 280.33172
9.37 284.70421 -200.4319 51427.996 -68018.4 5610.18 -73628.6 280.29735
9.38 289.37616 -138.70143 51482.425 -67655.8 5702.24 -73358 280.20078
9.39 283.92685 159.43194 51209.862 -67814.2 5594.86 -73409 278.93461
9.4 291.93851 194.54394 51266.328 -67557.9 5752.74 -73310.6 279.61895
9.41 287.24225 311.04729 51278.83 -67835.4 5660.2 -73495.6 279.12358
9.42 292.87624 351.39922 51308.269 -67956.7 5771.21 -73727.9 279.02688
9.43 293.63617 162.24686 51262.034 -67667.2 5786.19 -73453.4 279.08575
9.44 283.82582 -91.243606 51408.842 -67961.9 5592.87 -73554.8 279.86237
9.45 291.19906 172.93185 51415.634 -67748.5 5738.16 -73486.7 279.96259
9.46 296.85006 -257.49077 51579.195 -67475.8 5849.52 -73325.3 280.39934
9.47 289.51031 -48.633569 51474.415 -67656.5 5704.89 -73361.4 280.50409
9.48 282.11692 -636.83114 51661.367 -68141.1 5559.2 -73700.3 280.7481
9.49 295.62186 -316.67769 51521.199 -67685.5 5825.32 -73510.8 279.7904
9.5 283.09182 -115.59611 51433.734 -67843.6 5578.41 -73422 279.80965
9.51 293.9056 -34.183346 51470.214 -67421.3 5791.5 -73212.8 280.28037
9.52 291.17429 -3.7415579 51330.027 -67694.7 5737.68 -73432.4 279.23883
9.53 297.81033 92.24742 51399.093 -67811.6 5868.44 -73680.1 279.61014
9.54 288.94707 310.12045 51248.631 -67720.5 5693.79 -73414.3 278.30791
9.55 280.30259 -649.75321 51593.307 -67983.4 5523.45 -73506.8 280.75474
9.56 292.9396 341.05034 51247.459 -67711.4 5772.46 -73483.8 279.44487
9.57 288.30255 237.552 51314.121 -67972.1 5681.09 -73653.2 279.33647
9.58 289.91747 185.74872 51239.295 -67797.4 5712.91 -73510.3 279.05929
9.59 282.62385 -836.43094 51795.677 -67927.8 5569.19 -73497 281.42357
9.6 290.71829 44.804654 51420.475 -67665 5728.69 -73393.7 279.88594
9.61 289.47227 -181.39937 51430.482 -67927.8 5704.14 -73632 279.76068
9.62 290.68578 161.37162 51346.277 -67553.4 5728.05 -73281.4 279.69086
9.63 292.9532 190.07906 51317.096 -67878.8 5772.73 -73651.5 279.4091
9.64 290.07253 173.98974 51297.055 -67631.3 5715.97 -73347.3 279.74071
9.65 284.69272 -208.08892 51613.497 -67818.5 5609.96 -73428.4 280.55579
9.66 283.95781 141.20465 51317.007 -67862.2 5595.47 -73457.7 279.34583
9.67 293.03283 533.09261 51266.736 -67727.2 5774.3 -73501.5 279.83074
9.68 284.64642 -952.73506 51886.365 -67858.5 5609.04 -73467.6 281.38716
9.69 298.66034 13.763184 51476.348 -67597.4 5885.19 -73482.6 280.12726
9.7 291.50168 -292.8074 51540.588 -67964.3 5744.13 -73708.4 280.45042
9.71 281.40564 -250.66752 51578.731 -67880.6 5545.18 -73425.8 280.83417
9.72 288.89916 68.647152 51348.647 -67694.7 5692.84 -73387.5 279.9044
9.73 293.61299 481.79428 51163.095 -67780.1 5785.73 -73565.8 279.2961
9.74 293.83777 15.193409 51438.218 -67577 5790.16 -73367.2 280.5388
9.75 291.72727 -75.278553 51298.048 -67590.7 5748.57 -73339.2 279.23756
9.76 294.1869 -218.99219 51454.478 -67700.4 5797.04 -73497.4 279.59149
9.77 287.65625 -333.30485 51581.716 -67721.5 5668.35 -73389.9 280.75643
9.78 281.07103 -212.21675 51495.901 -67991 5538.59 -73529.6 280.19128
9.79 295.91554 463.77696 51193.65 -67695 5831.1 -73526.1 279.32423
9.8 289.70967 248.12539 51187.582 -68036.7 5708.82 -73745.5 278.6644
9.81 293.05981 226.85192 51233.629 -67711.5 5774.83 -73486.3 279.36863
9.82 290.82866 -159.82888 51487.259 -67871.8 5730.87 -73602.7 279.89364
9.83 287.64983 260.40493 51258.915 -67882.7 5668.23 -73550.9 279.69137
9.84 292.61105 314.49588 51232.196 -67704 5765.99 -73470 279.2872
9.85 284.40956 -127.68877 51488.457 -67986.2 5604.38 -73590.5 280.59964
9.86 292.47028 -338.62361 51502.021 -67634.8 5763.21 -73398 280.06951
9.87 292.52954 815.76643 51003.368 -67871.8 5764.38 -73636.2 278.67089
9.88 290.29334 -89.772134 51477.55 -67598.2 5720.32 -73318.5 280.69974
9.89 288.30483 60.002892 51394.532 -67958 5681.13 -73639.1 280.21467
9.9 292.64328 11.367886 51455.626 -67692 5766.62 -73458.6 280.4899
9.91 299.07067 -76.890912 51476.942 -67879 5893.28 -73772.3 280.40076
9.92 294.83732 -148.0786 51554.634 -67862.7 5809.86 -73672.6 280.72408
9.93 289.49149 145.88991 51300.496 -67896.8 5704.52 -73601.3 280.04121
9.94 291.32545 -124.27871 51521.092 -68084.4 5740.66 -73825.1 281.16194
9.95 292.41021 364.87003 51365.229 -67973.9 5762.03 -73736 280.21733
9.96 293.00232 -666.60126 51840.955 -67405.3 5773.7 -73179 281.7721
9.97 286.62048 48.411127 51370.97 -67880.3 5647.94 -73528.3 279.83537
9.98 298.18685 142.45674 51379.4 -67759.6 5875.86 -73635.5 280.12182
