0 296.05138 -415.55465 50104.116 -62811.2 5837.47 -68648.7 9.7155838
0.01 283.99816 -830.3277 50115.382 -63345.2 5599.81 -68945 19.595813
0.02 295.02401 -184.50482 50221.07 -62981.8 5817.22 -68799 27.383947
0.03 293.56199 -353.94185 50189.642 -63327.8 5788.39 -69116.2 35.203973
0.04 290.07776 -807.89359 50489.996 -63333.3 5719.69 -69053 42.12854
0.05 296.49606 -514.31504 50315.423 -63256.7 5846.24 -69102.9 47.997915
0.06 283.39434 -366.02559 50374.098 -63948.8 5587.9 -69536.7 53.857955
0.07 306.94849 -750.55435 50387.229 -63434.2 6052.34 -69486.6 58.834997
0.08 296.91597 -496.58074 50622.419 -63044.7 5854.52 -68899.2 65.10174
0.09 291.96509 -1063.3972 50661.103 -63785.1 5756.9 -69542 69.448957
0.1 293.80834 -694.96082 50513.476 -63492.7 5793.25 -69285.9 77.655519
0.11 298.56973 -312.57495 50092.013 -63360.6 5887.13 -69247.7 84.683958
0.12 289.44158 -690.05458 50195.378 -63710 5707.14 -69417.2 90.628591
0.13 292.96308 -607.45265 50531.943 -64030.9 5776.58 -69807.5 98.629071
0.14 301.85346 -254.1851 50366.076 -63801.7 5951.88 -69753.6 102.34036
0.15 296.94393 -742.1324 50628.574 -63981.3 5855.07 -69836.3 105.04025
0.16 296.03357 -143.70353 50311.996 -64299.5 5837.12 -70136.6 110.45685
0.17 292.73956 -377.60033 50438.672 -64274.3 5772.17 -70046.4 114.72853
0.18 290.09259 -323.52559 50516.426 -64688.5 5719.98 -70408.5 117.97573
0.19 304.43689 -172.46042 50775.291 -64582.2 6002.82 -70585 123.09719
0.2 291.75048 -506.04594 50529.903 -64478.1 5752.67 -70230.8 126.68248
0.21 291.28795 -400.26679 50654.23 -64440.2 5743.55 -70183.7 133.24751
0.22 294.25681 -416.56973 50586.062 -64635.8 5802.09 -70437.9 136.34269
0.23 295.83112 37.215813 50321.958 -64606.6 5833.13 -70439.8 138.08472
0.24 298.55226 -695.46753 50758.798 -64655.1 5886.79 -70541.9 140.03125
0.25 283.08339 -796.44776 50587.594 -65022.9 5581.77 -70604.7 142.63567
0.26 288.752 -136.2149 50588.285 -64784.7 5693.55 -70478.2 144.58549
0.27 289.91935 -578.79205 50643.984 -65155.7 5716.56 -70872.2 149.5292
0.28 299.3675 -672.76543 50988.235 -64951.1 5902.86 -70854 153.13186
0.29 293.1114 -341.62548 50649.132 -65371.1 5779.5 -71150.6 153.74065
0.3 303.18438 -264.49439 50729.056 -65167.2 5978.12 -71145.3 156.17912
0.31 289.70046 -854.34594 51020.025 -65645.4 5712.25 -71357.7 156.78899
0.32 290.85831 -817.49935 51131.73 -65936.4 5735.08 -71671.5 159.5927
0.33 296.57243 -372.12462 51052.413 -65894.9 5847.75 -71742.7 160.22383
0.34 295.68888 -216.24303 50902.663 -66070.9 5830.33 -71901.2 161.35305
0.35 298.76552 -385.41592 51049.26 -66713.9 5890.99 -72604.9 161.61914
0.36 288.74489 -726.03346 51332.202 -67394 5693.41 -73087.4 161.6066
0.37 286.99202 -170.86135 51137.88 -67592.7 5658.84 -73251.6 160.9361
0.38 300.16388 -373.70312 51315.823 -67263.2 5918.56 -73181.8 161.38746
0.39 291.73162 -468.07316 51332.871 -67930.3 5752.3 -73682.6 161.32504
0.4 293.31591 -960.02642 51500.834 -67504.9 5783.54 -73288.4 162.19985
0.41 294.45668 429.53267 50969.265 -67813.4 5806.03 -73619.4 161.3702
0.42 290.82949 -393.37538 51302.1 -67778.6 5734.51 -73513.1 161.80779
0.43 299.93538 -503.59598 51463.693 -67380.5 5914.06 -73294.6 162.3294
0.44 285.62052 -666.99237 51458.644 -67846.1 5631.8 -73477.9 162.0978
0.45 294.589 -201.99087 51230.616 -67548.8 5808.64 -73357.4 161.15935
0.46 288.16269 -560.4747 51565.111 -67483.8 5681.93 -73165.7 162.06079
0.47 298.45107 -536.28758 51616.358 -67515.7 5884.79 -73400.5 162.56693
0.48 286.71998 -821.40053 51652.335 -67723.2 5653.48 -73376.7 162.52672
0.49 295.21164 -528.72964 51646.434 -67713.6 5820.92 -73534.5 162.512
0.5 291.03322 -1006.0438 51913.592 -67664.2 5738.53 -73402.7 163.16608
0.51 285.34972 -702.59582 51688.763 -67902.4 5626.46 -73528.9 163.02338
0.52 290.61243 -434.82771 51563.093 -67411.7 5730.23 -73141.9 162.56972
0.53 283.77794 -425.73611 51490.257 -67881.1 5595.47 -73476.6 162.20045
0.54 303.28734 -876.23048 51738.136 -67577.2 5980.15 -73557.4 162.73737
0.55 286.07378 -806.23343 51845.07 -67959.5 5640.74 -73600.2 163.09925
0.56 301.33689 -923.07598 51805.108 -67479.7 5941.69 -73421.3 163.21045
0.57 291.94239 -314.6797 51642.52 -67744.4 5756.45 -73500.8 162.99129
0.58 306.09195 -565.43588 51739.453 -67369.8 6035.45 -73405.3 162.74637
0.59 295.28984 -930.02225 51911.257 -67641.3 5822.46 -73463.8 163.08953
0.6 278.28521 -322.14249 51528.636 -68087.4 5487.16 -73574.5 162.45359
0.61 302.06561 -259.62664 51543.725 -67559.5 5956.06 -73515.5 162.51383
0.62 281.0365 -692.03738 51747.012 -67960.5 5541.41 -73501.9 162.8888
0.63 294.41392 -646.96879 51733.117 -67587.7 5805.19 -73392.9 163.37511
0.64 287.84684 -619.59126 51682.915 -67571.9 5675.7 -73247.6 163.14853
0.65 292.50093 -697.38896 51811.268 -67687.3 5767.47 -73454.8 163.35818
0.66 280.95705 -829.33944 51804.973 -67941.7 5539.85 -73481.6 163.56981
0.67 296.62105 -433.57009 51586.316 -67640.2 5848.71 -73488.9 162.91939
0.68 286.78614 -623.73994 51696.82 -67760.6 5654.78 -73415.4 162.97525
0.69 289.90207 -783.06935 51674.669 -67734.8 5716.22 -73451 162.72691
0.7 296.69888 -305.99404 51523.065 -67451.9 5850.24 -73302.2 162.67629
0.71 290.9729 -950.3018 51820.265 -67728.7 5737.34 -73466 163.11802
0.72 286.3768 -512.93708 51621.49 -67931 5646.71 -73577.7 162.37827
0.73 301.44268 -472.40252 51701.28 -67539.3 5943.78 -73483 162.99123
0.74 293.05272 -577.74617 51675.13 -67811.8 5778.35 -73590.1 163.29511
0.75 286.46306 -652.48668 51586.964 -67611.9 5648.41 -73260.3 163.09377
0.76 297.32467 -373.20689 51532.921 -67554.5 5862.58 -73417.1 162.62442
0.77 280.29049 -235.02805 51542.158 -67799.4 5526.7 -73326.2 162.81751
0.78 296.21892 -415.10329 51573.275 -67620.4 5840.78 -73461.2 163.12923
0.79 290.31978 -603.12915 51628.37 -67799.3 5724.46 -73523.8 163.09005
0.8 289.56668 -946.73396 51851.727 -67964.1 5709.61 -73673.7 163.65633
0.81 290.3148 132.53587 51357.316 -67625.2 5724.36 -73349.6 162.72544
0.82 288.60805 -415.4379 51571.252 -67946.6 5690.71 -73637.3 162.91084
0.83 279.895 -292.42953 51598.272 -67763.4 5518.91 -73282.3 163.12294
0.84 287.10759 -290.21291 51634.35 -67647.4 5661.12 -73308.5 163.27183
0.85 299.47898 -380.15612 51538.156 -67806.7 5905.06 -73711.8 162.92137
0.86 283.85913 -293.1336 51520.049 -67886.9 5597.07 -73484 162.9397
0.87 298.66785 -831.63005 51881.229 -67562.8 5889.06 -73451.8 164.06303
0.88 294.84339 53.778081 51495.203 -67729.2 5813.65 -73542.8 162.90277
0.89 302.11001 -283.41534 51591.643 -67566.5 5956.94 -73523.5 162.87069
0.9 293.07854 -583.49881 51757.726 -67591.7 5778.86 -73370.6 163.18793
0.91 298.79352 -104.02345 51528.981 -67571.6 5891.54 -73463.1 163.14871
0.92 304.9106 -684.11905 51780.831 -67692.5 6012.16 -73704.6 163.40467
0.93 295.31714 -432.57834 51720.132 -67703.3 5823 -73526.3 163.06827
0.94 294.9651 -965.99317 51852.575 -67400.1 5816.05 -73216.1 163.71354
0.95 284.56369 -440.754 51686.618 -67706.8 5610.96 -73317.7 163.2149
0.96 287.58019 -518.78994 51568.152 -67824.7 5670.44 -73495.2 162.64899
0.97 294.74624 -571.75366 51546.587 -67548.2 5811.74 -73359.9 163.11895
0.98 290.52484 -797.57823 51953.871 -68129.6 5728.5 -73858.1 163.86157
0.99 295.39005 -405.93427 51592.856 -67676.7 5824.43 -73501.1 162.97433
1 284.55638 -119.46308 51482.247 -67897 5610.82 -73507.8 162.84872
1.01 306.23645 -8.8371878 51344.109 -67564.9 6038.3 -73603.2 162.59256
1.02 286.42414 -421.88528 51555.586 -67864.8 5647.65 -73512.4 163.23938
1.03 287.97023 -701.4486 51709.378 -67390.9 5678.13 -73069 163.74599
1.04 290.35637 -662.83538 51663.288 -67676.1 5725.18 -73401.3 163.66028
1.05 289.36522 -765.61636 51778.54 -67767.8 5705.64 -73473.4 163.96664
1.06 298.01732 -167.43903 51522.453 -67279.1 5876.24 -73155.3 163.24972
1.07 291.21109 -503.87051 51603.015 -67727.5 5742.03 -73469.6 163.52562
1.08 297.71725 -398.0642 51645.256 -67524.1 5870.32 -73394.4 163.55084
1.09 292.39245 -176.46592 51421.099 -67474 5765.33 -73239.4 162.64357
1.1 301.78964 -49.431922 51426.003 -67491.6 5950.62 -73442.2 162.87128
1.11 291.46441 -576.55496 51742.256 -67844.9 5747.03 -73591.9 163.42622
1.12 287.08585 -981.16535 51859.994 -67620.6 5660.69 -73281.3 163.66653
1.13 293.31837 -761.21554 51858.742 -67907.3 5783.58 -73690.9 163.99969
1.14 295.06339 -901.96551 51954.123 -67659.5 5817.99 -73477.5 163.9332
1.15 295.4863 -430.06741 51692.596 -67724.4 5826.33 -73550.7 163.67694
1.16 284.21471 -754.68626 51792.975 -67837 5604.08 -73441 163.62893
1.17 297.40426 216.65369 51406.911 -67729.6 5864.15 -73593.8 163.48214
1.18 289.78265 -499.20437 51631.481 -67707.1 5713.87 -73421 163.30554
1.19 289.06451 -255.9069 51638.464 -67902.9 5699.71 -73602.6 163.81452
1.2 291.18167 -505.23414 51691.141 -67642.5 5741.45 -73384 163.55799
1.21 301.31876 -461.78781 51697.701 -67644.7 5941.33 -73586 163.82398
1.22 292.11107 -518.35143 51575.957 -67727.2 5759.78 -73487 163.32125
1.23 294.82195 -355.20618 51626.32 -67559.5 5813.23 -73372.7 163.22954
1.24 288.67911 -286.66498 51423.135 -67859.8 5692.11 -73551.9 162.80419
1.25 298.30679 -743.3415 51833.6 -67685.4 5881.95 -73567.3 163.55537
1.26 289.39813 -1081.5894 51848.44 -68073.6 5706.29 -73779.9 163.5058
1.27 297.86678 -694.86716 51878.255 -67519 5873.27 -73392.2 163.93711
1.28 298.63172 -849.79507 51891.917 -67742.2 5888.35 -73630.5 164.20834
1.29 293.60612 -1033.3233 51819.626 -67666.9 5789.26 -73456.1 163.56043
1.3 284.88141 -551.42175 51589.007 -67831.5 5617.23 -73448.7 163.52149
1.31 306.70806 -645.28415 51674.438 -67312.6 6047.6 -73360.2 163.82661
1.32 292.24064 305.89528 51333.027 -67768 5762.33 -73530.4 162.88427
1.33 308.56925 -636.97453 51702.422 -67110.7 6084.3 -73195 163.63311
1.34 291.79644 -461.2885 51601.309 -67754.9 5753.58 -73508.4 163.34223
1.35 302.03223 -594.6711 51739.913 -67406.1 5955.4 -73361.5 163.27322
1.36 296.67366 -394.41042 51631.513 -67746.3 5849.74 -73596 163.26389
1.37 293.55469 -525.86813 51629.471 -67693.8 5788.24 -73482 162.8788
1.38 293.05255 -275.3499 51470.501 -68110.9 5778.34 -73889.3 163.24245
1.39 295.39897 -704.32913 51682.623 -67573 5824.61 -73397.6 163.27657
1.4 292.71924 -517.85698 51562.505 -67903.8 5771.77 -73675.6 163.35437
1.41 282.04365 -848.49996 51729.369 -67687.9 5561.27 -73249.1 163.38931
1.42 290.86476 -645.47854 51726.182 -67680.4 5735.21 -73415.6 163.66857
1.43 280.39925 -204.68727 51578.027 -68068 5528.85 -73596.9 163.47557
1.44 294.05708 -55.260556 51419.102 -67564.7 5798.15 -73362.8 163.00669
1.45 288.10301 163.8372 51388.978 -67958 5680.75 -73638.7 162.97156
1.46 293.66846 -147.47674 51535.156 -67613.2 5790.49 -73403.7 163.37885
1.47 300.34876 -387.74301 51718.558 -67164.2 5922.21 -73086.4 164.06065
1.48 301.63728 -199.15589 51534.88 -67761.9 5947.62 -73709.5 163.33182
1.49 300.10479 -599.15075 51663.378 -67642.2 5917.4 -73559.6 163.17004
1.5 286.80182 -233.23889 51438.088 -67971 5655.09 -73626.1 162.84739
1.51 299.92472 -347.90412 51567.84 -67555.5 5913.85 -73469.3 163.29003
1.52 303.92783 -406.15151 51622.084 -67430.3 5992.78 -73423.1 163.58824
1.53 293.69366 -912.58192 51896.973 -67753.1 5790.98 -73544.1 164.03783
1.54 298.36587 -12.426839 51494.141 -67419.6 5883.11 -73302.7 163.3211
1.55 289.41741 55.00941 51502.88 -67790.6 5706.67 -73497.3 163.47376
1.56 294.14709 -498.44859 51699.342 -67721.5 5799.93 -73521.4 163.88051
1.57 286.65807 -426.04548 51513.853 -67733.5 5652.26 -73385.8 163.47687
1.58 300.56223 -625.44931 51645.289 -67748 5926.42 -73674.4 163.41264
1.59 299.17375 -867.31616 51864.791 -67481.3 5899.04 -73380.3 163.7228
1.6 287.72921 -219.40537 51585.327 -67822.3 5673.38 -73495.7 163.25952
1.61 292.77205 -1322.3897 51993.325 -67782.6 5772.81 -73555.4 163.59736
1.62 294.53167 -898.75587 51934.023 -67526.4 5807.51 -73333.9 164.03256
1.63 294.66689 -537.82582 51680.945 -67511.9 5810.17 -73322 163.51258
1.64 289.2166 -776.94116 51885.933 -67734.5 5702.71 -73437.2 164.0504
1.65 292.61396 -334.3905 51646.219 -67853.5 5769.7 -73623.2 163.81345
1.66 301.64816 -121.4748 51482.742 -67454.3 5947.83 -73402.2 163.55864
1.67 297.66882 -359.18666 51617.803 -67776.3 5869.37 -73645.6 163.58121
1.68 296.94619 -555.67228 51819.25 -67567.6 5855.12 -73422.7 164.13148
1.69 292.31979 -768.70021 51895.429 -67918.3 5763.9 -73682.2 163.91905
1.7 291.13269 -328.91421 51631.311 -67526.3 5740.49 -73266.8 163.13651
1.71 296.04093 -438.69602 51743.858 -67594.5 5837.27 -73431.7 163.85655
1.72 293.27769 -541.68796 51750.717 -67999.7 5782.78 -73782.5 163.79056
1.73 300.95541 -703.84595 51761.77 -67579 5934.17 -73513.2 164.19521
1.74 294.69869 -434.36766 51711.365 -67584.2 5810.8 -73395 163.954
1.75 296.21197 -691.24951 51899.591 -67736.8 5840.64 -73577.5 164.50621
1.76 291.15995 -506.77088 51729.153 -67689.8 5741.03 -73430.8 164.01355
1.77 291.98436 -543.40912 51686.406 -67795.9 5757.28 -73553.2 163.71958
1.78 300.83949 -299.91823 51591.568 -67407.8 5931.88 -73339.7 163.50267
1.79 282.79767 -427.21361 51651.079 -67797.7 5576.14 -73373.8 163.87859
1.8 293.84898 -455.25672 51709.511 -67629.2 5794.05 -73423.2 163.94447
1.81 277.39831 -383.75136 51561.464 -68056 5469.68 -73525.7 163.87415
1.82 303.343 -944.30887 51896.964 -67707.3 5981.25 -73688.6 164.09151
1.83 293.60057 -419.61756 51747.134 -67724.5 5789.15 -73513.6 163.77949
1.84 304.01165 -557.00175 51639.931 -67779.8 5994.43 -73774.2 163.41077
1.85 288.05232 -579.14698 51649.515 -67861.4 5679.75 -73541.1 163.32103
1.86 288.27069 -494.54073 51589.618 -67602.9 5684.06 -73286.9 163.09857
1.87 291.48954 -349.67971 51561.514 -67709.4 5747.52 -73456.9 163.36259
1.88 305.78338 -492.76603 51715.794 -67459.8 6029.37 -73489.2 163.50571
1.89 287.39363 -286.97887 51647.979 -67862.9 5666.76 -73529.7 163.68251
1.9 302.57925 -378.7529 51594.734 -67286.6 5966.19 -73252.7 163.44687
1.91 297.25844 -11.072862 51381.628 -67832.1 5861.27 -73693.3 163.21708
1.92 294.01979 -807.75671 51854.423 -67687.8 5797.42 -73485.2 164.16853
1.93 293.83435 -568.11595 51712.872 -67549.4 5793.76 -73343.2 163.66625
1.94 279.81816 -245.96047 51424.306 -67927.8 5517.39 -73445.2 162.94951
1.95 292.47563 -689.57067 51725.407 -67568.3 5766.97 -73335.3 163.73115
1.96 287.46887 -702.94396 51704.578 -67865.5 5668.25 -73533.8 163.44608
1.97 289.75928 -720.99661 51804.086 -67497.2 5713.41 -73210.6 163.92414
1.98 298.81882 -495.60775 51640.598 -67694 5892.04 -73586.1 163.33432
1.99 293.42855 -694.92841 51752.692 -67468.7 5785.76 -73254.5 163.5535
2 288.31948 -336.45209 51583.863 -67829.7 5685.02 -73514.7 163.34847
2.01 288.52031 245.83456 51299.426 -67728.9 5688.98 -73417.9 162.96042
2.02 283.2078 -476.37929 51646.005 -68282.3 5584.23 -73866.5 163.74597
2.03 289.11402 -406.84123 51630.924 -67655.6 5700.68 -73356.3 163.82733
2.04 288.2828 -147.62031 51518.861 -68044.3 5684.29 -73728.6 163.38474
2.05 291.86916 -808.68846 51882.82 -67682 5755.01 -73437 163.81163
2.06 293.97746 -729.59754 51749.838 -67250.6 5796.58 -73047.2 163.83523
2.07 300.46081 -261.61969 51579.401 -67708.3 5924.42 -73632.7 162.9933
2.08 300.5586 -175.47487 51420.808 -67388.1 5926.35 -73314.5 162.87848
2.09 287.63683 -248.44752 51473.144 -67817.3 5671.56 -73488.9 162.95499
2.1 287.89626 56.622638 51445.627 -67901.5 5676.67 -73578.2 163.43757
2.11 286.75506 -421.89101 51725.213 -67897.6 5654.17 -73551.8 163.51379
2.12 291.27297 -530.55687 51685.194 -67566.6 5743.25 -73309.8 163.53942
2.13 303.16061 -117.71229 51520.382 -67713.3 5977.65 -73691 163.60834
2.14 303.70804 -832.22522 51851.863 -67383.6 5988.45 -73372.1 163.66183
2.15 295.37569 -267.59971 51632.542 -67782.3 5824.15 -73606.5 163.31994
2.16 301.0103 -385.79523 51654.071 -67528.9 5935.25 -73464.2 163.53064
2.17 289.99403 -971.93396 51841.396 -67828 5718.04 -73546.1 163.95398
2.18 293.40265 -251.50531 51571.65 -67788.8 5785.25 -73574 163.4869
2.19 290.07776 -731.74138 51868.86 -67649.3 5719.69 -73368.9 163.56593
2.2 284.97942 -778.45268 51800.378 -67954.2 5619.16 -73573.4 163.89297
2.21 292.98375 -543.61097 51688.21 -67960.7 5776.99 -73737.7 163.6384
2.22 292.73031 -457.30062 51696.597 -67520.5 5771.99 -73292.5 163.71954
2.23 287.19446 -646.41204 51749.289 -68113.3 5662.83 -73776.2 164.12481
2.24 297.68783 -483.62546 51742.481 -67543.3 5869.74 -73413.1 163.75139
2.25 283.84217 4.6962518 51440.394 -67917.5 5596.74 -73514.2 163.33711
2.26 294.94351 -672.47685 51760.674 -67543 5815.63 -73358.7 163.8056
2.27 299.13878 -942.55404 51995.748 -67839.4 5898.35 -73737.7 164.08003
2.28 291.59036 141.11305 51461.211 -67791.7 5749.51 -73541.2 162.9399
2.29 291.91997 -616.55929 51743.206 -67610.1 5756.01 -73366.1 163.75329
2.3 288.45553 -484.78695 51748.661 -67850.2 5687.7 -73537.9 164.0457
2.31 292.83547 -386.22909 51712.786 -67514.3 5774.06 -73288.4 164.08558
2.32 298.10702 -384.08677 51734.085 -67798.2 5878.01 -73676.2 164.00808
2.33 289.57177 -679.64946 51769.112 -67490.3 5709.71 -73200 164.19195
2.34 291.94948 -419.65534 51660.45 -67851.5 5756.59 -73608.1 163.49707
2.35 295.12599 -242.65743 51599.423 -67592.7 5819.23 -73411.9 163.11218
2.36 283.08235 -887.06886 51876.66 -67711.8 5581.75 -73293.6 164.0708
2.37 290.21813 -593.72221 51767.955 -67953.5 5722.46 -73675.9 163.41784
2.38 288.45227 -882.99265 51903.791 -67580.1 5687.64 -73267.8 163.82389
2.39 283.34268 -811.76339 51920.703 -67825.2 5586.89 -73412.1 163.9927
2.4 293.55593 -740.81957 51879.496 -67575.3 5788.27 -73363.6 163.37499
2.41 296.82357 -689.3594 51712.253 -67510 5852.7 -73362.7 163.49251
2.42 289.63556 -881.75443 51925.228 -67580.2 5710.97 -73291.1 163.93583
2.43 295.0377 207.7864 51390.245 -67428 5817.49 -73245.4 162.99409
2.44 286.23606 -784.77812 51795.431 -67869.4 5643.94 -73513.3 163.74216
2.45 290.40062 -84.313877 51534.955 -67662.5 5726.05 -73388.6 162.92973
2.46 282.1205 -242.50827 51568.642 -68052.9 5562.79 -73615.7 163.29085
2.47 292.46567 -773.53682 51844.434 -67766.2 5766.77 -73532.9 163.80051
2.48 295.68124 -154.20837 51566.169 -67780.5 5830.18 -73610.7 163.15409
2.49 303.50582 -215.69577 51616.91 -67462.7 5984.46 -73447.2 163.3595
2.5 291.87081 -159.5693 51558.817 -67604.4 5755.04 -73359.4 163.55306
2.51 289.53488 -758.33379 51728.088 -67609.4 5708.98 -73318.4 163.20651
2.52 307.25986 -521.70238 51589.145 -67427.9 6058.48 -73486.3 163.49613
2.53 299.62056 -870.80285 51760.54 -67434 5907.85 -73341.9 163.44069
2.54 291.04699 -271.58831 51497.08 -67515.5 5738.8 -73254.3 163.55179
2.55 297.23526 -421.26426 51615.627 -67725.1 5860.82 -73585.9 163.31352
2.56 290.23901 105.30362 51345.788 -67627.8 5722.87 -73350.7 162.681
2.57 293.51711 -1091.6834 51870.278 -67517.1 5787.5 -73304.6 163.75528
2.58 288.91955 -589.31752 51638.26 -67571.9 5696.85 -73268.7 163.07326
2.59 290.19781 -793.46043 51700.055 -67874.4 5722.05 -73596.5 163.26985
2.6 290.91082 -583.04389 51595.951 -67582.1 5736.11 -73318.2 162.61484
2.61 285.84117 -386.32807 51479.157 -67759.4 5636.15 -73395.5 163.04555
2.62 301.24353 -411.80843 51594.209 -67388 5939.85 -73327.9 162.94575
2.63 284.20796 -789.79242 51753.195 -67739.3 5603.95 -73343.3 163.26679
2.64 293.80673 -490.465 51556.521 -67539.1 5793.21 -73332.3 162.99308
2.65 295.81455 -623.70339 51614.263 -67628.9 5832.8 -73461.7 163.14337
2.66 291.68175 -280.2681 51572.695 -67938.2 5751.31 -73689.5 162.98259
2.67 297.91678 -238.46402 51478.546 -67616.4 5874.26 -73490.6 162.90518
2.68 290.35026 -844.60839 51726.262 -67904.7 5725.06 -73629.7 163.31072
2.69 291.87615 -1086.5984 51799.277 -67389.1 5755.15 -73144.3 163.56528
2.7 299.76924 -291.46483 51538.88 -67744.7 5910.78 -73655.5 163.03147
2.71 288.92408 -299.7505 51479.702 -67603.6 5696.94 -73300.6 162.85567
2.72 284.92859 -394.41624 51468.074 -67927.3 5618.16 -73545.5 162.75658
2.73 295.60409 -833.48601 51792.143 -67642.1 5828.65 -73470.8 163.66131
2.74 285.0494 -167.01264 51657.036 -67969.3 5620.54 -73589.8 164.19597
2.75 292.56011 -466.60198 51727.855 -67527.9 5768.63 -73296.5 163.62655
2.76 289.14205 -268.17923 51540.112 -67918.8 5701.24 -73620 162.99406
2.77 284.69522 -801.88636 51828.666 -67779.9 5613.56 -73393.4 164.16576
2.78 278.79448 -934.39262 51847.999 -67998.1 5497.21 -73495.3 163.76459
2.79 291.01155 -582.16745 51726.43 -67650.5 5738.1 -73388.6 163.5282
2.8 288.03199 -729.97218 51874.724 -67962.5 5679.35 -73641.8 163.99979
2.81 286.27402 -1002.5781 51787.193 -67635.8 5644.69 -73280.5 163.58109
2.82 297.70281 -16.449353 51362.945 -67871.3 5870.04 -73741.4 163.13251
2.83 292.51637 -605.50425 51682.37 -67609.5 5767.77 -73377.3 163.62205
2.84 291.80267 -584.80902 51690.409 -67709.1 5753.7 -73462.8 163.39272
2.85 293.02245 -197.5153 51572.92 -67729.8 5777.75 -73507.6 163.75289
2.86 290.00847 -652.78646 51792.127 -67678.1 5718.32 -73396.4 163.6169
2.87 285.60722 -866.57089 51841.154 -67753.2 5631.54 -73384.8 163.68805
2.88 300.64964 -41.15602 51453.016 -67764.2 5928.14 -73692.3 162.91043
2.89 296.60528 -633.18263 51743.769 -67876.5 5848.4 -73724.9 163.86607
2.9 295.29963 -108.8299 51541.481 -67541.5 5822.65 -73364.1 162.94361
2.91 290.01388 -443.7713 51642.462 -67640.6 5718.43 -73359.1 163.63486
2.92 298.7134 -451.05611 51723.639 -67734.3 5889.96 -73624.3 163.68484
2.93 293.38059 -889.54501 51858.393 -67895.7 5784.81 -73680.5 164.31313
2.94 297.24028 -181.01443 51528.988 -67898.2 5860.92 -73759.1 163.36093
2.95 295.07865 -535.29694 51842.256 -67434.1 5818.29 -73252.4 163.96177
2.96 291.0971 -590.0969 51712.177 -67772.1 5739.79 -73511.9 164.03628
2.97 292.67349 -997.7107 51950.251 -67483.5 5770.87 -73254.4 164.37553
2.98 293.24966 -456.8296 51769.666 -67542.4 5782.23 -73324.7 163.97777
2.99 276.1305 -813.77925 51887.95 -68166.8 5444.68 -73611.5 163.97994
3 301.20782 -563.51586 51703.738 -67574.5 5939.15 -73513.6 163.37654
3.01 295.00939 -439.41309 51698.458 -67581.2 5816.93 -73398.1 163.5466
3.02 287.35452 -624.03319 51708.184 -67889.5 5665.99 -73555.5 163.18275
3.03 296.49844 -589.81041 51741.238 -67537 5846.29 -73383.3 163.40753
3.04 281.5463 -204.16588 51507.721 -68095.2 5551.47 -73646.7 163.04028
3.05 294.40755 -560.77885 51790.264 -67654.3 5805.06 -73459.3 163.93943
3.06 290.30912 -732.44134 51771.5 -67605.4 5724.25 -73329.7 163.50397
3.07 293.03277 -449.6763 51663.501 -67789.7 5777.95 -73567.7 163.5753
3.08 295.32029 -337.88132 51592.996 -67582.2 5823.06 -73405.2 162.86326
3.09 297.79264 128.0795 51263.517 -67612.3 5871.81 -73484.1 162.28279
3.1 290.9662 -968.68146 51763.925 -67860.9 5737.21 -73598.1 163.21802
3.11 299.53817 -305.26125 51601.113 -67361.3 5906.23 -73267.5 163.27128
3.12 282.45626 -255.23745 51416.497 -67809.3 5569.41 -73378.7 162.87509
3.13 299.44045 -656.4338 51649.619 -67434.6 5904.3 -73338.9 163.11148
3.14 297.34221 -556.61977 51695.738 -67661.5 5862.93 -73524.4 163.481
3.15 294.77293 -785.73318 51808.872 -67809.5 5812.27 -73621.8 163.87963
3.16 291.41043 -1114.6071 51952.211 -67306 5745.96 -73052 163.76147
3.17 293.61026 37.573838 51469.514 -67595.4 5789.34 -73384.7 162.84352
3.18 287.89737 -142.1395 51457.37 -67632.7 5676.69 -73309.4 162.76596
3.19 288.68556 -482.79003 51587.425 -67995.3 5692.24 -73687.6 162.7374
3.2 295.24393 116.11752 51333.941 -67601.1 5821.55 -73422.6 162.90464
3.21 295.44666 -368.3049 51694.429 -67560.5 5825.55 -73386 163.19928
3.22 291.99107 -670.63664 51859.458 -67711 5757.41 -73468.5 163.86335
3.23 293.66527 -704.7925 51806.155 -67580.3 5790.43 -73370.7 163.46806
3.24 292.79069 -661.08667 51763.709 -67980.8 5773.18 -73753.9 163.2698
3.25 285.76786 -414.74998 51622.656 -67742.4 5634.71 -73377.1 162.99731
3.26 288.57729 -799.41679 51898.924 -67793.8 5690.1 -73483.9 163.19729
3.27 297.83223 -252.30585 51647.395 -67440.5 5872.59 -73313.1 163.15636
3.28 293.45297 -439.37406 51593.732 -67793.5 5786.24 -73579.8 162.35658
3.29 296.0332 -315.57223 51691.634 -67525.7 5837.12 -73362.8 163.11849
3.3 293.58745 -480.75292 51673.4 -67828.5 5788.89 -73617.4 163.13205
3.31 283.99028 -563.37509 51792.712 -67675.1 5599.66 -73274.8 162.85191
3.32 303.4441 34.496902 51510.205 -67519.7 5983.24 -73502.9 162.7668
3.33 300.1322 -469.87527 51721.697 -67615.6 5917.94 -73533.5 163.2783
3.34 294.34027 -484.81395 51624.6 -67687.9 5803.73 -73491.7 163.0205
3.35 289.0843 -258.0192 51503.263 -68082.4 5700.1 -73782.5 162.79671
3.36 297.09856 -726.77862 51783.662 -67667.2 5858.12 -73525.3 163.48054
3.37 280.37357 -217.98568 51490.614 -68043.9 5528.34 -73572.2 162.43606
3.38 297.52195 -186.72989 51468.787 -67586.9 5866.47 -73453.4 162.57553
3.39 291.02787 -321.1582 51483.687 -67771.5 5738.42 -73509.9 162.16681
3.4 295.49359 -217.30296 51528.122 -67837.2 5826.48 -73663.7 162.86218
3.41 290.05328 -687.70977 51825.63 -67710 5719.2 -73429.2 163.79274
3.42 287.32189 -419.60987 51581.612 -67851.9 5665.35 -73517.2 163.18677
3.43 296.44715 -119.02784 51451.733 -67874.1 5845.28 -73719.3 162.94781
3.44 288.87785 -778.06035 51837.455 -67505.9 5696.03 -73201.9 164.01765
3.45 298.40063 -449.22897 51621.072 -67696.3 5883.8 -73580.1 163.61323
3.46 284.4629 -591.97831 51748.786 -67786.2 5608.97 -73395.2 163.57301
3.47 294.77465 -692.42818 51774.978 -67485.6 5812.3 -73297.9 163.57474
3.48 279.10086 -516.5331 51556.938 -67654.2 5503.25 -73157.5 163.01089
3.49 295.6297 18.250581 51432.214 -67720.7 5829.16 -73549.9 163.06137
3.5 295.58037 -1034.8166 51982.934 -67434.1 5828.19 -73262.3 163.85787
3.51 286.97861 -612.49598 51645.694 -67790.1 5658.58 -73448.7 162.95356
3.52 312.96344 -464.58231 51721.743 -67472.5 6170.94 -73643.4 163.64631
3.53 286.97491 -871.57575 51871.773 -67916.4 5658.51 -73574.9 163.92981
3.54 299.46007 -147.02652 51432.011 -67313 5904.69 -73217.7 162.93488
3.55 287.2116 -571.72157 51637.117 -67859 5663.17 -73522.1 163.4789
3.56 302.7047 -696.76314 51804.181 -67554.5 5968.66 -73523.1 163.89909
3.57 296.20061 12.325203 51476.203 -67600.5 5840.42 -73440.9 163.16496
3.58 289.46355 -431.6919 51644.565 -67962.9 5707.58 -73670.5 163.25489
3.59 285.71871 -540.1609 51719.877 -67727.8 5633.74 -73361.6 163.46136
3.6 290.1207 -494.74973 51648.059 -67892.1 5720.53 -73612.7 163.22358
3.61 291.51492 -411.38768 51700.03 -67699.1 5748.02 -73447.1 163.5947
3.62 287.55689 -309.4868 51588.391 -67859.7 5669.98 -73529.7 163.28709
3.63 301.2158 -54.354396 51454.041 -67643.4 5939.3 -73582.7 163.12777
3.64 280.98934 -624.46221 51732.461 -68046.4 5540.48 -73586.9 163.79567
3.65 295.94467 -377.76548 51681.937 -67546.1 5835.37 -73381.5 163.92374
3.66 297.25314 -655.74389 51757.07 -67514.7 5861.17 -73375.9 163.51731
3.67 301.22677 -742.92962 51785.505 -67491 5939.52 -73430.5 164.08278
3.68 280.8945 -708.94145 51747.575 -68006.1 5538.61 -73544.7 163.75291
3.69 305.67465 -221.08666 51505.589 -67546.7 6027.22 -73573.9 163.19933
3.7 288.02459 -508.0457 51620.052 -67648.5 5679.2 -73327.7 163.39768
3.71 297.68417 -168.94247 51515.03 -67458.8 5869.67 -73328.5 163.24969
3.72 297.84168 -697.43316 51800.333 -67691.2 5872.77 -73563.9 163.46027
3.73 295.46818 -717.01886 51787.397 -67716 5825.97 -73542 164.40375
3.74 284.37995 -362.28412 51593.139 -68027.7 5607.34 -73635.1 163.59405
3.75 295.12652 -218.21913 51600.341 -67658.8 5819.24 -73478.1 163.38855
3.76 290.07314 -374.42823 51531.252 -67492.5 5719.6 -73212.1 163.44841
3.77 285.40442 -489.68558 51624.636 -67753.7 5627.54 -73381.3 163.6052
3.78 293.9503 -601.90441 51758.176 -67418.8 5796.04 -73214.8 163.83916
3.79 288.03496 -349.35267 51648.261 -67810 5679.41 -73489.4 164.00764
3.8 302.8908 -38.050818 51473.511 -67406.9 5972.33 -73379.3 163.34127
3.81 290.05163 -793.3896 51838.133 -67834 5719.17 -73553.2 164.14124
3.82 289.92998 -435.92359 51637.179 -67706.5 5716.77 -73423.3 163.49016
3.83 288.0551 -688.56383 51704.665 -67622.5 5679.8 -73302.3 163.74568
3.84 288.70087 -562.47918 51692.642 -68063.1 5692.54 -73755.7 163.58334
3.85 293.12794 -268.49054 51599.792 -67522.7 5779.83 -73302.5 163.86967
3.86 299.43319 -979.88275 51912.825 -67610.4 5904.16 -73514.5 163.80615
3.87 282.51231 -42.423429 51436.518 -68024.9 5570.51 -73595.4 163.41914
3.88 296.43399 -493.65947 51714.64 -67631.1 5845.02 -73476.2 163.72495
3.89 298.91684 -592.8397 51799.17 -67452.2 5893.97 -73346.2 163.69065
3.9 297.41348 -854.30666 51867.884 -67261.8 5864.33 -73126.2 163.80285
3.91 290.4637 -930.16589 51833.748 -67813 5727.3 -73540.3 163.95734
3.92 293.73023 -930.61678 51916.565 -67385.5 5791.71 -73177.2 164.04805
3.93 293.06724 -501.21114 51616.322 -67697.9 5778.63 -73476.5 163.70789
3.94 299.26926 -383.64302 51513.125 -67507.7 5900.92 -73408.6 163.55141
3.95 296.17728 -9.0942538 51552.805 -67830 5839.96 -73670 163.74862
3.96 289.30128 -593.96038 51631.653 -67763.1 5704.38 -73467.5 163.92284
3.97 294.41289 -371.13626 51507.838 -67585.1 5805.17 -73390.3 163.90922
3.98 293.43129 -535.80425 51522.383 -67717.7 5785.81 -73503.5 163.5044
3.99 302.44503 -962.15488 51803.325 -67425.1 5963.54 -73388.6 164.08169
4 286.77885 -636.27895 51592.646 -67821.3 5654.64 -73475.9 163.83357
4.01 294.968 -464.5048 51589.651 -67579 5816.11 -73395.1 163.8651
4.02 299.05635 -589.83167 51555.871 -67474.5 5896.73 -73371.2 164.09252
4.03 291.36977 -430.78863 51588.083 -67732 5745.16 -73477.1 164.3202
4.04 302.05308 -527.35967 51680.762 -67317.8 5955.81 -73273.6 164.25529
4.05 292.53327 -562.83833 51678.834 -67658.2 5768.1 -73426.3 164.64168
4.06 283.33095 -781.12552 51671.795 -67968.9 5586.66 -73555.5 164.44255
4.07 305.11922 -736.18183 51789.279 -67567.3 6016.27 -73583.5 164.88102
4.08 303.1701 -598.85244 51719.787 -67592.9 5977.84 -73570.7 164.53642
4.09 289.03694 -467.88055 51594.596 -67756.4 5699.16 -73455.6 164.41523
4.1 289.92718 -408.1407 51633.717 -67475.8 5716.72 -73192.5 164.49592
4.11 285.41501 -1133.3975 51834.195 -67746.1 5627.75 -73373.9 164.87191
4.12 294.54437 -243.39937 51568.481 -67438.4 5807.76 -73246.1 164.51189
4.13 295.96414 -459.25877 51651.509 -67562.6 5835.75 -73398.3 164.57478
4.14 286.91135 -1059.1709 51851.759 -67737.1 5657.25 -73394.3 164.80941
4.15 293.72102 -299.38974 51411.044 -67854.9 5791.52 -73646.4 163.85781
4.16 292.4732 -519.93334 51623.783 -67554 5766.92 -73320.9 164.27487
4.17 296.17627 -185.26398 51526.545 -67674.1 5839.94 -73514 164.60314
4.18 287.56888 76.758673 51401.287 -67605.9 5670.22 -73276.1 164.84899
4.19 294.80127 -661.76955 51698.431 -67713.8 5812.82 -73526.6 164.81693
4.2 278.59572 -696.10692 51783.566 -67907.3 5493.29 -73400.6 165.36718
4.21 296.7172 -629.75641 51821.685 -67646.6 5850.6 -73497.2 165.33345
4.22 285.55602 -411.21829 51545.173 -68073.9 5630.53 -73704.4 164.95554
4.23 294.34843 -140.27079 51487.568 -67579.9 5803.9 -73383.8 164.95698
4.24 301.54805 -668.33317 51801.397 -67724.7 5945.86 -73670.6 165.45293
4.25 295.47344 -459.60763 51628.956 -67584.8 5826.08 -73410.9 164.7026
4.26 285.5715 -1083.6423 51907.323 -67813.4 5630.83 -73444.2 165.78631
4.27 298.37612 -929.20654 51864.112 -67340.2 5883.31 -73223.5 165.80146
4.28 294.42175 -477.18939 51638.328 -67807.3 5805.34 -73612.6 165.42975
4.29 295.50629 -333.89928 51621.149 -67833.3 5826.73 -73660 165.07098
4.3 293.21802 -698.52867 51792.596 -67704.1 5781.61 -73485.7 165.53088
4.31 282.88021 -253.75069 51624.262 -67903.4 5577.77 -73481.1 165.24901
4.32 298.58758 -566.88452 51637.374 -67467.9 5887.48 -73355.4 164.8714
4.33 286.426 -193.60639 51471.364 -67690.5 5647.68 -73338.2 165.01639
4.34 287.46126 -202.47887 51397.429 -67670.8 5668.1 -73338.9 164.57214
4.35 286.98812 -33.74904 51378.572 -67747.4 5658.77 -73406.1 164.61908
4.36 300.15959 -512.07741 51686.335 -67422.5 5918.48 -73341 164.95201
4.37 298.41257 -283.94325 51541.487 -67926.1 5884.03 -73810.1 164.65907
4.38 283.28931 -846.46068 51765.014 -67757.1 5585.83 -73343 165.34556
4.39 292.25143 -807.86555 51893.217 -67607.5 5762.55 -73370.1 165.64388
4.4 309.91788 -281.9577 51603.551 -67461.2 6110.89 -73572.1 165.235
4.41 297.12263 -545.58983 51665.011 -67534.8 5858.6 -73393.4 165.6018
4.42 290.47048 -711.53677 51757.385 -67998 5727.43 -73725.4 165.57621
4.43 293.55357 -337.02393 51519.939 -67583.9 5788.22 -73372.1 164.91093
4.44 286.25075 -352.2656 51568.263 -67866.5 5644.23 -73510.8 165.15744
4.45 282.72793 -691.54629 51569.732 -67551.8 5574.76 -73126.6 164.76727
4.46 286.38661 -416.7364 51459.44 -68066.1 5646.91 -73713 164.97476
4.47 286.56694 -457.97969 51575.606 -67721.8 5650.46 -73372.3 164.29104
4.48 294.45781 -647.45519 51626.896 -67589.8 5806.05 -73395.8 165.15991
4.49 295.87263 -217.56634 51350.658 -67634.6 5833.95 -73468.5 164.15664
4.5 295.01218 -610.87065 51486.63 -67661.7 5816.98 -73478.7 164.32193
4.51 292.31085 -653.42313 51667.672 -67723.4 5763.72 -73487.2 164.82513
4.52 297.56509 -856.92413 51820.337 -67413.5 5867.32 -73280.8 165.08572
4.53 293.31565 21.566939 51445.963 -67793.1 5783.53 -73576.6 164.84141
4.54 291.59069 -748.88547 51656.139 -67402.1 5749.52 -73151.6 165.01529
4.55 290.22926 -86.722418 51510.635 -67789 5722.67 -73511.7 164.85392
4.56 288.36326 -997.15756 51745.702 -67685 5685.88 -73370.9 165.18542
4.57 297.63513 -289.33674 51601.601 -67675.8 5868.7 -73544.5 164.86591
4.58 302.22337 -396.37074 51514.101 -67520.2 5959.17 -73479.3 165.21632
4.59 288.56321 -470.99328 51548.229 -67638.1 5689.82 -73327.9 165.30667
4.6 297.52498 -272.95474 51517.001 -67505.4 5866.53 -73371.9 165.15409
4.61 280.84908 -852.26246 51789.935 -67927.2 5537.72 -73464.9 165.53915
4.62 291.88737 -823.11587 51843.259 -67567.5 5755.37 -73322.9 165.99165
4.63 282.90676 -563.12291 51722.604 -67825.3 5578.29 -73403.6 165.89637
4.64 291.9602 -340.36584 51528.716 -67743.6 5756.8 -73500.4 164.98779
4.65 301.25202 -65.581349 51548.374 -67526.3 5940.02 -73466.3 165.17898
4.66 283.66998 -817.84245 51829.655 -67770.7 5593.34 -73364.1 165.55423
4.67 295.51711 -1093.9756 51903.708 -67483.6 5826.94 -73310.6 165.95721
4.68 296.09632 -701.91959 51670.192 -67661.7 5838.36 -73500 165.6236
4.69 274.02415 -834.37567 51918.438 -68050.2 5403.15 -73453.3 166.25608
4.7 304.36202 -211.53586 51588.496 -67530.7 6001.34 -73532 165.70797
4.71 284.86385 -422.09757 51637.854 -67777.7 5616.88 -73394.6 165.48467
4.72 286.68481 -486.06675 51641.991 -67732 5652.79 -73384.8 165.7191
4.73 300.31465 -1243.7964 52002.455 -67372.1 5921.54 -73293.6 166.26758
4.74 287.90713 -402.88709 51476.925 -67845.4 5676.89 -73522.3 165.28513
4.75 296.1787 -193.08024 51434.78 -67556.6 5839.98 -73396.6 165.17105
4.76 290.9821 -877.41985 51888.76 -67768.6 5737.52 -73506.2 165.92922
4.77 295.57045 -270.07275 51594.968 -67404.5 5827.99 -73232.5 165.22921
4.78 292.51344 -382.91215 51531.572 -67774.4 5767.71 -73542.1 165.34671
4.79 291.61129 8.032236 51389.337 -67712.2 5749.93 -73462.1 165.0822
4.8 294.60874 -507.19094 51756.423 -67757.1 5809.03 -73566.1 166.00384
4.81 298.42661 -796.99894 51729.731 -67640.4 5884.31 -73524.7 165.79614
4.82 285.91007 87.04903 51288.001 -67993.4 5637.51 -73630.9 164.77513
4.83 296.66371 -725.67944 51834.295 -67533.7 5849.55 -73383.2 165.69203
4.84 287.12697 -448.74139 51635.339 -67898.3 5661.5 -73559.8 165.46388
4.85 298.35004 -17.414215 51587.272 -67595.9 5882.8 -73478.7 165.41618
4.86 300.63377 -515.63878 51700.496 -67866.8 5927.83 -73794.6 165.93933
4.87 305.71547 -402.15658 51661.105 -67204.2 6028.03 -73232.2 165.93222
4.88 293.06009 -1267.2 52002.194 -67834.2 5778.49 -73612.7 166.34919
4.89 301.44901 -577.52918 51746.429 -67402.1 5943.9 -73346 165.77264
4.9 291.17642 -495.57423 51575.006 -67824.1 5741.35 -73565.4 165.94687
4.91 301.68745 -929.36067 51937.943 -67456.1 5948.6 -73404.7 166.0941
4.92 297.98517 -1148.068 51938.128 -67583.8 5875.6 -73459.4 166.2654
4.93 294.37295 -1083.2603 51931.926 -67589.7 5804.38 -73394.1 166.18584
4.94 289.39711 -675.05103 51725.246 -67918.2 5706.27 -73624.5 166.08364
4.95 307.24302 5.007981 51409.906 -67560.2 6058.15 -73618.3 165.48141
4.96 284.85521 -906.48702 51732.729 -67915.8 5616.71 -73532.5 165.99007
4.97 310.83315 -162.68674 51568.735 -67333.3 6128.94 -73462.2 165.59631
4.98 295.51335 -412.36635 51653.127 -67736.5 5826.86 -73563.4 165.86677
4.99 291.49322 -833.11819 51792.917 -67777.5 5747.6 -73525.1 165.88237
5 289.91101 -220.93002 51613.114 -67811.9 5716.4 -73528.3 165.40041
5.01 297.35398 -30.839022 51421.125 -67867.4 5863.16 -73730.5 165.35668
5.02 297.18049 -694.55331 51808.518 -67525.7 5859.74 -73385.5 166.38351
5.03 292.66645 -678.90048 51793.748 -67751.1 5770.73 -73521.9 166.10734
5.04 296.13305 -189.02337 51552.391 -67423.7 5839.08 -73262.8 165.7171
5.05 288.25068 -317.04524 51460.534 -67880.5 5683.66 -73564.2 165.53118
5.06 291.78477 -693.99896 51788.087 -67569.3 5753.35 -73322.7 166.02288
5.07 286.44234 -730.13212 51800.342 -67828.1 5648.01 -73476.1 166.05717
5.08 290.66225 -1100.8284 51970.02 -67654.5 5731.21 -73385.7 166.15842
5.09 297.4688 -483.21279 51783.947 -67521 5865.42 -73386.4 166.22955
5.1 288.95621 -1006.4887 51946.876 -67940.6 5697.57 -73638.2 166.09665
5.11 295.06694 -800.02689 51725.832 -67604.6 5818.06 -73422.6 166.15764
5.12 291.64935 -752.07453 51730.862 -67684.2 5750.68 -73434.9 166.11399
5.13 290.26845 -316.43444 51617.697 -67604.6 5723.45 -73328 165.63957
5.14 290.87428 -826.78626 51885.725 -67805.1 5735.39 -73540.5 166.20895
5.15 305.66424 -550.11007 51751.546 -67500.9 6027.02 -73527.9 166.07636
5.16 289.71709 43.37456 51445.677 -67907.6 5712.58 -73620.2 165.5312
5.17 298.82163 -55.043481 51397.356 -67590.7 5892.1 -73482.8 165.51302
5.18 293.19806 -706.86188 51865.765 -67773 5781.21 -73554.3 166.67693
5.19 284.43654 -718.80021 51670.867 -67861.6 5608.45 -73470 166.41107
5.2 292.89099 -197.72667 51488.886 -67682 5775.16 -73457.2 165.88669
5.21 301.4383 -285.05593 51618.023 -67470.7 5943.69 -73414.4 166.09476
5.22 299.61517 -624.94877 51780.86 -67724.3 5907.74 -73632.1 166.34395
5.23 310.66291 -501.39582 51758.588 -67378.9 6125.58 -73504.5 166.2608
5.24 287.66446 -542.54537 51583.522 -67829.9 5672.1 -73502.1 166.25579
5.25 296.31639 -1123.4798 51930.35 -67495.8 5842.7 -73338.5 166.95745
5.26 292.20331 -170.81142 51435.878 -67800.1 5761.6 -73561.7 165.86624
5.27 290.90642 -614.62076 51707.288 -67583.4 5736.03 -73319.4 166.48862
5.28 289.86123 -584.39422 51752.199 -67702.3 5715.42 -73417.7 166.62868
5.29 298.19308 -514.76238 51595.821 -67526.2 5879.7 -73405.9 166.17513
5.3 287.40402 -724.61213 51738.324 -67871.7 5666.97 -73538.7 166.10452
5.31 296.89227 -301.85365 51585.652 -67630.3 5854.05 -73484.3 165.88893
5.32 290.9264 60.647135 51440.1 -67737.6 5736.42 -73474.1 165.70161
5.33 291.54146 -252.13217 51725.908 -67809.9 5748.55 -73558.5 166.41736
5.34 285.24214 -445.93761 51672.949 -68070.5 5624.34 -73694.9 166.35572
5.35 296.17163 -439.06717 51761.895 -67693.1 5839.84 -73532.9 166.30838
5.36 291.58876 -170.33217 51496.803 -67974.6 5749.48 -73724 166.09277
5.37 298.63948 -259.69551 51630.023 -67557.3 5888.51 -73445.8 166.25253
5.38 292.97427 -822.30533 51891.213 -67711.8 5776.8 -73488.6 166.84366
5.39 290.85377 -0.02237701 51378.978 -67718.7 5734.99 -73453.7 166.04185
5.4 286.07049 -77.267373 51506.523 -67764.3 5640.67 -73405 165.87433
5.41 292.405 -155.5184 51509.131 -67550.2 5765.58 -73315.8 165.95569
5.42 295.0026 -438.76395 51568.063 -67950.9 5816.79 -73767.7 166.07914
5.43 293.5905 -180.42592 51463.022 -67736 5788.95 -73525 165.7309
5.44 294.99655 -569.31908 51697.554 -67686.1 5816.68 -73502.8 166.22868
5.45 291.09338 -558.58705 51716.525 -67955.6 5739.71 -73695.3 166.45516
5.46 283.74198 -498.1738 51624.866 -67826.6 5594.76 -73421.3 166.23905
5.47 289.36536 -491.73622 51643.862 -67835.6 5705.64 -73541.2 166.22446
5.48 302.27251 -94.641399 51359.865 -67523.3 5960.14 -73483.4 165.40709
5.49 284.64912 -711.6894 51762.592 -67924.6 5612.65 -73537.2 166.69816
5.5 288.16132 -387.72306 51529.831 -67620 5681.9 -73301.9 166.32831
5.51 291.3564 -859.42965 51834.327 -67697.7 5744.9 -73442.6 166.76713
5.52 309.08515 -158.00581 51573.072 -67405.4 6094.47 -73499.9 166.24897
5.53 287.20546 -457.00493 51586.515 -67801.5 5663.05 -73464.6 166.51531
5.54 289.53195 -458.43603 51652.027 -67482.9 5708.93 -73191.9 166.06887
5.55 293.42151 -266.07824 51562.387 -68033.3 5785.62 -73818.9 166.15069
5.56 291.1394 -550.04599 51674.257 -67673.9 5740.62 -73414.5 166.19592
5.57 297.95644 -297.19351 51617.461 -67733.1 5875.04 -73608.2 166.32322
5.58 296.5042 -665.12644 51846.951 -67437.9 5846.4 -73284.3 166.70346
5.59 288.47701 -337.60625 51581.571 -67897 5688.12 -73585.1 166.3004
5.6 298.00824 -663.00964 51737.328 -67495.4 5876.06 -73371.5 166.50872
5.61 285.19851 -488.25025 51622.482 -67844.5 5623.48 -73468 166.36388
5.62 291.74247 -342.87101 51481.408 -67561.7 5752.51 -73314.2 165.76837
5.63 286.3047 -824.06723 51804.351 -67720.2 5645.29 -73365.5 166.17123
5.64 290.80281 -553.21044 51680.479 -67732.7 5733.98 -73466.7 166.0368
5.65 295.28566 -190.03317 51491.213 -67598.3 5822.38 -73420.7 166.25578
5.66 289.22476 -495.03541 51625.112 -67627 5702.87 -73329.9 166.12517
5.67 290.56068 -679.56686 51781.104 -67701 5729.21 -73430.2 166.23992
5.68 296.11988 -190.02187 51552.559 -67448.5 5838.82 -73287.3 166.24293
5.69 286.99335 -628.83195 51724.428 -67912 5658.87 -73570.8 166.2948
5.7 291.11609 -621.47323 51730.473 -67694 5740.16 -73434.2 166.37151
5.71 294.76673 -387.09314 51598.71 -67680.7 5812.14 -73492.8 166.13769
5.72 291.58785 -534.29339 51689.375 -67899 5749.46 -73648.4 166.50009
5.73 292.35296 -459.63543 51584.361 -67203.3 5764.55 -72967.8 166.40994
5.74 287.68042 -444.72391 51632.648 -67805.7 5672.42 -73478.1 166.07148
5.75 295.68471 -217.66758 51416.044 -67485.3 5830.24 -73315.5 165.60034
5.76 285.09562 -425.71331 51577.592 -67818.4 5621.45 -73439.9 166.19477
5.77 288.32918 -395.84978 51583.145 -67743.9 5685.21 -73429.1 166.05816
5.78 286.45644 -616.83325 51680.711 -67932.3 5648.28 -73580.6 166.63718
5.79 298.73498 -415.07145 51656.293 -67533.9 5890.39 -73424.3 166.24418
5.8 283.91052 -413.32909 51527.486 -67864.4 5598.08 -73462.4 165.78001
5.81 294.1434 -915.91582 51855.874 -67563.4 5799.85 -73363.3 166.82392
5.82 287.18118 -883.88138 51822.841 -67877.3 5662.57 -73539.9 166.50883
5.83 298.54457 -1062.4325 51951.314 -67495 5886.63 -73381.6 166.93216
5.84 297.73246 -451.43357 51699.288 -67690.6 5870.62 -73561.2 166.37279
5.85 294.15953 -749.16203 51832.301 -67665.1 5800.17 -73465.3 167.15498
5.86 293.00697 -670.01905 51737.464 -67936.9 5777.44 -73714.4 166.98246
5.87 296.68636 -456.80305 51715.664 -67614 5849.99 -73464 166.87708
5.88 286.87164 -818.94414 51919.381 -67946.3 5656.47 -73602.8 167.4393
5.89 298.53798 -802.65742 51813.255 -67891.7 5886.5 -73778.2 167.11254
5.9 290.53252 -399.76678 51743.443 -67724.8 5728.65 -73453.5 166.98975
5.91 288.11985 -83.226054 51493.611 -67916.8 5681.08 -73597.9 166.26215
5.92 290.78161 -409.17169 51730.463 -67889.9 5733.57 -73623.5 166.78748
5.93 290.21141 -886.51845 51901.334 -67937 5722.32 -73659.3 166.87629
5.94 297.8024 -722.41755 51890.297 -67533.5 5872 -73405.5 166.98728
5.95 294.39205 -826.06302 51957.723 -67741.7 5804.76 -73546.4 167.14795
5.96 294.19361 -725.3782 51895.041 -67537.8 5800.84 -73338.7 167.04229
5.97 288.16525 -104.18449 51606.043 -67791.1 5681.98 -73473.1 166.56007
5.98 300.11769 -412.05175 51712.224 -67771.2 5917.65 -73688.9 166.75416
5.99 297.94147 -251.37602 51553.887 -67604.1 5874.74 -73478.8 166.38321
6 289.62981 -732.17716 51864.941 -67701.4 5710.85 -73412.3 167.1653
6.01 295.41656 -759.21122 51783.367 -67446 5824.96 -73270.9 166.98287
6.02 292.96667 -385.59277 51597.335 -67337.5 5776.65 -73114.1 166.74827
6.03 300.27801 163.00505 51421.985 -67618.1 5920.81 -73538.9 166.17064
6.04 291.00286 61.335707 51498.772 -67826 5737.93 -73563.9 166.10786
6.05 300.86576 -177.49893 51640.84 -67419.9 5932.4 -73352.3 166.51899
6.06 291.07655 -329.67656 51507.157 -67779.1 5739.38 -73518.5 166.21266
6.07 297.2119 -778.38571 51806.018 -67752.1 5860.36 -73612.5 166.42181
6.08 292.19313 -857.7735 51857.888 -67605.1 5761.4 -73366.5 166.82738
6.09 287.09668 172.10545 51399.284 -67901.5 5660.91 -73562.4 166.06045
6.1 296.32202 -411.80383 51632.463 -67762.6 5842.81 -73605.4 166.68218
6.11 287.95913 -464.09211 51595.916 -67840.2 5677.91 -73518.1 166.21389
6.12 290.95097 -343.94006 51544.179 -67642.2 5736.9 -73379.1 166.14153
6.13 288.71656 -234.16945 51660.59 -67912.4 5692.85 -73605.3 166.56728
6.14 298.68493 -791.73806 51919.092 -67488.1 5889.4 -73377.5 167.46547
6.15 289.53845 -697.33114 51740.129 -67729 5709.05 -73438.1 167.02997
6.16 291.04302 -725.43468 51743.797 -67536.7 5738.72 -73275.5 166.82327
6.17 297.80719 -124.63945 51522.295 -67667.5 5872.09 -73539.6 166.49882
6.18 293.09984 -645.4484 51773.235 -67419.5 5779.28 -73198.8 166.82083
6.19 295.49289 -376.86429 51678.682 -67841.5 5826.46 -73668 166.77398
6.2 293.14914 -747.48396 51811.749 -67264.2 5780.25 -73044.5 166.81238
6.21 299.34723 -360.95264 51645.212 -67846.1 5902.46 -73748.6 166.73175
6.22 285.41756 -372.14364 51594.112 -67818.4 5627.8 -73446.2 166.44071
6.23 300.88571 -499.39994 51679.451 -67457.3 5932.8 -73390.1 166.70999
6.24 288.53723 -528.07468 51633.036 -67893.9 5689.31 -73583.2 166.50453
6.25 290.29901 -690.52138 51720.628 -67497.7 5724.05 -73221.8 166.9553
6.26 304.85957 -292.62864 51496.884 -67743.9 6011.15 -73755 166.35111
6.27 285.07887 -925.61604 51732.798 -67817.6 5621.12 -73438.7 166.85993
6.28 300.93483 -258.9218 51526.128 -67478.8 5933.76 -73412.6 166.35524
6.29 288.5517 -447.62058 51665.607 -67683.4 5689.6 -73373 166.82171
6.3 293.90544 -448.42729 51612.242 -67664 5795.16 -73459.1 166.57444
6.31 291.93215 -14.380825 51326.864 -67617.7 5756.25 -73373.9 166.15419
6.32 303.74394 -346.0644 51553.617 -67470.4 5989.15 -73459.5 166.76133
6.33 296.4091 -1114.2593 51937.82 -67560.2 5844.53 -73404.7 167.24227
6.34 287.72684 -289.25847 51514.936 -67903.2 5673.33 -73576.5 166.53868
6.35 298.61754 198.08703 51310.269 -67610.4 5888.07 -73498.5 166.1298
6.36 300.98978 -313.43133 51415.387 -67618.6 5934.85 -73553.4 166.11551
6.37 298.91606 -645.21514 51626.949 -67418.6 5893.96 -73312.6 166.71863
6.38 294.12422 -86.134904 51410.876 -67742.9 5799.47 -73542.4 166.38559
6.39 296.42642 -117.78443 51484.433 -67648 5844.87 -73492.8 166.68175
6.4 301.64446 -809.15396 51713.134 -67671.4 5947.76 -73619.1 167.08179
6.41 292.59295 -333.13224 51482.419 -67465.3 5769.28 -73234.5 166.92164
6.42 288.83114 95.458808 51293.616 -67738.6 5695.11 -73433.7 166.39481
6.43 293.49328 -226.14226 51479.552 -67606.3 5787.03 -73393.3 166.76086
6.44 282.48692 -214.6277 51400.187 -67980.4 5570.01 -73550.4 166.47484
6.45 296.39801 -730.09529 51696.388 -67679.6 5844.31 -73523.9 167.1116
6.46 279.75594 -521.68397 51682.806 -68170.1 5516.16 -73686.3 166.79176
6.47 300.97108 -870.36031 51858.948 -67602.9 5934.48 -73537.4 167.62659
6.48 279.94221 -716.2614 51681.809 -68028.8 5519.84 -73548.6 166.91701
6.49 292.88778 -612.15603 51621.627 -67737.9 5775.09 -73513 166.96264
6.5 293.51826 -455.86571 51691.741 -67745.6 5787.53 -73533.1 167.17651
6.51 298.82539 -953.20751 51822.452 -67281.5 5892.17 -73173.7 167.54968
6.52 294.25351 -762.93803 51759.899 -67726.9 5802.02 -73529 167.35508
6.53 296.44654 -374.61558 51651.659 -67534 5845.27 -73379.2 167.00482
6.54 297.78609 -188.49587 51529.726 -67526.6 5871.68 -73398.3 166.77512
6.55 288.86973 -436.15089 51587.493 -67577.2 5695.87 -73273 166.95224
6.56 293.24716 -395.36109 51596.867 -67957.8 5782.18 -73739.9 167.03664
6.57 273.49193 -928.18157 51880.73 -67779.4 5392.65 -73172.1 167.64771
6.58 290.67989 -327.44324 51581.452 -67429.6 5731.56 -73161.2 167.12016
6.59 292.35398 -761.68991 51820.165 -67723.2 5764.57 -73487.8 167.44828
6.6 295.68328 -667.51541 51686.158 -67700.3 5830.22 -73530.5 167.35952
6.61 297.4305 -186.08271 51530.133 -67524.3 5864.67 -73388.9 166.89967
6.62 299.20398 -604.89854 51658.162 -67558.3 5899.64 -73457.9 166.73166
6.63 295.57211 -593.52421 51669.996 -67921.3 5828.02 -73749.3 166.89176
6.64 290.15844 -302.97587 51503.551 -67541.2 5721.28 -73262.5 166.48514
6.65 299.16211 -471.59454 51597.958 -67944.6 5898.81 -73843.5 166.47462
6.66 293.34321 -722.03706 51798.513 -67746.6 5784.07 -73530.6 166.99356
6.67 293.48346 -478.72052 51618.503 -67619.2 5786.84 -73406.1 167.1997
6.68 294.68759 -1206.8389 51946.167 -67787.8 5810.58 -73598.4 167.87535
6.69 286.06078 -504.38315 51648.777 -67763.8 5640.48 -73404.3 167.29491
6.7 290.51316 -29.427207 51428.928 -67644.8 5728.27 -73373 166.93422
6.71 291.20216 -360.09569 51686.499 -67933.9 5741.86 -73675.7 167.35464
6.72 303.52758 -812.83043 51839.165 -67578.6 5984.89 -73563.5 167.74171
6.73 294.1552 -832.35366 51873.125 -67674.3 5800.09 -73474.3 167.78543
6.74 293.00315 -759.38253 51765.301 -67677.7 5777.37 -73455.1 167.22786
6.75 290.49589 -599.40148 51627.725 -67447.3 5727.93 -73175.2 166.72662
6.76 296.36164 -73.888184 51448.757 -67763.4 5843.59 -73607 166.33737
6.77 284.83786 -442.68235 51562.297 -67608.4 5616.37 -73224.7 166.78824
6.78 289.15275 -361.22249 51529.177 -67659.9 5701.45 -73361.3 167.12326
6.79 302.1709 -764.60444 51823.422 -67519.2 5958.14 -73477.4 167.72428
6.8 292.55887 -347.0369 51610.887 -67785.3 5768.61 -73553.9 167.14846
6.81 305.05221 -433.46087 51546.029 -67588.9 6014.95 -73603.9 167.04535
6.82 284.44931 -758.05861 51754.034 -67715.8 5608.71 -73324.5 167.45693
6.83 290.81485 -66.210182 51396.692 -67512.6 5734.22 -73246.8 166.70128
6.84 289.62753 -165.43726 51464.731 -67680.7 5710.81 -73391.5 166.96328
6.85 298.05082 -1090.9238 52036.273 -67512.2 5876.9 -73389.1 168.23745
6.86 291.56262 -139.93484 51472.585 -67969 5748.97 -73718 166.74738
6.87 298.77857 -123.28449 51476.17 -67555.9 5891.25 -73447.2 166.75354
6.88 291.30253 -385.98129 51564.389 -67877.6 5743.84 -73621.5 166.88927
6.89 288.47687 -716.25795 51783.234 -67640.3 5688.12 -73328.4 167.28149
6.9 294.56295 -800.81216 51715.617 -67606.6 5808.13 -73414.7 167.37373
6.91 288.17564 -184.49037 51381.517 -68110.4 5682.18 -73792.6 166.40731
6.92 295.1453 -311.33782 51544.107 -67481.7 5819.61 -73301.3 166.77667
6.93 291.94716 -940.11041 51833.16 -67724.7 5756.55 -73481.2 167.33994
6.94 295.71616 91.493571 51330.541 -67744.9 5830.86 -73575.7 166.88275
6.95 292.89182 -445.17895 51498.537 -67992.1 5775.17 -73767.3 166.81836
6.96 295.51682 -1116.2341 51851.753 -67587.4 5826.93 -73414.3 167.21285
6.97 277.70292 -530.52209 51494.809 -68072.7 5475.68 -73548.4 166.94035
6.98 303.63532 -61.160039 51340.031 -67556.6 5987.01 -73543.6 166.30041
6.99 290.19237 -358.81313 51505.334 -67401.1 5721.95 -73123 166.86791
7 287.01079 -734.54557 51683.118 -67734.5 5659.21 -73393.7 167.33297
7.01 294.51608 -418.73357 51659.786 -67454.8 5807.2 -73262 167.1296
7.02 291.62393 -340.15263 51552.337 -67631.7 5750.17 -73381.9 166.70792
7.03 295.65754 -728.42365 51764.83 -67730 5829.71 -73559.7 167.26619
7.04 296.13322 -595.22582 51601.627 -67631.9 5839.09 -73471 166.50455
7.05 302.57974 -294.46134 51500.644 -67206.8 5966.2 -73173 166.6266
7.06 286.96807 -812.58456 51803.02 -67653.4 5658.37 -73311.8 167.25945
7.07 297.60643 -1158.6711 51893.039 -67274.9 5868.14 -73143 167.47721
7.08 292.82044 -800.41058 51819.049 -67851.7 5773.77 -73625.5 167.56064
7.09 278.16343 -1002.8399 51659.636 -67731.4 5484.76 -73216.2 167.07033
7.1 303.51008 -857.48484 51796.499 -67317.1 5984.54 -73301.6 167.79918
7.11 290.20852 -995.2015 51742.473 -67663.1 5722.27 -73385.4 167.76359
7.12 299.32952 -689.99125 51773.671 -67402.4 5902.11 -73304.5 167.56771
7.13 299.50181 -542.10642 51569.163 -67711.9 5905.51 -73617.5 167.25722
7.14 288.44155 -361.18758 51499.909 -67777.4 5687.42 -73464.8 166.77633
7.15 285.08291 -368.73165 51441.11 -67617.1 5621.2 -73238.3 167.34677
7.16 289.54339 -717.17731 51692.806 -68010 5709.15 -73719.1 167.63349
7.17 296.42984 -562.99522 51652.901 -67498 5844.94 -73342.9 167.56598
7.18 298.31475 -678.24214 51674.529 -67415 5882.1 -73297.1 167.41804
7.19 304.28761 -665.18856 51807.46 -67423.5 5999.87 -73423.4 167.61161
7.2 296.23237 -36.874543 51498.329 -67615.3 5841.04 -73456.4 167.35787
7.21 287.10931 -741.93974 51689.535 -67776 5661.16 -73437.1 167.31891
7.22 300.25006 131.06723 51243.848 -67608.6 5920.26 -73528.8 167.08431
7.23 287.18462 -108.10378 51440.796 -67758.2 5662.64 -73420.8 167.39823
7.24 298.04056 -703.27529 51781.518 -67416.8 5876.7 -73293.5 168.03263
7.25 286.21594 -454.54112 51513.236 -67761.2 5643.54 -73404.7 167.21654
7.26 294.18132 -593.08932 51686.643 -67661 5800.6 -73461.6 167.51723
7.27 293.43595 -778.53774 51806.136 -67601.1 5785.9 -73387 168.24646
7.28 295.41242 -1017.6699 51884.392 -67733.7 5824.87 -73558.6 168.36872
7.29 299.34973 -360.7357 51567.578 -67490.3 5902.51 -73392.9 167.76131
7.3 300.02476 -388.42621 51652.14 -67691.1 5915.82 -73606.9 168.28442
7.31 289.19016 -723.09018 51829.211 -67411.7 5702.19 -73113.9 168.43928
7.32 292.16761 -661.78798 51778.678 -67648.7 5760.89 -73409.6 168.12363
7.33 295.02582 -641.07527 51588.637 -67387.1 5817.25 -73204.3 167.47407
7.34 299.34254 -818.53759 51670.242 -67514 5902.37 -73416.3 167.80552
7.35 299.06446 -356.94996 51480.297 -67451.2 5896.88 -73348.1 167.48799
7.36 296.38477 -663.11192 51842.171 -67923.1 5844.05 -73767.2 167.81784
7.37 284.95562 -376.10996 51573.502 -67705.4 5618.69 -73324.1 167.52704
7.38 283.2568 -859.92682 51694.289 -67789.9 5585.19 -73375.1 167.8473
7.39 297.0167 -763.40478 51774.695 -67400.3 5856.51 -73256.8 168.01153
7.4 292.26573 -905.33985 51876.496 -67543.6 5762.83 -73306.4 167.99243
7.41 297.13466 -309.3663 51551.156 -67748.3 5858.83 -73607.2 167.8923
7.42 295.61006 -915.37715 51740.78 -67488.5 5828.77 -73317.3 168.5264
7.43 287.41086 -574.559 51676.052 -67663.4 5667.1 -73330.5 168.25179
7.44 303.62368 -508.03118 51655.731 -67513.5 5986.78 -73500.3 168.44035
7.45 290.52128 -165.91803 51536.916 -67438 5728.43 -73166.4 167.5441
7.46 294.90554 -426.37781 51563.233 -67647.3 5814.88 -73462.2 167.40074
7.47 290.57902 -416.00861 51534.001 -67862.1 5729.57 -73591.6 167.64583
7.48 294.32675 -679.74401 51695.647 -67619.2 5803.47 -73422.6 167.51497
7.49 293.05086 -46.427615 51321.308 -68024.5 5778.31 -73802.8 166.80521
7.5 295.43929 -719.87542 51823.225 -67560.6 5825.4 -73386 168.3322
7.51 302.64801 -683.19363 51786.993 -67400.5 5967.54 -73368 168.507
7.52 288.19631 -796.38245 51645.223 -67760.8 5682.59 -73443.3 167.69066
7.53 298.54268 -534.83549 51662.777 -67421.1 5886.6 -73307.7 168.14912
7.54 290.96977 -402.11683 51713.38 -67812.1 5737.28 -73549.4 168.31057
7.55 297.75215 -891.86025 51863.6 -67655.8 5871.01 -73526.8 168.15593
7.56 280.10969 -1144.2733 51924.462 -68082.8 5523.14 -73605.9 168.27359
7.57 298.71167 -466.20304 51710.549 -67656.3 5889.93 -73546.3 168.25108
7.58 287.51706 -324.32332 51579.867 -67654 5669.2 -73323.2 167.78653
7.59 282.14896 -737.84785 51685.175 -68090 5563.35 -73653.4 167.84413
7.6 293.47666 -164.7036 51447.301 -67702.2 5786.71 -73488.9 166.9876
7.61 282.79007 -1254.1386 52017.659 -67926.9 5575.99 -73502.8 168.43289
7.62 283.85573 -665.0393 51698.364 -67580.4 5597 -73177.5 168.02289
7.63 292.07498 -674.13081 51646.514 -67962.4 5759.07 -73721.5 167.96013
7.64 290.1873 -472.49382 51611.728 -67515 5721.85 -73236.8 167.86747
7.65 297.53154 -597.48092 51620.744 -67460.4 5866.66 -73327.1 167.99566
7.66 291.50423 -544.07631 51676.458 -67873.9 5747.81 -73621.7 168.22132
7.67 296.9898 -427.07281 51743.735 -67260.4 5855.98 -73116.3 168.10843
7.68 285.26937 -1001.2718 51840.917 -67908.3 5624.88 -73533.2 168.61243
7.69 293.65327 -1231.5486 52008.373 -67865.4 5790.19 -73655.6 168.794
7.7 293.99244 -994.66164 51966.35 -67746.9 5796.88 -73543.7 168.72311
7.71 298.8182 -256.30562 51681.745 -67506.7 5892.03 -73398.7 168.17745
7.72 290.19576 -667.88504 51833.584 -67795 5722.01 -73517 168.41853
7.73 299.77047 -1117.5501 51906.837 -67458.7 5910.81 -73369.5 168.71506
7.74 291.83628 -997.10818 51976.987 -67720.5 5754.36 -73474.8 168.77629
7.75 293.73492 -267.06607 51633.625 -67808.7 5791.8 -73600.5 168.04232
7.76 287.21529 -962.577 51947.371 -67873.8 5663.25 -73537 168.51516
7.77 295.93222 -558.73129 51874.164 -67749 5835.12 -73584.1 168.27057
7.78 300.0457 -309.36747 51587.161 -67737.6 5916.23 -73653.8 167.87422
7.79 288.67101 -12.969929 51392.181 -67495 5691.95 -73187 167.17357
7.8 299.74708 -503.43833 51654.464 -67686.4 5910.34 -73596.8 168.05246
7.81 296.77864 -649.42823 51746.512 -67383.7 5851.81 -73235.5 167.99636
7.82 298.4863 -165.86441 51522.504 -67765.7 5885.49 -73651.2 168.01612
7.83 288.01323 -661.00028 51730.461 -67627.8 5678.98 -73306.8 168.21501
7.84 292.48053 -478.72505 51772.978 -67555.8 5767.06 -73322.9 168.70574
7.85 284.63023 -155.61769 51597.745 -68023.9 5612.27 -73636.2 168.44662
7.86 298.73305 -434.03591 51620.031 -67665.3 5890.35 -73555.7 168.70014
7.87 283.03845 -903.60933 51960.162 -68021.5 5580.89 -73602.4 169.13152
7.88 297.85888 -235.20552 51659.559 -67701.8 5873.11 -73574.9 168.27182
7.89 296.32473 -971.42145 51980.487 -67565.8 5842.86 -73408.7 168.93343
7.9 289.51596 -885.06093 51830.699 -67723 5708.61 -73431.6 168.66564
7.91 302.6695 -597.544 51716.448 -67572.1 5967.97 -73540.1 168.92598
7.92 284.1577 -239.11962 51531.287 -67866 5602.96 -73469 168.46902
7.93 288.08127 -793.31171 51830.136 -67769.7 5680.32 -73450 168.49982
7.94 303.20318 -310.36928 51589.276 -67334.1 5978.49 -73312.5 167.84996
7.95 300.31156 -444.83639 51563.914 -67467.6 5921.48 -73389.1 167.98822
7.96 283.13906 -157.16302 51502.097 -68177.7 5582.87 -73760.6 167.88182
7.97 290.34567 -735.69622 51744.333 -67589.4 5724.97 -73314.3 168.47132
7.98 284.25407 -910.36435 51830.688 -67728.1 5604.86 -73333 168.47259
7.99 312.39562 -560.35318 51758.595 -67344.6 6159.75 -73504.4 168.68898
8 291.35555 -629.79026 51663.669 -67817.7 5744.88 -73562.6 168.54563
8.01 292.53372 -201.40148 51459.201 -67606.5 5768.11 -73374.6 168.0019
8.02 292.95213 -558.24776 51636.936 -67704 5776.36 -73480.4 168.07142
8.03 284.07883 -1407.2023 52045.173 -67885.3 5601.4 -73486.7 168.82551
8.04 297.98207 -412.61633 51576.332 -67446.8 5875.54 -73322.4 167.61164
8.05 290.89053 -819.3083 51740.357 -67689.9 5735.71 -73425.7 167.96479
8.06 298.16276 -625.01861 51712.687 -67386 5879.11 -73265.1 168.06431
8.07 289.8052 -692.94753 51630.778 -67681.1 5714.31 -73395.4 167.95737
8.08 294.06112 -403.89386 51526.459 -67468.3 5798.23 -73266.6 167.65651
8.09 287.11827 -540.96794 51642.983 -67927.3 5661.33 -73588.7 168.01037
8.1 295.32491 -647.96176 51723.335 -67693.8 5823.15 -73517 168.21565
8.11 304.31461 277.91111 51275.379 -67663.7 6000.41 -73664.2 167.58233
8.12 300.9128 -621.05367 51884.781 -67232.7 5933.33 -73166 168.72627
8.13 282.87145 -313.17312 51648.386 -67777.3 5577.6 -73354.9 168.50955
8.14 288.15275 -743.02984 51782.595 -67470.1 5681.73 -73151.8 168.68012
8.15 289.68719 -209.63177 51601.705 -67772.7 5711.99 -73484.7 167.9963
8.16 282.9386 -277.09865 51463.93 -67931.8 5578.92 -73510.7 167.78881
8.17 300.95567 44.906358 51503.569 -67596.1 5934.18 -73530.3 168.0425
8.18 291.55402 -670.67809 51808.823 -67681.9 5748.8 -73430.7 168.29528
8.19 296.75983 -873.01385 51802.487 -67529.4 5851.44 -73380.9 168.22947
8.2 295.95073 -559.81445 51702.329 -67355 5835.49 -73190.5 168.19993
8.21 296.42991 -125.20862 51503.817 -67774.3 5844.94 -73619.3 167.90386
8.22 296.20917 -574.53814 51711.335 -67551 5840.58 -73391.6 168.21897
8.23 290.30196 -641.00944 51813.161 -67616.5 5724.11 -73340.6 168.8598
8.24 301.94329 -599.42465 51765.119 -67697 5953.65 -73650.6 168.63292
8.25 295.11174 -762.36265 51823.345 -67685.3 5818.95 -73504.3 168.43103
8.26 289.06114 -432.46996 51558.597 -67886.4 5699.64 -73586 168.30648
8.27 296.87757 -682.54293 51747.748 -67522.8 5853.76 -73376.5 168.55258
8.28 299.87789 -574.89 51723.523 -67582.6 5912.92 -73495.5 168.49593
8.29 286.27931 -330.56702 51518.851 -67772.3 5644.79 -73417.1 168.06703
8.3 294.09298 -365.30315 51540.026 -67641.8 5798.86 -73440.7 167.92013
8.31 290.11572 -517.63798 51718.085 -67573.7 5720.44 -73294.1 168.70524
8.32 295.8666 -509.9703 51657.309 -67531.8 5833.83 -73365.6 168.88451
8.33 292.28042 -188.57723 51493.392 -67652.3 5763.12 -73415.4 168.25552
8.34 299.44838 -114.60292 51424.514 -67352.1 5904.45 -73256.6 168.1981
8.35 292.38188 -419.79676 51481.729 -67830.5 5765.12 -73595.6 168.16319
8.36 295.70396 -537.46591 51574.439 -67535.8 5830.62 -73366.4 168.036
8.37 290.91866 -666.16635 51752.954 -67634.4 5736.27 -73370.7 168.57897
8.38 279.20789 -678.42592 51721.278 -67828.4 5505.36 -73333.7 168.4285
8.39 290.6431 -278.91915 51637.274 -67590.2 5730.83 -73321 168.4257
8.4 287.01237 -372.33135 51512.04 -67961.1 5659.24 -73620.4 168.40038
8.41 301.41612 -369.2489 51606.702 -67529.5 5943.25 -73472.7 168.2697
8.42 288.26083 -377.56737 51569.339 -67795 5683.86 -73478.8 168.27759
8.43 297.70989 -720.6419 51729.339 -67426.3 5870.18 -73296.4 168.82834
8.44 294.55247 -944.07306 51846.934 -67552.7 5807.92 -73360.7 169.07829
8.45 294.32412 -818.46475 51874.333 -67586.5 5803.42 -73389.9 169.15282
8.46 298.26385 -433.96948 51670.099 -67460.7 5881.1 -73341.8 168.88395
8.47 291.80637 -228.85208 51563.209 -67861.8 5753.77 -73615.6 168.32595
8.48 294.91682 -473.3998 51581.016 -67590 5815.1 -73405.1 168.66283
8.49 285.35932 -401.79855 51624.634 -68028.2 5626.65 -73654.8 168.69743
8.5 300.22239 -109.51018 51526.513 -67664.4 5919.72 -73584.2 168.63318
8.51 294.76124 -415.10314 51542.225 -67867.4 5812.03 -73679.5 168.58195
8.52 295.45176 -642.98613 51679.401 -67606.5 5825.65 -73432.2 168.63992
8.53 293.45484 -544.70801 51795.63 -67720.5 5786.28 -73506.7 168.63998
8.54 304.71332 -618.17718 51799.995 -67695 6008.27 -73703.3 168.97368
8.55 299.65473 -1143.2059 51981.132 -67487.6 5908.52 -73396.1 169.16712
8.56 293.21942 -528.85072 51664.407 -67882.3 5781.63 -73663.9 168.47056
8.57 296.90886 -64.603644 51511.808 -67575.8 5854.38 -73430.2 168.52821
8.58 304.27728 -285.08948 51566.18 -67496.7 5999.67 -73496.3 168.64431
8.59 279.5811 -1004.2241 51811.351 -67831.1 5512.72 -73343.8 168.8419
8.6 289.38131 149.94556 51348.05 -67709.6 5705.95 -73415.5 168.10341
8.61 282.94938 -477.18689 51644.13 -68221.2 5579.13 -73800.3 168.86352
8.62 292.56154 -756.85511 51831.962 -67608.7 5768.66 -73377.4 168.95053
8.63 290.77976 -795.05942 51759.908 -67959 5733.53 -73692.5 168.65022
8.64 301.77173 -369.63519 51591.671 -67527.4 5950.27 -73477.7 168.35705
8.65 293.85766 -65.029184 51470.51 -67510.1 5794.22 -73304.4 168.46919
8.66 289.86663 -457.48922 51634.941 -67716.8 5715.52 -73432.3 168.8505
8.67 286.62748 -479.93787 51670.378 -67841.8 5651.66 -73493.5 168.22523
8.68 291.82614 -645.25501 51788.332 -67721.6 5754.16 -73475.8 168.90698
8.69 289.68648 -636.77228 51814.427 -67709.2 5711.97 -73421.1 168.82397
8.7 293.95098 -993.36506 51943.364 -67532.4 5796.06 -73328.5 168.9098
8.71 288.19989 -293.79838 51581.047 -67902.1 5682.66 -73584.7 168.21363
8.72 288.49342 -409.82113 51597.409 -67503 5688.45 -73191.5 168.74635
8.73 297.13293 -259.04181 51480.1 -67581.4 5858.8 -73440.2 168.60728
8.74 292.23127 -380.65471 51521.973 -67713.2 5762.15 -73475.4 168.75735
8.75 294.35298 148.85424 51342.479 -67822.3 5803.98 -73626.3 168.53817
8.76 301.36975 -644.3181 51713.713 -67626.6 5942.34 -73568.9 168.8421
8.77 287.77437 -1103.2836 51934.374 -67677.6 5674.27 -73351.9 169.10344
8.78 298.70288 -175.42828 51594.847 -67732.8 5889.76 -73622.6 168.62151
8.79 289.78865 -100.98301 51479.117 -67719.5 5713.99 -73433.5 168.37938
8.8 290.8269 -549.55904 51629.116 -67942.5 5734.46 -73676.9 168.59196
8.81 291.28536 -127.53779 51513.315 -67560.1 5743.5 -73303.6 168.29458
8.82 286.21902 -772.07437 51735.121 -68075.7 5643.6 -73719.3 169.2235
8.83 288.51291 -584.14771 51693.604 -67643.9 5688.83 -73332.7 168.97949
8.84 302.38984 -110.23674 51537.085 -67370.3 5962.45 -73332.8 168.86369
8.85 293.70308 -487.75472 51681.809 -67718 5791.17 -73509.1 169.18614
8.86 305.40011 -463.6659 51634.873 -67112.6 6021.81 -73134.4 168.83634
8.87 288.15445 -27.812303 51472.741 -67715.2 5681.76 -73397 168.64556
8.88 299.56804 -995.56162 51913.873 -67502.4 5906.81 -73409.2 169.45063
8.89 294.9478 -566.35943 51689.216 -67740.7 5815.71 -73556.4 169.00539
8.9 296.29199 -791.13819 51846.064 -67565.5 5842.22 -73407.7 169.28195
8.91 293.7801 -476.60711 51593.192 -67857.5 5792.69 -73650.1 168.75028
8.92 296.03049 -895.97112 51890.136 -67682.7 5837.06 -73519.8 169.27262
8.93 291.63016 -504.71782 51656.305 -67678.9 5750.3 -73429.2 168.92325
8.94 289.15907 -721.97327 51799.057 -67815.4 5701.57 -73517 169.45019
8.95 293.33358 -399.86728 51545.092 -67725.2 5783.88 -73509.1 168.49353
8.96 290.02482 -496.92744 51661.227 -67619.5 5718.64 -73338.2 169.01246
8.97 293.88349 -622.41209 51790.223 -67497.2 5794.73 -73291.9 169.09289
8.98 291.32059 -560.9504 51789.415 -67826.8 5744.19 -73571 169.48218
8.99 302.37103 146.86667 51494.609 -67502 5962.08 -73464.1 168.72417
9 298.28783 -382.32729 51628.644 -67761.6 5881.57 -73643.2 169.13173
9.01 298.51196 -461.90384 51642.06 -67557.2 5885.99 -73443.2 169.36639
9.02 292.66672 -494.985 51720.203 -67732 5770.74 -73502.7 169.33577
9.03 285.64295 -762.59735 51843.592 -67778.2 5632.24 -73410.4 169.48182
9.04 295.76594 -491.16288 51734.663 -67640.1 5831.85 -73471.9 169.63602
9.05 285.87175 -434.92275 51607.381 -67985.3 5636.75 -73622.1 168.81361
9.06 286.19867 -471.4974 51565.889 -67756.5 5643.2 -73399.7 169.13164
9.07 295.35704 -740.71547 51803.702 -67530.4 5823.78 -73354.2 169.58879
9.08 291.49267 -1071.9732 51936.296 -67606.5 5747.59 -73354.1 169.87536
9.09 283.97025 -806.78575 51870.011 -67886.5 5599.26 -73485.8 169.84543
9.1 288.65535 -275.78917 51647.114 -67910.1 5691.64 -73601.7 169.36503
9.11 286.89024 -818.65241 51872.509 -67684.3 5656.84 -73341.1 169.90085
9.12 291.86573 -666.61565 51807.357 -67716 5754.94 -73470.9 170.1194
9.13 282.9329 -260.14532 51650.309 -68083.7 5578.81 -73662.5 169.37362
9.14 299.78774 -653.51237 51783.825 -67573.7 5911.15 -73484.8 169.46913
9.15 290.07071 -684.86958 51899.407 -67575 5719.55 -73294.6 169.7565
9.16 307.66502 -781.65044 51854.981 -67516.9 6066.47 -73583.4 169.90733
9.17 297.05204 -584.81629 51740.425 -67927.1 5857.2 -73784.3 169.42372
9.18 292.53791 -166.34643 51482.7 -67752.3 5768.2 -73520.5 168.87158
9.19 294.383 -912.521 51859.916 -67417 5804.58 -73221.6 169.57563
9.2 293.80634 -164.45837 51516.949 -67790.5 5793.21 -73583.7 169.15755
9.21 290.03569 -483.20239 51630.187 -67632.1 5718.86 -73350.9 169.39148
9.22 294.89942 -329.97396 51559.254 -67629.1 5814.76 -73443.9 169.23049
9.23 282.61914 -750.7207 51797.372 -68140.3 5572.62 -73712.9 169.8797
9.24 298.52144 -330.41449 51649.284 -67694.7 5886.18 -73580.9 169.69588
9.25 284.79554 -369.21004 51521.103 -67861.6 5615.53 -73477.1 169.08791
9.26 292.49031 -72.677525 51513.025 -67644.5 5767.26 -73411.8 168.95107
9.27 290.06354 79.666155 51433.213 -67936.4 5719.41 -73655.8 168.69925
9.28 286.25391 -679.8404 51705.352 -67839.4 5644.29 -73483.7 169.41674
9.29 305.18002 -666.52179 51778.555 -67189 6017.47 -73206.5 169.78163
9.3 290.82604 -740.42568 51756.943 -67808.9 5734.44 -73543.3 169.40736
9.31 296.92184 -679.63322 51673.852 -67517 5854.64 -73371.6 169.80916
9.32 295.82084 -645.12636 51663.32 -67797.5 5832.93 -73630.4 169.67658
9.33 292.58273 -650.52127 51667.077 -67588.4 5769.08 -73357.5 169.79145
9.34 296.6886 -943.9117 51877.628 -67688.7 5850.04 -73538.8 170.0194
9.35 297.95792 -681.46276 51695.39 -67867.3 5875.07 -73742.4 169.7857
9.36 295.54285 -789.25601 51830.243 -67584.6 5827.45 -73412.1 169.93365
9.37 289.67351 61.033748 51434.014 -67794.8 5711.72 -73506.5 169.26712
9.38 301.55963 -525.40723 51743.788 -67410.9 5946.08 -73357 170.04911
9.39 294.49372 -609.48096 51705.817 -67703.1 5806.76 -73509.9 169.74853
9.4 289.34635 -271.67583 51626.12 -68086.9 5705.27 -73792.2 169.86527
9.41 296.82378 -63.19928 51500.201 -67650.8 5852.7 -73503.5 169.48914
9.42 294.69302 -519.12199 51686.148 -67882.7 5810.69 -73693.4 169.96246
9.43 298.93584 -649.98345 51709.209 -67684 5894.35 -73578.3 169.72903
9.44 296.08079 51.810902 51397.92 -67630.8 5838.05 -73468.8 169.3692
9.45 294.55361 -524.72844 51656.346 -67569.6 5807.94 -73377.5 169.82953
9.46 296.40416 446.14766 51342.355 -67796.5 5844.43 -73640.9 169.12433
9.47 294.65242 -441.2817 51695.505 -67574.5 5809.89 -73384.4 169.93719
9.48 286.95491 -1087.3152 51899.7 -67815.6 5658.11 -73473.7 170.24585
9.49 291.29677 -1082.392 51998.452 -67656.6 5743.72 -73400.3 170.47997
9.5 288.58688 -281.25853 51601.453 -67660.8 5690.29 -73351.1 169.71124
9.51 277.42877 -734.29382 51828.957 -68037.7 5470.28 -73508 170.13209
9.52 298.68581 -589.14655 51690.687 -67504.7 5889.42 -73394.1 170.03912
9.53 302.44283 -122.03225 51660.409 -67439 5963.5 -73402.5 169.89182
9.54 294.04142 -429.76385 51618.599 -67636.6 5797.84 -73434.4 169.66032
9.55 298.90428 -580.26813 51748.799 -67552.8 5893.73 -73446.5 170.01656
9.56 293.25354 -1127.6844 51895.868 -67825.5 5782.31 -73607.8 170.12537
9.57 294.04805 -212.62776 51474.989 -67611 5797.97 -73409 169.24138
9.58 287.16973 -572.45488 51596.159 -67832.5 5662.35 -73494.9 170.03732
9.59 301.62939 -482.64293 51645.574 -67490.8 5947.46 -73438.3 169.94623
9.6 292.06296 -567.5672 51642.905 -67589.5 5758.83 -73348.3 170.23452
9.61 289.90908 -551.91253 51654.072 -67903.4 5716.36 -73619.8 170.30852
9.62 301.72252 -517.99564 51631.046 -67571.6 5949.3 -73520.9 170.39536
9.63 296.93337 -571.31166 51731.552 -67543 5854.86 -73397.8 170.58774
9.64 293.24267 -632.08424 51729.949 -67706.5 5782.09 -73488.6 170.85093
9.65 292.65186 -743.64 51706.392 -67673.2 5770.44 -73443.7 170.54473
9.66 300.06318 -35.839641 51402.29 -67632.2 5916.58 -73548.8 170.31712
9.67 291.67188 -424.58443 51668.198 -67547 5751.12 -73298.1 170.48158
9.68 278.42278 207.37018 51305.078 -68260.4 5489.88 -73750.3 169.84972
9.69 296.05057 -477.66868 51621.071 -67574.9 5837.46 -73412.3 170.89132
9.7 293.43813 -597.85772 51707.908 -67720.8 5785.95 -73506.7 170.76873
9.71 290.76836 -744.96618 51744.734 -67805.2 5733.3 -73538.5 170.94563
9.72 296.06831 -148.99896 51448.89 -67545.9 5837.81 -73383.7 169.96967
9.73 297.0713 -482.37163 51667.868 -67418.6 5857.58 -73276.1 170.46064
9.74 298.97486 -342.29143 51542.226 -67613.1 5895.12 -73508.2 170.25248
9.75 300.17059 -802.54118 51727.627 -67640.3 5918.7 -73559 170.29609
9.76 285.52488 -624.75023 51629.55 -67991.8 5629.91 -73621.7 170.11799
9.77 298.6584 -78.458284 51504.509 -67649.6 5888.88 -73538.5 169.94696
9.78 293.17709 -446.00601 51580.493 -67988.8 5780.8 -73769.6 170.35256
9.79 292.23596 -1149.5821 51965.491 -67760.9 5762.24 -73523.2 170.87585
9.8 292.99044 -385.61678 51691.159 -67791.5 5777.12 -73568.6 170.33997
9.81 291.19039 -700.78138 51775.034 -67817.4 5741.63 -73559 170.29949
9.82 298.08436 -922.07509 51849.327 -67530.1 5877.56 -73407.7 170.59818
9.83 291.26732 -462.06553 51670.814 -67780.5 5743.14 -73523.6 170.29249
9.84 295.98905 -110.88374 51423.378 -67354.7 5836.24 -73190.9 169.70335
9.85 297.81647 -336.46997 51479.682 -67564 5872.28 -73436.2 169.60266
9.86 283.8375 -761.12548 51762.78 -67905.8 5596.64 -73502.5 170.55171
9.87 294.38259 161.5066 51269.61 -67592 5804.57 -73396.6 169.42728
9.88 281.3456 -713.43635 51682.753 -67884.8 5547.51 -73432.3 169.81512
9.89 280.46229 -693.31891 51773.933 -67829.6 5530.09 -73359.7 170.03275
9.9 294.05483 -265.23914 51607.277 -67808 5798.11 -73606.1 170.00868
9.91 300.08028 -357.22 51654.972 -67660.6 5916.91 -73577.6 170.14589
9.92 293.35406 -575.9795 51681.039 -67869.1 5784.29 -73653.4 170.22425
9.93 300.50526 -461.07293 51660.293 -67684.5 5925.29 -73609.8 170.10633
9.94 291.95577 -327.54115 51565.098 -67631.7 5756.72 -73388.4 169.87641
9.95 294.04747 -465.33116 51582.046 -67789.4 5797.96 -73587.4 169.59531
9.96 310.2322 -173.32004 51560.475 -67433.8 6117.09 -73550.9 170.1317
9.97 289.50721 -537.97199 51634.762 -67778.9 5708.44 -73487.3 170.31658
9.98 291.48807 -614.92319 51748.388 -67470.2 5747.5 -73217.6 170.49867
