0 294.64352 -986.06425 50175.973 -62551.2 5809.71 -68361 9.6722857
0.01 289.87879 -1201.3597 50106.221 -62918.6 5715.76 -68634.4 18.9972
0.02 289.77404 -728.35194 50219.423 -62830 5713.7 -68543.7 27.493169
0.03 292.6279 -781.55826 49821.073 -62623.5 5769.97 -68393.5 37.073534
0.04 285.70742 -400.13594 49509.761 -62486 5633.51 -68119.5 44.826394
0.05 299.7244 124.80973 49667.762 -61904.9 5909.9 -67814.8 53.883664
0.06 289.58983 -105.07747 49872.862 -62399.5 5710.07 -68109.6 61.110745
0.07 300.29757 -905.52614 50234.858 -62334 5921.2 -68255.2 72.280604
0.08 290.81768 -7.1038838 50041.205 -62439 5734.28 -68173.3 80.170032
0.09 300.26398 -428.73258 50054.563 -61978.8 5920.54 -67899.4 88.775872
0.1 295.6263 -503.13747 49609.881 -62196.1 5829.09 -68025.2 98.826872
0.11 302.36359 -261.08377 50020.941 -62076.9 5961.94 -68038.9 108.5331
0.12 292.08679 -736.97869 50146.124 -62339.8 5759.3 -68099.1 117.58234
0.13 289.2047 -392.09091 49838.921 -62145.2 5702.47 -67847.7 123.1892
0.14 289.50945 -785.79384 49765.142 -62321.4 5708.48 -68029.9 133.03339
0.15 300.21607 -324.03096 50079.523 -62251.1 5919.59 -68170.7 139.35931
0.16 292.5279 -674.17575 50115.476 -62631.7 5768 -68399.7 148.3067
0.17 292.69549 -118.57893 49973.487 -62304.2 5771.3 -68075.5 156.97995
0.18 302.87821 -544.25506 49911.17 -62114.8 5972.08 -68086.8 164.00278
0.19 290.38542 -1259.3306 50119.475 -62422 5725.75 -68147.7 173.5483
0.2 293.48979 -376.78422 49884.336 -62103 5786.96 -67890 181.22631
0.21 290.67683 162.09109 49639.407 -61937.4 5731.5 -67668.9 187.06146
0.22 290.2136 -867.74087 50102.513 -62293.2 5722.37 -68015.6 199.06768
0.23 292.11383 -189.74008 49687.255 -62380 5759.83 -68139.9 203.48522
0.24 295.19867 -425.20744 50140.868 -62059.9 5820.66 -67880.5 213.45384
0.25 288.6326 -274.11163 49738.774 -62366.1 5691.19 -68057.3 222.63406
0.26 300.88874 -283.49619 49803.657 -62299 5932.86 -68231.9 229.61078
0.27 287.56821 -1282.811 50036.571 -62448.6 5670.2 -68118.8 238.62404
0.28 308.49818 -289.99786 49871.84 -61985.3 6082.9 -68068.2 247.98998
0.29 287.88777 -664.53062 49964.802 -62280.2 5676.51 -67956.7 257.52623
0.3 302.46866 -422.89971 50102.934 -62275.1 5964.01 -68239.2 266.31811
0.31 284.97344 -124.10003 49637.152 -62570.8 5619.04 -68189.9 275.08651
0.32 298.79237 -372.61309 49920.438 -62698.5 5891.52 -68590.1 278.7883
0.33 296.63048 -151.24637 49804.066 -62522.1 5848.89 -68371 285.04717
0.34 287.63055 -752.96943 50241.614 -62916.1 5671.43 -68587.5 292.87728
0.35 286.05448 -873.53249 50013.866 -62560.5 5640.36 -68200.8 298.09909
0.36 297.39819 226.03032 49782.281 -62727 5864.03 -68591.1 305.60344
0.37 311.08009 -714.58096 50026.834 -62261.2 6133.81 -68395 316.515
0.38 289.8218 -233.98791 49876.482 -62714.5 5714.64 -68429.2 322.22207
0.39 282.07191 -696.74462 49897.714 -62544.7 5561.83 -68106.5 331.50228
0.4 296.65476 -307.96781 49876.669 -62771 5849.37 -68620.3 336.56407
0.41 293.32893 -427.75329 50173.078 -62768 5783.79 -68551.8 343.50053
0.42 292.49876 -788.00325 50431.009 -63133.3 5767.42 -68900.7 348.16388
0.43 294.77258 -945.44967 50229.558 -62861.2 5812.26 -68673.5 351.72734
0.44 286.17679 -581.01378 50099.773 -62972.8 5642.77 -68615.5 358.40317
0.45 290.32468 338.8634 49938.669 -63044.4 5724.56 -68769 366.25266
0.46 287.14045 -480.24864 50186.533 -63315.5 5661.77 -68977.3 373.61972
0.47 300.13767 -323.78195 50066.001 -62830.5 5918.05 -68748.5 378.41608
0.48 287.82293 -407.29415 50017.497 -63347.2 5675.23 -69022.5 382.98583
0.49 290.38926 -365.29056 50145.254 -63459.7 5725.83 -69185.6 388.91971
0.5 300.31805 -934.92934 50298.294 -63308.1 5921.6 -69229.7 398.07818
0.51 287.78685 -459.59828 50305.927 -63313.1 5674.52 -68987.6 400.55781
0.52 289.93052 -326.66132 50066.521 -63479.2 5716.78 -69196 403.58568
0.53 292.29801 -1095.0351 50645.262 -63905.7 5763.47 -69669.2 415.85076
0.54 292.00392 219.86195 50317.2 -63856.6 5757.67 -69614.3 416.16393
0.55 281.05462 -685.08221 50343.447 -64264.5 5541.77 -69806.3 418.17596
0.56 296.70156 -660.68792 50732.659 -63944.5 5850.29 -69794.8 424.31394
0.57 297.36846 -621.84462 50550.916 -64321 5863.44 -70184.4 424.05767
0.58 293.01759 -65.402906 50151.917 -64132.9 5777.65 -69910.5 426.00964
0.59 285.50225 -784.80029 50397.004 -64133.9 5629.47 -69763.4 428.27188
0.6 295.36357 -700.83952 50691.786 -64385.4 5823.91 -70209.3 434.01957
0.61 297.93941 -456.84445 50266.956 -64078.4 5874.7 -69953.1 437.68957
0.62 299.22773 -16.079438 50215.144 -64201.8 5900.1 -70101.9 439.91757
0.63 284.89049 -128.61403 50330.96 -64825.1 5617.41 -70442.5 443.07489
0.64 305.56026 -585.69744 51104.891 -64472.7 6024.97 -70497.7 452.99478
0.65 286.1988 -392.04339 50734.997 -64995.9 5643.2 -70639.1 453.90216
0.66 284.72689 -883.9269 50704.349 -65166.5 5614.18 -70780.7 457.55347
0.67 298.48902 -255.16724 50711.944 -64834.9 5885.54 -70720.5 461.37204
0.68 292.915 -614.19673 50711.666 -65119.7 5775.63 -70895.3 462.25107
0.69 297.11876 -719.93396 51002.534 -64691.4 5858.52 -70549.9 464.19641
0.7 301.01493 -886.43029 50870.917 -64957.4 5935.34 -70892.8 464.92776
0.71 288.68292 -1428.8763 51074.803 -64750.6 5692.18 -70442.8 467.74782
0.72 290.24398 -473.06734 50576.214 -64468.7 5722.96 -70191.6 467.67512
0.73 292.18759 -1002.6596 50756.629 -64431.7 5761.29 -70193 470.95609
0.74 289.85855 -98.31747 50354.356 -64691.3 5715.36 -70406.7 472.72186
0.75 298.76474 -16.576007 50377.569 -64303 5890.98 -70194 478.70163
0.76 299.58046 -491.73128 50626.845 -63928.1 5907.06 -69835.2 479.41785
0.77 284.73366 -302.55675 50314.915 -64268.7 5614.31 -69883.1 484.83031
0.78 291.00364 -652.59198 50564.89 -64203.4 5737.94 -69941.3 492.82257
0.79 294.0941 -738.96989 50371.103 -64182.2 5798.88 -69981.1 497.32651
0.8 300.51994 -225.61715 50557.72 -64096.1 5925.58 -70021.7 505.80203
0.81 288.25148 -403.09606 50409.121 -64407.9 5683.68 -70091.6 509.79554
0.82 281.79511 -453.30129 50615.702 -64777.6 5556.37 -70334 516.62575
0.83 288.50943 -179.94945 50464.242 -64498.9 5688.76 -70187.6 516.13188
0.84 289.19049 -99.098316 50270.41 -64810.3 5702.19 -70512.5 517.13555
0.85 287.817 -519.14517 50648.439 -64521.7 5675.11 -70196.9 523.26734
0.86 293.86169 -755.56971 50932.537 -64854.4 5794.3 -70648.7 531.28403
0.87 294.55007 -360.89101 50477.394 -64732.7 5807.87 -70540.6 532.33866
0.88 292.39297 -812.68877 50739.044 -65064.9 5765.34 -70830.2 536.01099
0.89 301.22106 -1113.701 50793.773 -64376.1 5939.41 -70315.5 541.51835
0.9 299.28136 -272.79344 50650.586 -65035.8 5901.16 -70937 539.40711
0.91 299.17841 -612.41676 50707.52 -64692.9 5899.13 -70592 547.06046
0.92 300.94511 -545.40158 51084.567 -64748.7 5933.97 -70682.7 555.06039
0.93 285.12865 -620.33762 50668.645 -65272.6 5622.1 -70894.7 554.97776
0.94 296.0572 -592.20068 50809.602 -65138.1 5837.59 -70975.7 557.32968
0.95 297.46508 -703.81784 50756.031 -65118.7 5865.35 -70984.1 556.27554
0.96 297.48691 -594.4232 50899.625 -64965.5 5865.78 -70831.3 561.17339
0.97 299.29313 -926.82624 51043.793 -65384.6 5901.39 -71286 561.69849
0.98 299.5035 -313.64479 50723.371 -65131.6 5905.54 -71037.1 560.60023
0.99 290.92686 -1023.1659 51200.271 -65477.7 5736.43 -71214.1 567.86761
1 287.34727 -556.71027 50701.723 -65757.1 5665.85 -71422.9 563.84932
1.01 305.01871 -1153.5374 51348.307 -65449.8 6014.29 -71464.1 568.18412
1.02 288.51748 -839.51307 51269.125 -65838.1 5688.92 -71527.1 568.48923
1.03 293.47197 -556.61533 51135.298 -66511.6 5786.61 -72298.2 566.73522
1.04 289.53208 49.847456 50953.169 -66979 5708.93 -72688 567.67977
1.05 287.05188 -591.16079 51365.69 -66923.6 5660.02 -72583.6 572.02258
1.06 302.50781 -618.65409 51381.473 -67294.5 5964.78 -73259.3 571.77466
1.07 288.84455 -225.62032 51356.428 -67321 5695.37 -73016.4 571.58679
1.08 298.67429 -520.43971 51335.749 -67590 5889.19 -73479.2 571.26317
1.09 288.1368 -494.00634 51386.978 -67358.8 5681.42 -73040.2 571.16674
1.1 281.28112 -530.23889 51306.887 -67535.6 5546.24 -73081.9 571.27163
1.11 294.40317 -552.63116 51263.184 -67309.8 5804.97 -73114.8 570.99649
1.12 285.22856 -316.75815 51133.757 -67901.8 5624.07 -73525.8 570.46048
1.13 286.7117 -487.06591 51275.664 -67446 5653.32 -73099.3 570.96676
1.14 291.58178 184.2825 51010.549 -67521.7 5749.34 -73271 568.33115
1.15 298.46982 721.48301 50845.098 -67199.7 5885.16 -73084.8 567.81509
1.16 293.67414 -709.14839 51548.331 -67527.2 5790.6 -73317.8 572.92243
1.17 299.18463 -346.77882 51200.484 -67349.8 5899.25 -73249 570.22046
1.18 299.38297 -141.55174 51137.252 -67283.9 5903.17 -73187.1 569.81488
1.19 292.07904 -265.41298 51252.498 -67545.4 5759.15 -73304.6 571.65588
1.2 294.435 -836.96917 51540.757 -67229.8 5805.6 -73035.4 573.09065
1.21 289.41612 -594.33466 51512.898 -67724.2 5706.64 -73430.8 572.86179
1.22 287.8418 -831.16235 51647.638 -67584.1 5675.6 -73259.7 574.97242
1.23 283.94857 -773.9831 51556.143 -67983.2 5598.83 -73582 573.15274
1.24 295.74001 131.55888 51293.954 -67449.3 5831.33 -73280.6 571.98987
1.25 285.86304 -121.13214 51201.018 -67783 5636.58 -73419.5 571.01448
1.26 284.14879 -960.53116 51550.982 -67597.1 5602.78 -73199.9 573.54809
1.27 285.84751 -102.23587 51242.61 -67618.5 5636.28 -73254.8 570.56625
1.28 292.54072 -467.44147 51420.338 -67298.5 5768.25 -73066.8 572.58565
1.29 293.16038 -580.30254 51367.133 -67766.9 5780.47 -73547.4 571.87239
1.3 297.43333 33.174065 51288.272 -67314.4 5864.72 -73179.2 571.42491
1.31 291.09643 89.041717 51219.557 -67681.5 5739.77 -73421.3 571.06577
1.32 292.03651 -1137.208 51699.5 -67237.1 5758.31 -72995.4 574.66372
1.33 289.98634 -615.30358 51514.829 -67579.6 5717.88 -73297.4 574.26812
1.34 301.50804 -726.92175 51686.091 -67291.4 5945.07 -73236.5 575.28883
1.35 297.45296 -781.16614 51699.239 -67400.6 5865.11 -73265.8 575.79362
1.36 287.7816 -252.83554 51457.101 -67994 5674.41 -73668.4 573.70961
1.37 300.59462 -1013.215 51861.137 -67490.4 5927.06 -73417.4 576.4069
1.38 300.49404 -94.087909 51376.79 -67547.1 5925.07 -73472.2 572.90384
1.39 288.80246 -418.22647 51667.839 -67577.3 5694.54 -73271.8 575.62356
1.4 292.4356 -942.57535 51877.135 -67913.9 5766.18 -73680 576.90618
1.41 289.98268 -566.63245 51560.044 -67608.5 5717.81 -73326.3 574.28566
1.42 294.72824 -297.87955 51552.242 -67358.9 5811.38 -73170.2 574.70911
1.43 283.18745 -642.30802 51648.207 -67792 5583.83 -73375.8 575.35317
1.44 303.94358 183.05122 51429.719 -67488.2 5993.09 -73481.3 573.78689
1.45 288.4145 -896.90336 51806.593 -67744.2 5686.89 -73431.1 576.40295
1.46 294.97182 39.332421 51381.73 -67819.4 5816.19 -73635.6 572.51787
1.47 295.87622 -726.79917 51720.544 -67609.2 5834.02 -73443.2 575.84204
1.48 286.45278 -894.35078 51728.184 -67857.7 5648.21 -73506 575.13185
1.49 289.10711 -617.36891 51570.327 -67611.2 5700.55 -73311.8 574.48086
1.5 289.46107 -178.88625 51434.311 -67877.9 5707.53 -73585.4 573.34541
1.51 292.72469 -559.80172 51576.714 -67535.8 5771.88 -73307.7 573.95911
1.52 293.47985 -620.3637 51652.076 -67663.8 5786.77 -73450.5 575.14873
1.53 291.37846 -948.06367 51840.723 -67524.7 5745.33 -73270 577.25171
1.54 291.52409 -590.68705 51645.007 -67700.2 5748.21 -73448.4 575.46871
1.55 297.82514 -346.07407 51589.502 -67561.2 5872.45 -73433.6 575.24988
1.56 294.63572 -659.88449 51732.782 -67827.8 5809.56 -73637.4 576.25064
1.57 306.87518 -567.79982 51708.258 -67356.5 6050.89 -73407.4 575.88621
1.58 291.07255 -156.49808 51491.357 -67730.9 5739.3 -73470.2 574.55365
1.59 301.35327 -413.34203 51575.185 -67443 5942.02 -73385 575.01871
1.6 298.25114 -223.3313 51487.964 -67491 5880.85 -73371.8 574.60499
1.61 293.60879 -723.22927 51680.646 -67608.6 5789.31 -73398 576.17267
1.62 296.5897 -352.62061 51596.986 -67585.9 5848.09 -73434 575.51275
1.63 287.99772 -875.9372 51772.756 -67756.1 5678.67 -73434.8 576.7775
1.64 290.10379 -545.30982 51658.357 -67785.5 5720.2 -73505.7 576.41814
1.65 295.53606 -382.7633 51655.693 -67714.4 5827.31 -73541.7 576.42622
1.66 300.73917 -939.95768 51991.37 -67409.4 5929.91 -73339.3 578.60958
1.67 302.85672 -462.30263 51604.08 -67567.7 5971.66 -73539.4 575.42386
1.68 297.04866 -737.60469 51812.989 -67618.7 5857.14 -73475.8 576.64317
1.69 290.41687 -352.28107 51601.406 -67825.1 5726.37 -73551.5 575.15168
1.7 287.27817 -467.12661 51594.094 -67737 5664.49 -73401.5 575.25574
1.71 297.81806 -757.68812 51798.41 -67529 5872.31 -73401.3 576.93128
1.72 288.55889 -220.64255 51579.602 -67892.5 5689.74 -73582.2 575.43606
1.73 293.86272 -678.18194 51775.368 -67811.5 5794.32 -73605.8 576.71205
1.74 289.6932 -763.95366 51812.662 -67702.1 5712.1 -73414.2 577.19367
1.75 292.35151 -996.36918 51883.423 -67786.7 5764.52 -73551.3 577.39199
1.76 303.63751 -671.05615 51751.154 -67634.8 5987.06 -73621.9 575.52874
1.77 277.37179 -738.37433 51672.608 -68025.3 5469.15 -73494.4 575.31168
1.78 300.08152 -703.08697 51704.706 -67740 5916.94 -73656.9 575.48127
1.79 296.70345 -185.90862 51469.577 -67697.8 5850.33 -73548.1 574.13841
1.8 289.85189 -635.4073 51678.569 -67694 5715.23 -73409.2 575.5669
1.81 294.64769 -719.62376 51868.828 -67507 5809.8 -73316.8 577.62636
1.82 289.68625 -78.93792 51425.999 -67797.5 5711.97 -73509.5 572.88743
1.83 289.68581 -589.51984 51680.862 -67599.4 5711.96 -73311.4 575.03948
1.84 299.24183 60.882417 51351.021 -67854.7 5900.38 -73755.1 573.18813
1.85 296.68058 -402.0737 51579.852 -67781.8 5849.88 -73631.6 573.99054
1.86 287.87938 -614.97359 51590.236 -67728.1 5676.34 -73404.4 574.83739
1.87 292.82576 -734.78715 51669.86 -67580.1 5773.87 -73354 575.48546
1.88 285.57156 -1064.9667 51822.453 -67826.8 5630.84 -73457.6 576.16737
1.89 298.49512 -294.06307 51546.32 -67480 5885.66 -73365.7 574.0694
1.9 292.96764 -1154.3471 51984.329 -67665.8 5776.67 -73442.4 576.97527
1.91 294.49241 -59.922396 51300.915 -67524.4 5806.73 -73331.1 572.45471
1.92 290.69803 -621.96646 51673.304 -67739.3 5731.92 -73471.2 574.62315
1.93 296.77226 -486.75759 51622.824 -67499.1 5851.69 -73350.8 574.88125
1.94 296.621 -146.75878 51471.095 -67587.6 5848.71 -73436.3 574.28341
1.95 302.7047 -334.76652 51505.142 -67311.9 5968.66 -73280.5 573.63823
1.96 290.96339 -566.69232 51623.52 -67655.1 5737.15 -73392.2 574.46279
1.97 301.16961 332.74498 51318.6 -67443.8 5938.39 -73382.2 572.23868
1.98 294.7024 -473.08658 51694.581 -67734.4 5810.87 -73545.3 576.33001
1.99 306.21829 -190.07707 51497.628 -67460.7 6037.94 -73498.7 573.66405
2 288.80419 -515.52258 51568.405 -67899 5694.58 -73593.5 574.02469
2.01 284.01524 -451.84904 51560.15 -67685.4 5600.15 -73285.5 574.04285
2.02 302.16444 -1061.2534 51900.771 -67345.3 5958.01 -73303.3 576.81177
2.03 294.32956 -956.40325 51775.091 -67601.8 5803.52 -73405.3 575.06176
2.04 285.77186 -798.84003 51755.537 -68022.7 5634.78 -73657.5 575.293
2.05 300.37658 -681.97735 51712.122 -67444.2 5922.76 -73367 575.71035
2.06 302.94002 -647.66166 51768.103 -67445.2 5973.3 -73418.5 575.81858
2.07 294.74999 -292.16988 51579.823 -67414.6 5811.81 -73226.4 574.54044
2.08 281.74903 -427.38169 51563.054 -67828.2 5555.46 -73383.6 574.14362
2.09 295.14512 -443.56302 51554.764 -67547.7 5819.6 -73367.3 574.27369
2.1 295.94847 -717.97149 51714.529 -67423.7 5835.44 -73259.1 576.04745
2.11 286.12661 -993.79792 51847.085 -67856.8 5641.78 -73498.6 577.00159
2.12 292.28815 -374.60037 51616.917 -67414.3 5763.27 -73177.5 575.25222
2.13 296.62261 -190.59421 51494.031 -67729.7 5848.74 -73578.5 573.57841
2.14 294.71741 -754.20104 51677.597 -67310.7 5811.17 -73121.9 574.91971
2.15 293.77886 -633.81558 51630.269 -67713.2 5792.66 -73505.9 575.30839
2.16 287.06552 -197.54466 51465.698 -67776.4 5660.29 -73436.6 573.30662
2.17 294.91954 -71.470607 51380.497 -67506.8 5815.16 -73322 572.99028
2.18 291.38447 -248.94355 51419.58 -67934.2 5745.45 -73679.6 572.76532
2.19 284.53873 -531.63041 51704.466 -67730.4 5610.47 -73340.9 575.04773
2.2 286.69586 -106.04473 51425.786 -67731.8 5653 -73384.8 573.22711
2.21 290.28876 -407.5691 51686.104 -67530.8 5723.85 -73254.6 575.84705
2.22 294.77171 -446.83377 51685.666 -67573.5 5812.24 -73385.8 575.82062
2.23 289.99173 -264.05872 51609.059 -67617.1 5717.99 -73335.1 575.36066
2.24 288.51235 -455.48845 51681.358 -67573.2 5688.82 -73262 575.72195
2.25 294.6078 -870.0994 51788.97 -67854.4 5809.01 -73663.4 575.72537
2.26 293.80505 -489.44686 51671.237 -67724.3 5793.18 -73517.5 575.57459
2.27 288.02776 -426.47313 51607.679 -67727.7 5679.27 -73407 575.20233
2.28 298.26831 -633.7805 51693.169 -67537.8 5881.19 -73419 575.70709
2.29 289.01637 -458.40068 51594.623 -67859.5 5698.76 -73558.2 574.89966
2.3 296.17752 -1095.3979 51930.723 -67531.2 5839.96 -73371.2 577.29259
2.31 285.00017 -686.87577 51859.15 -67745 5619.57 -73364.6 577.48162
2.32 297.16766 -871.53706 51933.071 -67528.3 5859.48 -73387.8 577.90545
2.33 287.93883 -610.38923 51767.697 -67859.7 5677.51 -73537.3 576.51789
2.34 297.46832 -288.63462 51542.867 -67704.5 5865.41 -73569.9 573.88834
2.35 303.45774 -39.604517 51585.58 -67596.3 5983.51 -73579.8 575.59907
2.36 300.1929 -393.08435 51691.666 -67527.6 5919.14 -73446.8 575.56062
2.37 290.40599 -558.12092 51661.149 -67945.7 5726.16 -73671.8 575.378
2.38 297.86742 -108.03892 51511.7 -67427.5 5873.28 -73300.8 574.13122
2.39 295.75864 -318.61268 51650.927 -67715 5831.7 -73546.7 575.78972
2.4 299.2786 -576.12672 51675.216 -67639 5901.11 -73540.1 575.28843
2.41 289.1333 260.60185 51384.723 -68009.8 5701.06 -73710.8 573.4856
2.42 296.56569 -507.76911 51841.556 -67406.3 5847.61 -73253.9 577.32475
2.43 291.15375 -316.52747 51668.845 -67824.6 5740.9 -73565.6 575.27863
2.44 290.28464 -848.09885 51815.936 -67505.3 5723.77 -73229 576.10242
2.45 291.28593 -723.84482 51721.873 -67806.2 5743.51 -73549.7 575.1225
2.46 296.01181 -534.84949 51740.775 -67628.5 5836.69 -73465.2 576.20975
2.47 283.52989 -205.2093 51516.304 -67910 5590.58 -73500.5 574.66922
2.48 293.32231 -469.51512 51713.058 -67572.4 5783.66 -73356.1 576.07052
2.49 287.19972 -512.45954 51659.618 -67855.7 5662.94 -73518.6 575.75327
2.5 299.86738 -751.65678 51908.226 -67622.1 5912.72 -73534.8 577.17656
2.51 296.54976 -738.51754 51769.883 -67686.1 5847.3 -73533.4 576.32064
2.52 293.57081 -540.052 51692.561 -67720 5788.56 -73508.6 575.67163
2.53 285.1845 -459.35251 51732.258 -67820.4 5623.2 -73443.6 576.12278
2.54 294.62002 -789.4002 51961.051 -67618.1 5809.25 -73427.3 577.80953
2.55 284.74754 -315.03973 51662.275 -67951.7 5614.59 -73566.3 575.71699
2.56 293.77386 -1057.5164 52080.998 -67694.7 5792.57 -73487.3 579.49124
2.57 291.61434 -644.6432 51711.146 -67672.1 5749.99 -73422 576.00548
2.58 290.01637 -754.78267 51838.906 -67830.1 5718.48 -73548.6 576.44608
2.59 294.0591 -857.36086 51854.573 -67733.1 5798.19 -73531.3 577.31191
2.6 291.98331 -451.76811 51622.219 -67526.7 5757.26 -73284 574.72767
2.61 287.47606 -570.1674 51658.284 -68005 5668.39 -73673.4 574.60643
2.62 291.19863 -668.43182 51798.764 -67631.1 5741.79 -73372.9 576.29117
2.63 289.91315 -534.37655 51629.39 -67441 5716.44 -73157.4 574.86538
2.64 294.47863 -249.47016 51601.196 -67618.2 5806.46 -73424.6 573.85654
2.65 292.58432 -239.40498 51433.572 -67612.7 5769.11 -73381.8 573.31015
2.66 284.34806 -1051.6103 51883.081 -67979.9 5606.71 -73586.6 577.07877
2.67 290.64361 -538.95845 51714.456 -67599.2 5730.84 -73330 575.97986
2.68 292.6723 -355.73513 51538.528 -67640.8 5770.85 -73411.6 574.07265
2.69 296.23556 -1212.0796 52047.898 -67582.4 5841.11 -73423.5 578.18803
2.7 293.57605 -487.01683 51652.834 -67341.9 5788.67 -73130.5 575.66753
2.71 294.51882 -947.93639 51806.672 -67472.2 5807.26 -73279.5 577.46185
2.72 291.55774 -747.05939 51780.298 -67899.9 5748.87 -73648.8 577.33071
2.73 291.40124 -426.10728 51586.669 -67601.1 5745.78 -73346.9 575.28784
2.74 292.58463 -294.34906 51583.518 -67656.3 5769.12 -73425.4 575.54855
2.75 298.34368 -310.75409 51680.917 -67341.9 5882.67 -73224.6 576.36012
2.76 283.089 -912.88272 51877.95 -67816.6 5581.88 -73398.5 578.02751
2.77 302.16692 -431.55624 51693.78 -67536.7 5958.06 -73494.8 576.63118
2.78 292.04212 -1040.2426 51969.33 -67727.7 5758.42 -73486.1 578.20987
2.79 295.94258 -689.98707 51748.921 -67600.5 5835.33 -73435.8 576.43332
2.8 288.24511 336.98722 51325.402 -68030 5683.55 -73713.6 574.27903
2.81 290.57194 -574.11018 51676.643 -67767.3 5729.43 -73496.7 576.24401
2.82 292.28307 -499.80332 51716.83 -67625.6 5763.17 -73388.8 576.89953
2.83 298.16125 -320.81456 51626.211 -67553.9 5879.08 -73433 576.59212
2.84 284.3935 -549.91597 51685.143 -67866.9 5607.61 -73474.5 576.35244
2.85 295.26066 -115.81396 51509.439 -67385.4 5821.88 -73207.3 574.61722
2.86 291.78498 -1269.1248 52036.533 -67757.2 5753.35 -73510.5 578.9188
2.87 306.50357 -308.0209 51659.336 -67583.9 6043.57 -73627.5 576.61778
2.88 291.22553 -900.9009 51765.608 -67766.6 5742.32 -73508.9 577.50501
2.89 292.71891 -529.67116 51664.708 -67600.6 5771.76 -73372.4 576.18769
2.9 283.89017 -728.92397 51798.215 -67875 5597.68 -73472.7 577.65895
2.91 295.40627 -174.08185 51602.827 -67762.4 5824.75 -73587.1 576.88581
2.92 301.76277 -481.7293 51750.602 -67381 5950.09 -73331.1 577.42433
2.93 291.26827 -374.9917 51681.565 -67761.1 5743.16 -73504.3 576.66778
2.94 304.2 -551.62913 51858.711 -67355.9 5998.15 -73354 578.14803
2.95 287.91764 -933.32014 51926.199 -67916.4 5677.09 -73593.5 579.13192
2.96 298.23753 -176.86946 51505.441 -67597.7 5880.58 -73478.2 574.96975
2.97 295.87429 -301.95308 51663.955 -67875.4 5833.98 -73709.3 576.71346
2.98 310.63257 -794.42986 51866.094 -67566.4 6124.98 -73691.4 577.6333
2.99 292.19662 -835.8472 51840.235 -67823.9 5761.47 -73585.4 578.06914
3 292.18465 -487.53581 51737.421 -67687.2 5761.23 -73448.4 576.65077
3.01 285.22445 -461.65361 51676.455 -67932.3 5623.99 -73556.3 577.03003
3.02 295.3153 -666.75416 51829.798 -67825.1 5822.96 -73648.1 577.62661
3.03 309.9126 -236.62841 51648.143 -67342.6 6110.79 -73453.3 575.91734
3.04 291.17005 -23.461931 51460.324 -67702.1 5741.22 -73443.3 574.17042
3.05 289.78453 -594.17303 51773.101 -67931.7 5713.91 -73645.6 576.98169
3.06 300.17664 -512.15925 51723.522 -67536.7 5918.81 -73455.5 577.1647
3.07 279.27955 -483.87753 51659.504 -68023.7 5506.77 -73530.5 576.0102
3.08 298.94109 -174.53478 51496.522 -67602.1 5894.45 -73496.5 574.66335
3.09 307.92936 -372.87815 51680.039 -67544.7 6071.68 -73616.4 576.52653
3.1 286.97819 -1011.1669 51885.071 -67781.8 5658.57 -73440.4 577.73076
3.11 295.62984 -553.83393 51747.895 -67418.8 5829.16 -73248 576.48802
3.12 298.94596 84.736459 51417.793 -67784.1 5894.55 -73678.6 573.63955
3.13 295.06387 -198.7393 51507.852 -67453 5818 -73271 574.79307
3.14 286.3369 -551.42001 51764.91 -67857.9 5645.93 -73503.8 577.15329
3.15 291.14653 -210.03916 51529.566 -67598.8 5740.76 -73339.5 575.06191
3.16 291.65714 -330.19594 51627.45 -67839.6 5750.83 -73590.4 575.96041
3.17 295.4972 -854.13741 51812.144 -67684.1 5826.55 -73510.7 577.60319
3.18 286.12551 -805.59342 51755.956 -67766 5641.76 -73407.7 576.5887
3.19 289.62683 -845.48431 51841.701 -67429.5 5710.8 -73140.3 576.98779
3.2 294.56569 -658.01729 51828.87 -67754.8 5808.18 -73563 577.66857
3.21 299.0948 -583.04722 51858.976 -67567.8 5897.48 -73465.3 577.99447
3.22 299.78098 -483.47956 51736.156 -67518.8 5911.01 -73429.8 577.34356
3.23 287.78674 -1108.9694 52026.693 -67959.2 5674.51 -73633.7 579.26728
3.24 298.95959 -199.44634 51547.29 -67650.7 5894.82 -73545.6 575.52443
3.25 294.48514 -398.64815 51704.435 -67775.9 5806.59 -73582.5 576.74878
3.26 288.87499 -229.4745 51601.156 -67899.2 5695.97 -73595.2 575.86979
3.27 302.57506 -424.08958 51701.883 -67448.9 5966.11 -73415 577.23904
3.28 292.86923 195.61206 51464.933 -67669.2 5774.73 -73444 575.20436
3.29 291.49958 -566.2044 51697.683 -67685.1 5747.72 -73432.8 577.04459
3.3 306.25683 -208.45243 51586.89 -67455.4 6038.7 -73494.1 576.00029
3.31 293.39547 23.007506 51481.58 -67808.8 5785.11 -73593.9 574.75059
3.32 285.77606 -574.6512 51707.197 -67614.8 5634.87 -73249.6 576.37801
3.33 297.23108 -595.83253 51801.734 -67677.5 5860.73 -73538.3 577.45134
3.34 291.4664 -1108.9598 51991.093 -67978.8 5747.07 -73725.8 578.82911
3.35 296.0902 54.028281 51450.613 -67576.3 5838.24 -73414.5 574.30245
3.36 290.7902 -383.62501 51628.15 -68037.3 5733.73 -73771 575.47002
3.37 304.2584 -227.12381 51564.541 -67682.6 5999.3 -73681.9 575.62883
3.38 293.55641 -646.77572 51785.68 -67668.3 5788.28 -73456.6 577.23986
3.39 286.72467 -797.97491 51838.865 -67871.2 5653.57 -73524.8 577.70968
3.4 297.63438 -563.89399 51721.266 -67546.5 5868.69 -73415.2 576.86814
3.41 285.10251 -402.89359 51520.625 -67761.3 5621.59 -73382.9 575.15386
3.42 305.99721 -373.13375 51671.69 -67182.4 6033.58 -73216 577.26108
3.43 291.73108 -883.77833 51828.773 -67665.6 5752.29 -73417.9 577.70877
3.44 297.42701 -548.31843 51777.866 -67319.6 5864.6 -73184.2 577.7545
3.45 293.62852 139.28263 51374.703 -67576.6 5789.7 -73366.3 574.86913
3.46 296.15537 -522.81032 51749.895 -67538.2 5839.52 -73377.8 577.48542
3.47 295.80855 -674.49319 51724.732 -67813.7 5832.69 -73646.4 577.49994
3.48 301.79388 -629.70199 51722.3 -67544 5950.7 -73494.7 577.07772
3.49 301.07155 -225.09674 51527.361 -67807.8 5936.46 -73744.2 575.78762
3.5 306.5899 32.13429 51518.906 -67375.2 6045.27 -73420.4 575.89606
3.51 297.19301 -654.58486 51723.132 -67469.6 5859.98 -73329.5 577.34877
3.52 288.45287 -1579.071 52190.207 -67554.6 5687.65 -73242.2 580.74397
3.53 297.20833 -77.955229 51517.825 -67758.6 5860.29 -73618.9 575.85099
3.54 295.55423 -395.34413 51667.659 -67616.5 5827.67 -73444.1 577.07814
3.55 301.56905 -473.76344 51759.178 -67501.6 5946.27 -73447.8 578.19813
3.56 293.3477 -673.04112 51880.04 -67677.6 5784.16 -73461.8 578.92262
3.57 291.00113 -581.82862 51800.233 -67715.4 5737.89 -73453.3 578.41779
3.58 305.63189 -397.2418 51684.647 -67450.3 6026.38 -73476.7 576.81075
3.59 292.37062 -475.7633 51636.842 -67675.3 5764.9 -73440.2 576.22299
3.6 295.78205 -762.03578 51826.1 -67546 5832.16 -73378.2 577.83772
3.61 295.35566 -976.90314 51924.97 -67535.7 5823.76 -73359.5 578.61385
3.62 292.612 -674.28735 51769.451 -67601.1 5769.66 -73370.7 577.7263
3.63 288.8412 -150.45341 51538.712 -67898.7 5695.31 -73594 575.44784
3.64 295.75986 -394.04031 51678.112 -67622 5831.73 -73453.7 576.69103
3.65 292.15117 -415.1157 51642.487 -67570.8 5760.57 -73331.4 576.09406
3.66 295.52059 -899.14022 51854.397 -67744.1 5827.01 -73571.1 578.23818
3.67 295.74618 -147.56124 51595.778 -67639.7 5831.46 -73471.1 575.91007
3.68 298.72329 -542.01333 51710.648 -67597.4 5890.16 -73487.6 576.60511
3.69 297.16109 -562.42115 51685.108 -67599.6 5859.35 -73458.9 576.3098
3.7 299.13697 -476.34004 51652.886 -67679.8 5898.31 -73578.1 576.26485
3.71 297.58398 -345.57639 51615.077 -67671.2 5867.69 -73538.9 575.68042
3.72 292.3199 -117.46735 51543.954 -67623 5763.9 -73386.9 575.37313
3.73 290.49523 -149.20735 51464.569 -67517.8 5727.92 -73245.7 574.84861
3.74 289.78889 -625.59678 51741.193 -67759.5 5713.99 -73473.5 576.92598
3.75 297.46786 -913.73263 51895.921 -67494 5865.4 -73359.4 577.25523
3.76 290.82348 -673.84694 51752.752 -67691.9 5734.39 -73426.3 576.58091
3.77 284.31094 -582.82321 51674.478 -67840.7 5605.98 -73446.7 576.47604
3.78 287.17923 -187.76123 51549.966 -67953 5662.53 -73615.6 576.38816
3.79 300.7394 -265.82569 51478.241 -67510.3 5929.91 -73440.2 574.88032
3.8 289.47778 -768.09576 51817.679 -67900.4 5707.86 -73608.2 577.78343
3.81 295.59159 -402.76883 51649.84 -67619.3 5828.41 -73447.7 576.53154
3.82 290.57354 -155.92307 51488.745 -67805.4 5729.46 -73534.8 574.82423
3.83 289.72614 -516.74693 51665.173 -67916.1 5712.75 -73628.8 576.62918
3.84 291.41736 -417.39664 51604.014 -67590.6 5746.1 -73336.7 576.81401
3.85 287.08636 -616.84631 51670.884 -67662.7 5660.7 -73323.4 576.92787
3.86 293.06912 -746.08855 51796.299 -67725.1 5778.67 -73503.7 578.24341
3.87 286.65876 -279.574 51550.465 -67771 5652.27 -73423.2 575.89136
3.88 293.29971 -245.83206 51500.927 -67568.3 5783.22 -73351.6 575.92429
3.89 293.2482 -506.04798 51715.242 -67604 5782.2 -73386.2 577.21122
3.9 295.8942 -805.41468 51784.279 -67794.2 5834.37 -73628.6 577.8476
3.91 285.34127 -724.99616 51699.172 -67848 5626.29 -73474.3 576.30404
3.92 302.51369 -536.79655 51728.184 -67358 5964.9 -73322.9 576.36094
3.93 297.96326 -575.01184 51708.368 -67667.8 5875.17 -73542.9 577.22348
3.94 295.74045 -512.61651 51700.949 -67752.2 5831.34 -73583.5 577.47624
3.95 301.44547 -1216.7035 52026.108 -67306.7 5943.83 -73250.5 579.23419
3.96 300.73243 200.35879 51430.473 -67683.5 5929.77 -73613.3 575.33239
3.97 296.26787 -497.28462 51670.198 -67378.5 5841.74 -73220.3 576.66572
3.98 287.74645 -326.35642 51534.408 -67643.7 5673.72 -73317.4 575.12472
3.99 290.44728 -809.37159 51805.675 -67545.5 5726.97 -73272.5 577.92421
4 299.87079 -147.64548 51457.222 -67575 5912.78 -73487.8 575.14997
4.01 292.78207 -1310.0614 52049.488 -67666.4 5773.01 -73439.4 579.75884
4.02 290.19427 -714.94921 51813.959 -67787.5 5721.98 -73509.5 577.68263
4.03 297.07306 -431.35846 51664.573 -67668.2 5857.62 -73525.9 576.79307
4.04 303.21942 -167.27683 51542.391 -67418.1 5978.81 -73396.9 576.04381
4.05 295.85954 -864.69732 51863.722 -67587.2 5833.69 -73420.8 577.54957
4.06 289.19031 -667.71394 51722.369 -67690.6 5702.19 -73392.8 576.98679
4.07 304.86207 -540.37486 51784.966 -67232.9 6011.2 -73244.1 577.45122
4.08 291.09678 -910.99557 51817.638 -67784.3 5739.78 -73524.1 577.8994
4.09 301.02694 -169.93836 51552.69 -67416.2 5935.58 -73351.8 576.11509
4.1 301.96463 -339.68084 51591.354 -67509.3 5954.07 -73463.4 576.53771
4.11 289.01253 -556.15879 51656.438 -67572.6 5698.68 -73271.3 577.02205
4.12 287.40861 -295.92273 51630.262 -67770.9 5667.06 -73437.9 576.97422
4.13 293.82056 -767.2055 51782.14 -67849.2 5793.49 -73642.7 577.53294
4.14 293.23986 -431.85162 51661.331 -67770.9 5782.04 -73552.9 577.1741
4.15 292.28942 -1184.825 52101.601 -67780.5 5763.3 -73543.8 580.08061
4.16 299.12935 -14.478522 51388.262 -67321.4 5898.16 -73219.5 574.25997
4.17 285.39154 -565.0251 51617.649 -67648.7 5627.29 -73276 576.47768
4.18 303.4925 -609.46255 51775.963 -67298.9 5984.2 -73283.1 578.11215
4.19 285.99788 -619.67412 51827.982 -67527.9 5639.24 -73167.2 579.05649
4.2 283.84795 -779.36252 51654.926 -67989.7 5596.85 -73586.5 576.9251
4.21 296.86494 -919.85987 51970.227 -67581.5 5853.52 -73435 580.05135
4.22 299.17759 -478.66698 51585.905 -67980.3 5899.12 -73879.4 576.37492
4.23 299.49858 -717.82258 51806.687 -67614.5 5905.44 -73520 578.65485
4.24 293.86959 -251.76631 51576.872 -67700.1 5794.45 -73494.6 576.84872
4.25 288.30965 -633.20038 51716.168 -67768.6 5684.82 -73453.4 577.91785
4.26 299.15281 -758.32762 51789.552 -67384.6 5898.63 -73283.2 578.04555
4.27 292.45997 -330.31584 51643.067 -67776.3 5766.66 -73542.9 576.6787
4.28 307.37127 -1179.7394 51887.854 -67508.3 6060.68 -73568.9 578.95555
4.29 282.75631 -431.91553 51598.658 -68061.3 5575.32 -73636.6 576.78907
4.3 291.38568 -395.87755 51602.956 -67660.6 5745.48 -73406.1 576.81205
4.31 298.13932 -297.71291 51576.727 -67698.3 5878.64 -73576.9 576.72242
4.32 289.1214 -804.53299 51718.898 -67782.1 5700.83 -73482.9 577.38348
4.33 284.4511 -554.20968 51618.265 -67868.8 5608.74 -73477.6 576.48656
4.34 301.64028 -372.85371 51552.536 -67324.7 5947.67 -73272.4 575.80275
4.35 286.16789 -647.85889 51528.535 -67700.6 5642.59 -73343.1 575.63247
4.36 299.90212 -601.60977 51701.499 -67573.2 5913.4 -73486.6 576.78908
4.37 283.16707 -159.04467 51466.362 -67995.7 5583.42 -73579.2 576.08298
4.38 284.26235 -355.85647 51555.191 -67912.9 5605.02 -73517.9 575.78892
4.39 288.28655 -396.38304 51680.964 -67485.1 5684.37 -73169.5 577.52087
4.4 289.64147 -556.6865 51683.831 -67885.8 5711.08 -73596.8 576.76326
4.41 301.66009 -270.58841 51607.884 -67601.5 5948.06 -73549.5 576.46557
4.42 290.6579 -298.20339 51490.19 -67714.9 5731.13 -73446.1 575.09589
4.43 307.51293 -80.828617 51386.327 -67326.9 6063.47 -73390.4 574.69103
4.44 293.56006 -385.1001 51615.76 -67848.5 5788.35 -73636.9 576.50748
4.45 297.46201 -387.35884 51604.208 -67612.7 5865.29 -73477.9 576.34043
4.46 285.78557 -807.40472 51824.695 -67727.3 5635.05 -73362.3 578.07504
4.47 297.41785 -156.48936 51446.033 -67468.8 5864.42 -73333.2 575.21168
4.48 290.76175 -475.26465 51629.259 -68002.6 5733.17 -73735.8 576.66327
4.49 293.17725 -489.54765 51730.775 -67639.7 5780.8 -73420.5 577.99112
4.5 287.0135 -582.02367 51600.386 -67686.7 5659.27 -73346 576.03341
4.51 289.674 -1050.5777 51898.551 -67574 5711.73 -73285.7 578.68993
4.52 287.23179 -576.53633 51647.359 -67649.1 5663.57 -73312.7 576.89349
4.53 290.5077 -376.76024 51557.612 -67903.2 5728.16 -73631.4 576.06785
4.54 298.00231 -691.28961 51547.221 -67565.1 5875.94 -73441 575.23618
4.55 288.92871 -382.18007 51507.934 -67767.2 5697.03 -73464.3 575.60098
4.56 292.6482 -568.29266 51684.382 -67484.1 5770.37 -73254.5 576.45344
4.57 295.85595 -726.66693 51754.704 -67551.1 5833.62 -73384.7 576.5385
4.58 286.75438 -1377.2449 52118.933 -67975.2 5654.16 -73629.3 580.68347
4.59 294.63186 -953.73595 51844.146 -67683.1 5809.48 -73492.6 578.5615
4.6 305.15532 -1160.2257 51992.793 -67438.9 6016.98 -73455.9 579.29062
4.61 296.99861 -535.45312 51649.906 -67736.2 5856.15 -73592.4 576.32419
4.62 285.89034 -787.32541 51691.663 -67826.6 5637.12 -73463.7 577.15526
4.63 299.92752 17.518358 51371.667 -67505.5 5913.9 -73419.4 573.84318
4.64 295.24973 -558.89586 51674.544 -67725.2 5821.67 -73546.8 576.25126
4.65 291.49183 -450.63812 51633.505 -67524.7 5747.57 -73272.3 576.05261
4.66 295.79161 -714.17302 51732.25 -67604.1 5832.35 -73436.5 577.36777
4.67 284.31636 -820.59325 51772.037 -67740.1 5606.09 -73346.2 577.01004
4.68 300.2512 -295.59008 51562.331 -67352 5920.28 -73272.3 576.06795
4.69 297.15516 -561.82199 51701.827 -67582.8 5859.24 -73442 576.50399
4.7 285.58952 -736.80586 51768.331 -67620.1 5631.19 -73251.3 577.70397
4.71 292.57161 -970.1296 51852.104 -67592.9 5768.86 -73361.8 577.71543
4.72 285.38295 -648.22262 51632.062 -67969.7 5627.12 -73596.8 575.86925
4.73 299.84965 -1218.1461 51993.067 -67592.4 5912.37 -73504.8 579.0647
4.74 289.76511 -425.78882 51590.104 -67670.9 5713.52 -73384.4 576.00146
4.75 296.18867 -360.23139 51666.63 -67607.3 5840.18 -73447.5 576.46774
4.76 288.84398 -325.2722 51483.605 -67903.8 5695.36 -73599.2 575.66175
4.77 300.45736 -131.91376 51410.402 -67565 5924.35 -73489.3 574.29281
4.78 291.90306 -477.87975 51565.638 -67931.2 5755.68 -73686.9 576.31502
4.79 298.36157 -655.00311 51764.038 -67485.5 5883.03 -73368.5 577.31238
4.8 288.91519 -370.199 51552.28 -67721.2 5696.76 -73418 576.09814
4.81 297.0456 -404.91925 51645.93 -67403.6 5857.08 -73260.7 576.61941
4.82 295.34585 -599.12136 51659.374 -67665.2 5823.56 -73488.7 576.9963
4.83 290.96731 -495.81344 51775.777 -67879.1 5737.23 -73616.3 578.1089
4.84 298.22572 -316.07538 51576.49 -67651.1 5880.35 -73531.4 577.18909
4.85 285.85812 -472.02005 51675.021 -67937.3 5636.49 -73573.8 577.64677
4.86 286.9725 -315.23039 51619.573 -67715.9 5658.46 -73374.4 577.16817
4.87 287.67504 -1073.6726 51925.563 -67657.2 5672.31 -73329.5 579.37695
4.88 289.20632 -60.985229 51455.994 -67854.8 5702.5 -73557.3 575.54709
4.89 285.50773 -353.36556 51585.511 -67592.9 5629.58 -73222.5 575.70145
4.9 295.56293 123.71767 51409.818 -67557.6 5827.84 -73385.5 575.53141
4.91 297.11136 -397.35335 51626.731 -67701.9 5858.37 -73560.3 577.32502
4.92 301.10765 -769.6172 51938.564 -67404.8 5937.17 -73342 579.3253
4.93 297.6759 -742.81256 51741.952 -67534.6 5869.51 -73404.1 577.33405
4.94 291.41315 -70.446127 51245.104 -67639.4 5746.02 -73385.4 573.2999
4.95 288.16014 -122.43115 51504.569 -67800 5681.88 -73481.9 576.40237
4.96 297.3181 -265.55914 51499.299 -67344.3 5862.45 -73206.7 575.28733
4.97 294.9749 -1018.3169 51821.216 -67667.6 5816.25 -73483.8 577.72728
4.98 298.17345 -639.57754 51720.185 -67625.6 5879.32 -73504.9 576.49722
4.99 295.019 -65.189089 51525.392 -67576.6 5817.12 -73393.7 575.41409
5 286.21384 -392.49765 51639.966 -67943.8 5643.5 -73587.3 576.26766
5.01 289.5767 -538.02247 51640.506 -67676.9 5709.81 -73386.8 576.26406
5.02 305.25436 -762.44198 51878.705 -67376.9 6018.94 -73395.9 578.69932
5.03 288.35761 -660.42527 51765.95 -67556.1 5685.77 -73241.9 577.16503
5.04 276.29316 -924.20402 51861.867 -68013.9 5447.89 -73461.8 578.04041
5.05 289.15309 45.8658 51514.367 -67833.6 5701.45 -73535 576.11766
5.06 290.50924 -472.10758 51717.522 -67781.1 5728.2 -73509.3 577.03483
5.07 297.66444 -541.55672 51713.183 -67313.9 5869.28 -73183.2 577.41763
5.08 299.69051 -126.49878 51528.002 -67734.9 5909.23 -73644.2 576.18056
5.09 291.04947 -420.39453 51635.938 -67518.3 5738.85 -73257.2 576.13782
5.1 274.29869 44.481989 51405.145 -67971.4 5408.56 -73380 575.12312
5.11 294.82143 -405.9675 51621.763 -67604 5813.22 -73417.2 575.83964
5.12 296.97398 -373.7977 51623.279 -67934.1 5855.67 -73789.8 576.93308
5.13 288.70984 337.4758 51262.908 -67705.3 5692.71 -73398 573.40354
5.14 296.95153 -623.94716 51795.887 -67360.5 5855.22 -73215.7 577.15636
5.15 295.60184 -862.85083 51838.43 -67652 5828.61 -73480.6 577.45358
5.16 295.86126 -591.57185 51703.16 -67548.5 5833.72 -73382.2 577.12354
5.17 294.31959 -294.78108 51593.612 -67525.9 5803.33 -73329.2 575.83565
5.18 290.84944 -401.11807 51608.55 -67811.9 5734.9 -73546.8 576.06124
5.19 301.30815 -769.21829 51710.275 -67534.8 5941.13 -73475.9 576.49005
5.2 297.71877 -801.48674 51758.151 -67754.9 5870.35 -73625.2 577.32006
5.21 285.89383 -543.31074 51627.118 -67796.9 5637.19 -73434.1 575.69698
5.22 296.34024 -535.57145 51610.943 -67369 5843.17 -73212.1 575.65256
5.23 294.07694 -576.03964 51646.046 -67955.6 5798.54 -73754.1 576.20084
5.24 295.47277 -826.18459 51848.53 -67527.4 5826.06 -73353.5 578.12471
5.25 299.56135 -458.28616 51653.328 -67709.2 5906.68 -73615.9 576.8973
5.26 295.13709 -268.40297 51542.155 -67433.7 5819.45 -73253.1 574.85397
5.27 297.34552 -767.76434 51711.914 -67833 5862.99 -73696 576.99405
5.28 299.07235 -133.44725 51557.704 -67591.5 5897.04 -73488.6 575.94767
5.29 297.5001 -409.76316 51622.369 -67677 5866.04 -73543.1 576.78099
5.3 288.92287 -595.92277 51769.15 -67723.8 5696.92 -73420.7 577.32765
5.31 295.70381 -510.17265 51815.924 -67774.4 5830.62 -73605 578.73048
5.32 300.88021 -908.51306 51957.182 -67455.5 5932.69 -73388.2 579.06121
5.33 290.31521 -741.57141 51813.927 -67775.3 5724.37 -73499.7 578.25054
5.34 301.13733 -154.38476 51659.136 -67277 5937.76 -73214.7 576.67
5.35 290.22106 -447.44458 51692.46 -67776.9 5722.51 -73499.4 577.43762
5.36 301.83832 -421.21412 51654.936 -67405.7 5951.58 -73357.3 577.1643
5.37 292.41297 -434.09399 51646.481 -67737.3 5765.73 -73503 576.40047
5.38 295.95801 -665.80555 51766.121 -67554.7 5835.63 -73390.3 577.24821
5.39 295.44118 -534.6215 51690.207 -67914.6 5825.44 -73740.1 576.89616
5.4 283.24481 -818.08669 51837.617 -67705.7 5584.96 -73290.6 578.64573
5.41 296.38479 -412.5162 51722.515 -67662.9 5844.05 -73507 577.3515
5.42 279.26361 -563.97828 51694.029 -67968.7 5506.46 -73475.2 577.61676
5.43 285.5053 -563.16977 51676.376 -67602.9 5629.53 -73232.4 576.27422
5.44 282.9776 -804.23947 51839.44 -67895.7 5579.69 -73475.4 578.54957
5.45 300.19004 -519.17082 51743.569 -67626.9 5919.08 -73546 577.24726
5.46 294.09498 -308.45493 51701.267 -67826.3 5798.9 -73625.2 577.00588
5.47 293.4682 -892.35818 51895.26 -67654.9 5786.54 -73441.5 578.29749
5.48 292.55857 -432.27357 51769.217 -67758.8 5768.6 -73527.4 577.1256
5.49 294.20122 -579.11656 51695.707 -67684.6 5800.99 -73485.6 577.39245
5.5 292.87628 -874.28644 51875.667 -67654.6 5774.87 -73429.4 577.82676
5.51 293.21759 -371.85302 51695.005 -67706.3 5781.6 -73487.9 577.18507
5.52 289.40684 158.16647 51410.443 -67724.9 5706.46 -73431.4 574.54396
5.53 297.08205 -569.46491 51771.945 -67818.5 5857.8 -73676.3 577.29554
5.54 296.42027 -401.67675 51632.03 -67584.2 5844.75 -73429 576.10186
5.55 285.44506 -502.04576 51639.102 -67896 5628.34 -73524.4 575.98227
5.56 293.51324 -969.44116 51898.84 -67576.4 5787.43 -73363.8 577.88117
5.57 287.08801 -397.07126 51527.465 -68097 5660.74 -73757.7 574.82693
5.58 304.29475 -609.08629 51524.156 -67441.7 6000.01 -73441.7 574.89285
5.59 301.90759 -529.26804 51641.203 -67430.6 5952.94 -73383.6 575.81575
5.6 282.63216 -331.89805 51543.444 -67756.6 5572.88 -73329.5 574.95499
5.61 301.77263 -285.96505 51629.16 -67246.8 5950.28 -73197.1 575.94115
5.62 286.35611 -1001.7909 51837.047 -67704.4 5646.3 -73350.7 577.06145
5.63 291.31238 -479.01477 51627.96 -67724.2 5744.03 -73468.3 575.37146
5.64 285.77577 -460.84637 51618.976 -67523.7 5634.86 -73158.5 575.84515
5.65 281.94828 -965.59161 51849.407 -67960.3 5559.39 -73519.7 576.81595
5.66 292.70407 -321.15045 51573.739 -67563.5 5771.47 -73335 574.81413
5.67 287.1354 -412.53583 51606.954 -67752.6 5661.67 -73414.3 575.37267
5.68 292.58828 -465.6806 51726.278 -67725.4 5769.19 -73494.6 576.70694
5.69 292.66452 -482.3592 51677.253 -67709.5 5770.69 -73480.2 575.52483
5.7 296.04397 -810.19279 51775.718 -67384.2 5837.33 -73221.5 576.77246
5.71 298.03991 -281.97154 51607.579 -67712.3 5876.68 -73589 576.10889
5.72 298.45968 -259.67694 51527.563 -67504.7 5884.96 -73389.7 574.9899
5.73 293.26879 -580.14103 51663.052 -67498.3 5782.61 -73280.9 575.41048
5.74 287.46026 -829.44645 51775.976 -67672.1 5668.08 -73340.1 576.1791
5.75 297.39839 -808.21248 51714.693 -67283.2 5864.03 -73147.2 575.82375
5.76 290.881 -1018.451 51872.815 -67631 5735.53 -73366.5 576.91859
5.77 302.01998 -342.3948 51600.954 -67297.9 5955.16 -73253.1 575.60969
5.78 293.82619 -1204.3794 52056.957 -67662.1 5793.6 -73455.7 579.10436
5.79 304.52765 -151.04565 51519.104 -67334.2 6004.61 -73338.8 574.84548
5.8 291.26804 112.9728 51322.537 -67730.4 5743.16 -73473.5 573.67187
5.81 283.51919 -937.56196 51793.637 -67939.4 5590.37 -73529.8 576.63789
5.82 290.18735 -457.20593 51677.527 -67610.1 5721.85 -73332 575.55997
5.83 291.28807 -72.978268 51395.793 -67778.3 5743.55 -73521.9 573.51428
5.84 288.75111 -851.87859 51820.201 -67850.5 5693.53 -73544.1 576.80444
5.85 291.52443 -665.89142 51773.425 -67553.7 5748.21 -73301.9 576.41582
5.86 285.34455 -335.07266 51637.672 -67649.1 5626.36 -73275.5 575.78152
5.87 296.70534 -570.55998 51574.217 -67660.7 5850.37 -73511 574.88372
5.88 288.5522 -648.66224 51739.575 -67648.4 5689.61 -73338.1 576.34338
5.89 288.59902 -663.91326 51770.838 -67672.5 5690.53 -73363.1 576.62219
5.9 288.34993 -607.81865 51683.209 -67927.3 5685.62 -73612.9 575.7413
5.91 297.57992 -168.818 51537.019 -67540.2 5867.61 -73407.8 574.62654
5.92 298.10693 -374.06711 51543.254 -67477.8 5878 -73355.8 574.48431
5.93 288.49394 -112.43712 51469.071 -68017.5 5688.46 -73705.9 573.52994
5.94 304.66264 -135.27342 51444.385 -67598.5 6007.27 -73605.8 573.90216
5.95 296.65914 86.866795 51354.863 -67681.4 5849.46 -73530.9 573.00759
5.96 295.51785 -783.90715 51770.144 -67455.5 5826.95 -73282.5 576.02914
5.97 292.30959 -53.702726 51392.541 -67539.5 5763.69 -73303.2 573.19967
5.98 290.76718 -506.86296 51675.991 -67543.5 5733.28 -73276.8 575.86643
5.99 291.53972 -923.89162 51755.11 -67843.3 5748.51 -73591.8 575.49455
6 294.30832 -657.01015 51621.2 -67575.7 5803.1 -73378.8 575.15277
6.01 286.141 -182.79095 51464.827 -67845.1 5642.06 -73487.2 573.91147
6.02 298.91949 -543.16059 51724.907 -67682.7 5894.03 -73576.8 575.96679
6.03 290.88993 -685.89296 51700.647 -67564.9 5735.7 -73300.6 575.73077
6.04 295.5056 -900.76226 52011.809 -67461.9 5826.71 -73288.6 579.1687
6.05 287.64192 -662.44009 51772.828 -67758.5 5671.66 -73430.2 576.49547
6.06 290.3702 -420.01458 51607.117 -67720.6 5725.45 -73446 575.53588
6.07 291.43617 -861.12073 51815.923 -67542.4 5746.47 -73288.9 577.07635
6.08 300.0441 -871.97056 51854.926 -67446.9 5916.2 -73363.1 576.66459
6.09 289.96861 -325.20225 51634.761 -68048.3 5717.53 -73765.8 576.14215
6.1 293.01344 -756.77902 51838.5 -67521.9 5777.57 -73299.5 577.34204
6.11 292.23012 -560.19338 51652.033 -67912.6 5762.13 -73674.7 575.64824
6.12 303.28955 -9.0523059 51499.105 -67456.2 5980.19 -73436.4 574.75578
6.13 287.21698 -210.85583 51590.745 -67903.2 5663.28 -73566.5 576.4009
6.14 294.22823 -779.75919 51893.383 -67591.3 5801.53 -73392.8 577.77241
6.15 287.23651 -563.41709 51834.304 -68131.4 5663.66 -73795.1 577.84115
6.16 293.53822 -462.39068 51661.344 -67652.5 5787.92 -73440.4 576.12503
6.17 288.21951 -984.21361 51925.536 -67725.3 5683.05 -73408.3 578.60968
6.18 292.72077 -474.39241 51785.468 -67450.9 5771.8 -73222.7 576.94948
6.19 296.9594 -367.07448 51634.212 -67912.3 5855.38 -73767.6 576.37717
6.2 295.31008 27.459749 51456.123 -67599.3 5822.86 -73422.2 574.60248
6.21 296.00999 -671.0706 51828.7 -67715.4 5836.66 -73552 577.86996
6.22 293.56486 -335.01472 51740.742 -67754.2 5788.45 -73542.6 576.28672
6.23 290.86754 -194.36156 51622.665 -67799.1 5735.26 -73534.4 576.29045
6.24 303.79274 -178.7968 51563.181 -67399.9 5990.12 -73390 575.2647
6.25 288.12804 -953.05737 51960.465 -67736.8 5681.24 -73418.1 578.70953
6.26 303.34785 -704.52835 51770.724 -67271.9 5981.34 -73253.3 576.8773
6.27 294.5976 -712.96716 51913.761 -67844.1 5808.81 -73652.9 578.47959
6.28 296.68358 -229.39473 51563.973 -67609.2 5849.94 -73459.1 575.68781
6.29 285.76639 -287.10764 51552.284 -68022.5 5634.68 -73657.1 575.28156
6.3 284.02965 -886.18188 51839.383 -67750.2 5600.43 -73350.6 577.41744
6.31 301.305 -546.32252 51747.184 -67499.1 5941.06 -73440.1 577.23797
6.32 300.09653 -171.40388 51588.128 -67665.7 5917.23 -73583 575.74324
6.33 290.47403 -601.76067 51662.499 -67668.3 5727.5 -73395.8 576.4622
6.34 294.90861 -365.28437 51678.526 -67532.1 5814.94 -73347 576.32525
6.35 292.7599 -774.61808 51782.818 -67842.9 5772.57 -73615.5 577.01841
6.36 299.259 460.67026 51225.077 -67268 5900.72 -73168.7 572.52432
6.37 288.69888 -473.76603 51670.766 -67704.5 5692.5 -73397 576.72719
6.38 296.1444 -15.116676 51394.453 -67410.5 5839.31 -73249.8 573.77467
6.39 292.13764 -547.38555 51672.999 -67506.1 5760.3 -73266.4 576.26664
6.4 292.59091 -554.18893 51614.832 -67526.2 5769.24 -73295.5 575.7391
6.41 287.64649 -265.74992 51602.896 -68001.3 5671.75 -73673.1 576.57741
6.42 295.16498 -192.19982 51589.163 -67707.3 5820 -73527.3 576.28232
6.43 302.25558 -204.41477 51573.517 -67710.7 5959.81 -73670.5 576.03754
6.44 300.18324 -345.98608 51635.569 -67310.4 5918.94 -73229.3 577.01179
6.45 289.55551 -757.99909 51699.009 -67714.3 5709.39 -73423.7 576.43435
6.46 295.59105 -926.14573 51819.591 -67402.3 5828.4 -73230.7 577.15819
6.47 296.40741 -81.691185 51385.249 -67710.8 5844.49 -73555.3 574.66687
6.48 301.50263 33.497484 51347.491 -67491.1 5944.96 -73436 574.46669
6.49 295.95737 -383.48118 51580.237 -67462.6 5835.62 -73298.2 576.22992
6.5 296.21996 -476.98666 51674.487 -67520.5 5840.8 -73361.3 576.9436
6.51 294.12095 -381.47109 51545.939 -67802.4 5799.41 -73601.8 575.35659
6.52 294.33806 -582.54771 51651.301 -67634.5 5803.69 -73438.1 576.76905
6.53 298.86783 -760.0905 51741.578 -67918.2 5893.01 -73811.2 577.37082
6.54 292.31653 -484.64042 51613.851 -67508.6 5763.83 -73272.4 576.95314
6.55 290.05041 -271.36222 51560.27 -67838.3 5719.15 -73557.4 576.32518
6.56 308.05757 -422.56843 51675.274 -67499.3 6074.21 -73573.6 577.04262
6.57 285.97289 -1240.4653 51961.851 -67875.2 5638.75 -73513.9 579.11502
6.58 280.10592 -114.10204 51451.245 -67733.2 5523.06 -73256.3 575.19578
6.59 300.44335 -537.47197 51629.451 -67698 5924.07 -73622 576.13767
6.6 299.7907 -551.77803 51746.37 -67387.2 5911.2 -73298.4 577.74764
6.61 289.58604 -191.25127 51546.193 -67701 5709.99 -73411 576.27945
6.62 289.53588 -298.01712 51622.271 -67491.5 5709 -73200.5 577.01907
6.63 295.16217 -153.03509 51503.109 -67623.8 5819.94 -73443.7 575.78449
6.64 291.83227 -89.573336 51558.047 -67871.7 5754.28 -73626 576.87524
6.65 287.8281 -819.37639 51834.269 -67966.8 5675.33 -73642.2 578.76528
6.66 292.5897 -548.82797 51772.678 -67603.1 5769.22 -73372.3 577.90898
6.67 298.7209 -395.64038 51621.016 -67754.3 5890.11 -73644.4 576.77597
6.68 302.01673 -501.87368 51662.293 -67324.7 5955.1 -73279.8 576.97946
6.69 297.4714 -395.11718 51640.279 -67626.4 5865.47 -73491.9 576.96002
6.7 291.97059 -289.29532 51455.162 -68082.6 5757.01 -73839.6 575.79589
6.71 293.99691 -644.50446 51700.229 -67478.9 5796.96 -73275.9 577.82518
6.72 297.53055 -210.35311 51497.068 -67747.7 5866.64 -73614.4 576.43069
6.73 294.0465 28.636495 51342.285 -67587 5797.94 -73385 574.69392
6.74 298.02144 -544.93696 51735.353 -67572.3 5876.32 -73448.6 577.80251
6.75 288.35767 -696.7865 51765.082 -67759.7 5685.77 -73445.5 577.74732
6.76 302.7181 -399.99336 51702.355 -67463.4 5968.93 -73432.3 577.84453
6.77 301.54963 -285.93093 51609.485 -67811.4 5945.89 -73757.2 577.2909
6.78 308.49691 -409.3735 51693.604 -67341 6082.87 -73423.9 577.56174
6.79 290.22435 -493.45058 51586.761 -67674.7 5722.58 -73397.3 576.61127
6.8 293.81182 -769.53889 51839.053 -67513.6 5793.31 -73306.9 578.5571
6.81 293.98808 -784.42674 51732.757 -67507.7 5796.79 -73304.5 577.72488
6.82 296.99164 -453.67248 51645.21 -67921.5 5856.01 -73777.6 577.12626
6.83 289.22928 -506.26895 51633.48 -67646.6 5702.96 -73349.5 576.71416
6.84 293.44603 -886.0178 51825.344 -67879.7 5786.1 -73665.8 578.50288
6.85 297.7151 -731.77657 51731.889 -67787.5 5870.28 -73657.7 577.95704
6.86 300.73134 -913.10889 51860.834 -67418.4 5929.75 -73348.1 579.13626
6.87 295.58874 -413.73923 51661.782 -67600.5 5828.35 -73428.8 577.41902
6.88 287.29616 -500.53577 51721.8 -67770.4 5664.84 -73435.2 578.6412
6.89 286.35746 -543.54291 51759.245 -67899.2 5646.33 -73545.6 578.63971
6.9 310.9394 -769.41688 51794.74 -67537.6 6131.03 -73668.6 578.636
6.91 293.01343 -495.88366 51677.383 -67482.5 5777.57 -73260 578.28091
6.92 305.12714 -651.77559 51753.36 -67518.6 6016.43 -73535 578.58613
6.93 298.42692 -335.25885 51630.837 -67496.9 5884.31 -73381.2 577.68001
6.94 298.45744 -546.84227 51748.878 -67689.8 5884.92 -73574.8 579.34896
6.95 299.30092 -572.91421 51723.8 -67355 5901.55 -73256.5 578.1103
6.96 286.58799 -814.47216 51834.428 -67770.2 5650.88 -73421.1 579.02162
6.97 284.91372 -123.44938 51514.375 -67941.1 5617.86 -73559 577.00759
6.98 298.55745 -774.75654 51791.486 -67711.7 5886.89 -73598.6 578.77711
6.99 291.18706 -601.77097 51854.012 -67718.5 5741.56 -73460 580.44405
7 297.31677 -988.67991 51832.337 -67285.4 5862.42 -73147.8 578.84242
7.01 292.42409 -835.23451 51859.236 -67756.2 5765.95 -73522.1 579.12195
7.02 288.22614 -122.11534 51506.818 -67851.2 5683.18 -73534.4 575.99576
7.03 286.02633 -989.70441 52015.583 -67656.2 5639.8 -73296 580.80585
7.04 298.85005 -548.57804 51775.636 -67794.5 5892.66 -73687.2 578.84163
7.05 297.12887 -77.914489 51579.564 -67535.7 5858.72 -73394.4 577.07426
7.06 298.5292 -459.77504 51728.741 -67716.1 5886.33 -73602.4 578.80585
7.07 307.77958 -255.04038 51568.953 -67346.6 6068.73 -73415.4 577.22772
7.08 292.02233 -199.42479 51655.807 -67735.6 5758.03 -73493.6 578.08751
7.09 300.38508 -594.50953 51783.653 -67358.4 5922.92 -73281.3 578.76398
7.1 297.98106 -748.81482 51835.202 -67527.3 5875.52 -73402.8 579.44123
7.11 292.49983 -540.66761 51573.556 -67861 5767.45 -73628.4 578.0794
7.12 304.29888 -277.97732 51661.739 -67307.5 6000.1 -73307.6 578.2125
7.13 296.48177 -670.09848 51797.307 -67764 5845.96 -73609.9 579.20598
7.14 291.42874 -353.25234 51593.465 -67586 5746.33 -73332.3 577.29458
7.15 288.94511 -518.89211 51663.825 -67958.9 5697.35 -73656.2 578.00056
7.16 288.56768 117.29825 51295.349 -67517.8 5689.91 -73207.7 575.39675
7.17 303.75026 -294.23472 51592.059 -67515.8 5989.28 -73505.1 577.70225
7.18 295.29873 -353.61609 51569.024 -67780.4 5822.63 -73603 577.34001
7.19 289.01237 -708.15105 51784.4 -67610.3 5698.68 -73309 579.17194
7.2 302.91538 -491.46136 51677.63 -67412.9 5972.82 -73385.8 578.63517
7.21 281.94778 -387.23749 51506.712 -67775.3 5559.38 -73334.7 577.11691
7.22 285.02905 -210.27846 51500.16 -67951.4 5620.14 -73571.5 577.58751
7.23 294.45083 -510.75694 51601.365 -67528.3 5805.91 -73334.3 578.4708
7.24 289.96068 -515.87124 51568.307 -68042.7 5717.38 -73760.1 578.51749
7.25 305.43287 -594.47101 51773.572 -67483.2 6022.46 -73505.7 580.18534
7.26 292.64839 -594.27634 51706.325 -67745.5 5770.37 -73515.9 579.75425
7.27 302.05621 -1172.8527 51980.666 -67497.8 5955.88 -73453.6 581.42478
7.28 287.56479 -699.23783 51803.981 -67741.8 5670.14 -73412 579.77609
7.29 307.68629 -619.32549 51755.299 -67440.6 6066.89 -73507.5 579.40907
7.3 293.85995 -743.56422 51749.668 -67692.7 5794.26 -73486.9 579.5553
7.31 300.78043 -658.33156 51795.403 -67281.4 5930.72 -73212.1 579.46545
7.32 290.56967 -649.00294 51791.54 -67727.3 5729.39 -73456.7 579.89224
7.33 299.39887 -587.84458 51789.01 -67410.8 5903.48 -73314.3 580.1447
7.34 293.99341 -834.7796 51721.564 -67701.5 5796.9 -73498.4 579.43324
7.35 294.62887 51.48097 51418.416 -67929.7 5809.43 -73739.1 577.83767
7.36 289.3245 -287.23563 51564.585 -67508 5704.83 -73212.8 578.47692
7.37 274.71296 -613.27707 51613.305 -68174.9 5416.73 -73591.6 578.5546
7.38 302.18048 -264.99693 51577.754 -67459.9 5958.33 -73418.2 579.25902
7.39 297.4021 -306.67457 51618.137 -67785.9 5864.11 -73650 578.16064
7.4 297.94534 -529.88167 51639.608 -67467 5874.82 -73341.8 578.44562
7.41 290.89531 -40.871564 51433.752 -67978.6 5735.81 -73714.4 576.36128
7.42 291.70189 -606.20023 51726.582 -67550 5751.71 -73301.7 579.32113
7.43 292.34768 -87.206839 51448.313 -67723.2 5764.44 -73487.6 577.20433
7.44 301.91899 -936.78944 51774.713 -67402.5 5953.17 -73355.7 578.91848
7.45 286.51618 -432.75351 51605.644 -67891.3 5649.46 -73540.8 578.54579
7.46 292.95853 -247.02477 51584.779 -67684.6 5776.49 -73461.1 579.00797
7.47 295.72326 -665.80856 51745.352 -67664.7 5831 -73495.7 580.18661
7.48 291.29176 -1119.8256 51989.925 -67937 5743.62 -73680.6 582.10558
7.49 296.94411 -310.52657 51670.453 -67626 5855.08 -73481.1 579.71603
7.5 294.89216 -35.669968 51509.173 -67953.7 5814.62 -73768.3 578.03013
7.51 304.15013 -390.50263 51660.237 -67705.9 5997.16 -73703.1 579.25726
7.52 289.65956 -948.74867 51829.305 -67818.4 5711.44 -73529.9 580.04898
7.53 294.40606 -91.46768 51496.519 -67372 5805.03 -73177.1 578.07047
7.54 295.38919 347.05101 51263.649 -67762.6 5824.42 -73587 576.38803
7.55 294.10495 -330.63187 51567.104 -67642.5 5799.09 -73441.5 578.64963
7.56 292.55914 -570.18121 51684.246 -67860.6 5768.61 -73629.2 579.09138
7.57 303.56909 -966.83789 51883.343 -67522 5985.71 -73507.7 580.53269
7.58 297.23123 -471.51303 51715.946 -67801.7 5860.74 -73662.5 579.63863
7.59 307.78576 -166.53938 51489.251 -67413.3 6068.85 -73482.1 577.44909
7.6 298.09988 -138.32339 51551.575 -67665 5877.87 -73542.8 578.03721
7.61 285.12342 -487.11156 51704.079 -67894.8 5622 -73516.8 579.13297
7.62 296.42312 -327.70896 51570.464 -67541.1 5844.8 -73385.9 577.79585
7.63 296.29474 -524.09987 51711.076 -67386.7 5842.27 -73228.9 579.68294
7.64 293.96314 -663.38401 51714.907 -67715.9 5796.3 -73512.2 579.37177
7.65 293.97911 -578.53288 51706.676 -67451.8 5796.61 -73248.4 579.80413
7.66 296.26497 -241.8475 51498.813 -67819.2 5841.69 -73660.8 577.64315
7.67 292.85583 -567.53152 51612.461 -67442.6 5774.46 -73217 579.06368
7.68 290.19814 -675.88977 51690.266 -67839.9 5722.06 -73562 579.58749
7.69 299.51916 -256.63601 51602.661 -67479.3 5905.85 -73385.2 578.9907
7.7 296.899 -441.11634 51436.569 -67662.7 5854.19 -73516.8 577.27182
7.71 295.77515 -984.17322 51844.383 -67612 5832.03 -73444 580.43871
7.72 286.95913 -507.31576 51620.792 -68010.7 5658.19 -73668.9 578.46727
7.73 294.54603 -87.231564 51543.309 -67581.8 5807.79 -73389.6 578.63259
7.74 296.0091 -657.27509 51632.294 -67628.3 5836.64 -73464.9 578.55143
7.75 290.52099 -634.52622 51721.948 -67549 5728.43 -73277.5 580.26661
7.76 293.00639 -669.19265 51706.253 -67975.4 5777.43 -73752.8 579.34454
7.77 292.31436 -325.23606 51627.446 -67525.7 5763.79 -73289.5 578.64962
7.78 286.54746 -42.662612 51400.881 -67828.8 5650.08 -73478.9 576.62903
7.79 299.58496 -229.04355 51557.97 -67410.9 5907.15 -73318 578.58836
7.8 290.72335 -697.69755 51890.394 -67624 5732.42 -73356.4 580.71453
7.81 287.90607 -452.92639 51716.341 -67645.9 5676.87 -73322.8 580.0649
7.82 277.07723 -1026.0677 51907.188 -68058.3 5463.35 -73521.6 581.12708
7.83 300.72196 -177.47077 51545.054 -67556.4 5929.57 -73486 578.31001
7.84 284.03222 -517.34565 51635.571 -67846.2 5600.48 -73446.7 578.86456
7.85 293.24764 -555.20719 51682.48 -67600.3 5782.19 -73382.5 579.3181
7.86 297.41309 -615.68091 51763.694 -67604.8 5864.32 -73469.1 580.39303
7.87 291.93476 -718.14353 51895.645 -67646.9 5756.3 -73403.2 581.64905
7.88 286.8096 -1095.5309 51949.692 -67797.8 5655.25 -73453 581.99852
7.89 293.07188 -525.79091 51673.418 -67927.2 5778.72 -73705.9 579.78245
7.9 301.46605 -743.07023 51755.729 -67529.9 5944.24 -73474.2 580.30536
7.91 283.08362 -616.56682 51695.263 -67844.8 5581.78 -73426.6 580.3189
7.92 304.89923 -982.11702 51959.697 -67212.3 6011.93 -73224.3 581.7926
7.93 292.60953 -314.04452 51631.375 -67738.8 5769.61 -73508.4 579.10177
7.94 294.28515 -520.96516 51704.224 -67646.5 5802.65 -73449.2 580.27162
7.95 289.37452 -515.78161 51763.275 -67724.6 5705.82 -73430.4 579.92425
7.96 288.10661 -788.04168 51781.668 -67798.7 5680.82 -73479.5 580.19108
7.97 290.11018 -838.50052 51822.293 -67499.2 5720.33 -73219.5 580.35601
7.98 296.63588 -171.60102 51668.935 -67723.5 5849 -73572.5 579.81961
7.99 299.34163 -515.17519 51794.191 -67430.1 5902.35 -73332.5 580.95292
8 286.47319 -1342.9574 52146.323 -67620.1 5648.61 -73268.8 583.38439
8.01 293.54467 -598.86079 51674.504 -67515.4 5788.05 -73303.5 579.64276
8.02 301.16094 -137.6121 51582.483 -67593.2 5938.22 -73531.5 579.39781
8.03 290.72476 -531.10718 51802.506 -67659.8 5732.44 -73392.3 580.85838
8.04 298.93746 -265.00904 51706.304 -67405.2 5894.38 -73299.6 580.29559
8.05 300.2561 -619.46943 51686.785 -67495.9 5920.38 -73416.3 579.36069
8.06 289.3668 -200.19892 51512.975 -67601.7 5705.67 -73307.4 578.52938
8.07 294.49927 -521.68606 51702.916 -67924.6 5806.87 -73731.5 580.1593
8.08 284.78901 -244.07028 51488.353 -67577.9 5615.4 -73193.3 579.54038
8.09 293.17806 -177.85252 51476.165 -67704.9 5780.82 -73485.8 579.1278
8.1 305.35767 -256.71206 51560.218 -67537.2 6020.97 -73558.2 579.9009
8.11 280.64979 -1252.2921 52120.026 -68132.6 5533.79 -73666.4 583.70486
8.12 291.75087 -793.49051 51944.147 -67570 5752.68 -73322.6 582.30163
8.13 290.96676 -642.94305 51760.216 -67711.1 5737.22 -73448.3 581.00233
8.14 289.33357 -333.60102 51529.544 -67778.5 5705.01 -73483.5 578.39498
8.15 297.93756 -146.85429 51500.729 -67445.1 5874.66 -73319.8 577.53889
8.16 292.68362 -438.78673 51624.535 -67760.2 5771.07 -73531.2 578.89137
8.17 305.11296 -950.86389 51992.335 -67273.7 6016.15 -73289.8 582.19242
8.18 299.06467 -228.36705 51519.026 -67621.5 5896.89 -73518.4 578.34249
8.19 288.58506 -600.0866 51726.225 -67713.1 5690.25 -73403.4 580.0488
8.2 289.81718 -14.680315 51397.516 -67819.9 5714.55 -73534.5 577.88111
8.21 285.65098 -791.93517 51708.598 -67680.9 5632.4 -73313.3 580.15839
8.22 285.02948 -304.72289 51621.936 -67807 5620.15 -73427.1 579.65506
8.23 294.88264 -635.84557 51693.719 -67360 5814.43 -73174.4 580.04318
8.24 291.63246 -564.128 51717.776 -67738.8 5750.34 -73489.2 580.12002
8.25 290.66468 -730.74447 51833.655 -67620.5 5731.26 -73351.8 581.28495
8.26 288.48616 365.4599 51156.323 -67937.9 5688.3 -73626.2 576.06396
8.27 303.29498 -989.30931 51843.968 -67518.7 5980.3 -73499 581.40586
8.28 294.79118 -931.00264 51946.308 -67609.4 5812.63 -73422.1 582.58361
8.29 295.73671 -597.1323 51756.416 -67710.3 5831.27 -73541.5 581.03002
8.3 299.75936 -587.24264 51714.841 -67627.4 5910.59 -73538 580.8146
8.31 291.28178 -502.99775 51729.426 -67857.6 5743.43 -73601 580.83637
8.32 301.38085 -936.00978 51849.075 -67493 5942.56 -73435.6 582.3585
8.33 293.12752 -850.47162 51914.128 -67711.8 5779.82 -73491.6 582.80584
8.34 291.32966 -791.64684 51814.643 -67493.7 5744.37 -73238 581.32532
8.35 289.34696 -265.34625 51536.242 -67850.1 5705.28 -73555.4 579.31543
8.36 287.95184 -379.86411 51715.357 -67817.8 5677.77 -73495.5 580.96961
8.37 289.52439 -316.23531 51620.118 -67761.6 5708.78 -73470.3 579.80661
8.38 289.36325 -548.14118 51649.948 -67702.7 5705.6 -73408.3 580.03861
8.39 290.30886 -312.46922 51563.136 -67439 5724.24 -73163.2 579.63284
8.4 297.33426 -429.45502 51654.147 -67577.4 5862.77 -73440.1 579.97716
8.41 296.59976 -310.12763 51669.079 -67614.4 5848.29 -73462.7 580.19201
8.42 293.07446 -259.35 51520.468 -67568 5778.78 -73346.8 578.84234
8.43 294.11053 -619.06535 51723.911 -67725.5 5799.2 -73524.7 581.07592
8.44 300.14137 -942.36386 51806.384 -67417.9 5918.12 -73336 581.81093
8.45 298.97699 -281.98726 51616.298 -67500 5895.16 -73395.2 579.9065
8.46 291.28359 -1060.8502 51887.034 -67647.8 5743.46 -73391.3 581.9111
8.47 301.31889 -396.87261 51656.73 -67345.2 5941.34 -73286.5 580.42951
8.48 292.71767 -588.81545 51737.169 -67617.8 5771.74 -73389.5 580.80049
8.49 292.18549 -142.89615 51518.795 -67747.4 5761.25 -73508.6 579.32005
8.5 297.93859 -956.41972 51899.953 -67472.7 5874.69 -73347.4 581.59062
8.51 288.14278 -429.6468 51761.008 -67804.9 5681.53 -73486.4 580.90631
8.52 299.18061 -682.86267 51881.337 -67447.4 5899.18 -73346.5 581.86745
8.53 292.63795 -751.93586 51892.39 -67797 5770.17 -73567.2 581.7206
8.54 292.95568 -632.14936 51710.577 -67641.9 5776.43 -73418.3 579.78489
8.55 297.04992 -756.17979 51796.098 -67467.1 5857.16 -73324.3 580.6523
8.56 300.76203 -428.51024 51642.098 -67373.2 5930.36 -73303.6 579.60318
8.57 293.78291 -961.78567 51825.29 -67669.4 5792.74 -73462.2 580.52517
8.58 303.58337 -160.21142 51559.614 -67296 5985.99 -73282 578.73491
8.59 280.49004 -627.99097 51637.944 -67755.9 5530.64 -73286.5 579.53066
8.6 293.27055 -637.0599 51713.033 -67578.9 5782.64 -73361.6 579.95846
8.61 290.36548 -536.74152 51687.681 -67750.6 5725.36 -73476 579.71278
8.62 294.17968 -744.69605 51870.961 -67611.9 5800.57 -73412.5 581.25553
8.63 298.59188 26.044194 51484.638 -67460.8 5887.57 -73348.4 578.40708
8.64 299.55725 -549.4043 51804.445 -67712 5906.6 -73618.6 580.6852
8.65 300.55114 -887.71687 51851.081 -67434.2 5926.2 -73360.4 581.23104
8.66 286.08635 -671.84221 51714.537 -67716 5640.99 -73357 579.28065
8.67 293.40872 -669.35365 51723.784 -67584.4 5785.37 -73369.7 580.4949
8.68 305.03782 184.46146 51325.682 -67696.3 6014.67 -73710.9 576.66298
8.69 288.91471 -734.15102 51831.61 -67848.7 5696.75 -73545.5 580.53037
8.7 291.45594 -406.17209 51524.662 -67611.1 5746.86 -73358 578.63382
8.71 281.73527 -367.86025 51556.189 -68026.9 5555.19 -73582.1 578.58405
8.72 310.16605 -10.959593 51504.045 -67497.2 6115.78 -73613 578.56975
8.73 293.27656 -352.46919 51523.854 -67636 5782.76 -73418.7 578.89268
8.74 290.67758 -720.76795 51794.545 -67645.5 5731.51 -73377 580.71601
8.75 302.09496 -613.49021 51798.067 -67451.5 5956.64 -73408.1 580.52439
8.76 284.86946 -405.31659 51689.74 -67659.2 5616.99 -73276.2 579.9512
8.77 292.08403 -474.14674 51629.911 -67672.6 5759.25 -73431.8 579.30109
8.78 299.95315 -251.00272 51555.137 -67535.4 5914.41 -73449.8 579.31842
8.79 283.83037 -29.93773 51368.882 -67916 5596.5 -73512.5 576.80883
8.8 291.43048 -551.504 51692.491 -67472.1 5746.36 -73218.5 579.2017
8.81 290.25646 -1141.1255 52047.008 -67627.5 5723.21 -73350.7 582.30587
8.82 298.1619 -547.6583 51758.561 -67482.2 5879.09 -73361.3 580.16886
8.83 289.22219 -653.50627 51775.698 -67857.9 5702.82 -73560.8 580.88209
8.84 299.73906 -521.49161 51702.971 -67567.1 5910.19 -73477.3 580.16584
8.85 290.54417 -922.23061 51866.408 -67954.3 5728.88 -73683.2 580.97721
8.86 289.20425 -556.8266 51872.093 -67735.9 5702.46 -73438.3 581.62498
8.87 300.9832 -284.18688 51629.478 -67429 5934.72 -73363.7 579.57013
8.88 299.65763 -271.23591 51637.199 -67671.6 5908.58 -73580.2 579.59218
8.89 294.06576 -88.774487 51534.957 -67716.8 5798.32 -73515.1 578.58684
8.9 297.69892 -578.64545 51887.414 -67449.2 5869.96 -73319.2 581.58443
8.91 290.46045 -546.12537 51753.764 -67809.9 5727.23 -73537.2 580.84274
8.92 289.32287 -509.19452 51792.008 -67785.6 5704.8 -73490.4 581.19686
8.93 300.57957 -656.91551 51780.928 -67614.3 5926.76 -73541 581.11289
8.94 301.96211 -346.85104 51664.64 -67461.3 5954.02 -73415.3 579.71487
8.95 283.6799 -448.24572 51641.646 -67957.4 5593.54 -73550.9 579.45284
8.96 295.44222 22.541523 51484.262 -67576.2 5825.46 -73401.6 578.74081
8.97 295.82792 -758.16351 51762.384 -67647.1 5833.07 -73480.1 580.65135
8.98 301.44884 -569.06592 51768.689 -67320.9 5943.9 -73264.8 581.15095
8.99 291.10916 -393.60038 51628.801 -67791.9 5740.02 -73531.9 579.6056
9 293.25084 -824.6486 51721.761 -67615.3 5782.25 -73397.5 580.23037
9.01 282.37978 -669.75367 51675.093 -68000.1 5567.9 -73568 580.07533
9.02 297.41162 -301.44592 51743.405 -67527.9 5864.29 -73392.2 580.91791
9.03 296.51157 -866.6415 51957.511 -67373.6 5846.55 -73220.1 582.06631
9.04 292.41253 -598.16973 51712.078 -67689.8 5765.72 -73455.5 580.28594
9.05 295.43044 771.55451 51118.353 -67330 5825.23 -73155.3 575.53235
9.06 282.62688 -368.0958 51611.412 -67722.1 5572.77 -73294.9 579.17618
9.07 306.26803 -226.07516 51575.777 -67469.1 6038.92 -73508 578.87006
9.08 307.38819 -497.66323 51618.133 -67464.7 6061.01 -73525.7 579.26624
9.09 283.28559 -567.94901 51617.022 -67812.4 5585.76 -73398.2 579.24854
9.1 294.59399 -507.72456 51685.005 -67561.5 5808.74 -73370.2 579.59396
9.11 284.1818 -1022.4363 51828.3 -67970.7 5603.43 -73574.1 580.5198
9.12 297.41219 -494.179 51627.314 -67794.4 5864.31 -73658.7 579.22738
9.13 296.91327 -733.03171 51723.083 -67439.1 5854.47 -73293.5 579.52041
9.14 298.6666 -178.02612 51432.647 -67755.8 5889.04 -73644.8 577.97947
9.15 301.51033 -941.43153 51939.486 -67248.9 5945.11 -73194 582.06853
9.16 289.34578 -353.3341 51609.154 -67751.3 5705.25 -73456.5 579.05283
9.17 282.75552 -665.42552 51733.775 -67966.3 5575.31 -73541.6 580.19491
9.18 296.95765 -171.41679 51564.747 -67640 5855.34 -73495.4 578.89737
9.19 276.80903 -750.98214 51707.142 -68011.8 5458.06 -73469.9 580.12877
9.2 297.74436 -696.14332 51754.917 -67555.7 5870.86 -73426.5 580.3583
9.21 295.23661 215.47158 51354.741 -67575.1 5821.41 -73396.5 577.10333
9.22 288.67617 -577.92024 51680.433 -67842.9 5692.05 -73534.9 580.00171
9.23 299.96568 -366.70345 51625.229 -67649.3 5914.66 -73563.9 579.30441
9.24 294.05556 -426.50785 51657.681 -67722.2 5798.12 -73520.3 580.39211
9.25 295.31895 35.067976 51464.634 -67559.9 5823.03 -73382.9 578.18222
9.26 297.47386 -362.55479 51625.959 -67694.3 5865.52 -73559.8 580.65272
9.27 303.95236 -781.20518 51779.929 -67645.9 5993.26 -73639.2 580.64071
9.28 304.01261 -85.050704 51467.533 -67519.7 5994.45 -73514.2 578.66824
9.29 286.17681 -474.23065 51654.69 -67977.5 5642.77 -73620.3 579.61365
9.3 296.3591 -627.16224 51651.594 -67594.8 5843.54 -73438.3 580.20885
9.31 305.10058 -745.91321 51851.456 -67525.8 6015.9 -73541.7 581.84915
9.32 286.08562 -314.1538 51678.537 -67738.5 5640.97 -73379.5 579.78153
9.33 301.10111 -234.74609 51561.594 -67453.9 5937.04 -73391 579.17647
9.34 295.44519 -656.62917 51872.637 -67686.9 5825.52 -73512.5 581.44545
9.35 296.79358 -355.57002 51639.657 -67661.1 5852.11 -73513.2 579.66949
9.36 279.56671 -553.77818 51616.882 -68037.3 5512.43 -73549.7 579.88496
9.37 290.82974 -547.82313 51739.821 -67576.1 5734.51 -73310.6 580.59603
9.38 287.26037 -545.5201 51593.196 -67947.8 5664.13 -73612 579.29363
9.39 290.88047 -605.75468 51815.252 -67653.4 5735.52 -73388.9 580.97273
9.4 292.75289 -691.44995 51737.641 -67842.3 5772.43 -73614.7 580.35475
9.41 295.19738 -323.1683 51584.167 -67393.3 5820.63 -73213.9 578.58637
9.42 301.25768 -675.55091 51777.474 -67652 5940.13 -73592.2 580.30988
9.43 289.04064 -149.9721 51459 -67497.8 5699.24 -73197 577.90436
9.44 281.057 -395.80561 51553.846 -67928 5541.82 -73469.9 578.01779
9.45 290.80055 -518.34025 51825.988 -67563 5733.94 -73296.9 580.62481
9.46 289.1735 -344.05776 51609.893 -67667 5701.86 -73368.9 580.22323
9.47 296.14582 -444.63858 51746.254 -67688.7 5839.34 -73528.1 580.50203
9.48 301.97233 -1093.9057 51996.334 -67362.4 5954.22 -73316.6 581.97067
9.49 292.84116 -572.16278 51695.548 -67683.3 5774.18 -73457.4 580.12292
9.5 289.3365 -414.65452 51664.104 -67743.4 5705.07 -73448.4 579.4814
9.51 290.37013 -478.28357 51704.226 -67796.7 5725.45 -73522.2 579.6747
9.52 291.49192 -354.47014 51605.482 -67530.2 5747.57 -73277.7 579.58582
9.53 282.55836 -309.85739 51508.08 -68043.5 5571.42 -73614.9 578.29812
9.54 290.12867 -934.4571 51916.263 -67402.9 5720.69 -73123.6 581.44929
9.55 296.07119 -495.42194 51642.901 -67696.7 5837.86 -73534.6 579.45358
9.56 294.29773 -365.04108 51518.008 -67521.7 5802.9 -73324.6 578.43082
9.57 313.98703 -422.65092 51624.318 -67330.6 6191.12 -73521.7 579.87855
9.58 284.77323 -448.02917 51724.931 -67620.1 5615.09 -73235.2 580.40612
9.59 289.54991 -1104.3763 51974.186 -67740.4 5709.28 -73449.7 582.54192
9.6 299.1108 1.2705058 51474.771 -67492.1 5897.8 -73389.9 578.26804
9.61 291.66432 -725.05902 51792.442 -67712.4 5750.97 -73463.3 580.76842
9.62 298.56001 -340.324 51739.449 -67561.5 5886.94 -73448.5 580.91234
9.63 278.7489 -810.78546 51875.135 -67832.5 5496.31 -73328.8 581.83953
9.64 291.63663 -696.24902 51698.727 -67563.4 5750.42 -73313.8 580.40388
9.65 299.65174 -835.10087 51883.467 -67565.4 5908.46 -73473.8 581.52269
9.66 305.43177 -865.7559 51981.86 -67262.2 6022.43 -73284.7 582.33325
9.67 298.66497 -301.91533 51632.985 -67753.1 5889.01 -73642.1 579.5979
9.68 291.8786 -236.18086 51667.18 -67438.6 5755.2 -73193.8 579.49709
9.69 294.4205 -661.69987 51867.334 -67552.5 5805.32 -73357.8 580.87511
9.7 303.30134 -308.50687 51685.439 -67467.3 5980.43 -73447.7 580.12119
9.71 288.8514 -50.49351 51479.064 -67869.1 5695.51 -73564.6 577.99711
9.72 294.59359 -399.74717 51661.108 -67544.7 5808.73 -73353.4 579.2308
9.73 300.44127 -664.45493 51825.091 -67795.5 5924.03 -73719.6 580.56514
9.74 288.54999 -333.44239 51639.457 -67661.1 5689.56 -73350.7 579.08752
9.75 298.27862 -714.3619 51819.07 -67525.3 5881.39 -73406.7 580.08317
9.76 307.14 -525.26573 51686.916 -67512.8 6056.12 -73568.9 580.11738
9.77 286.9886 -949.86454 51850.065 -67695.1 5658.78 -73353.9 580.99535
9.78 286.93174 -499.97081 51758.49 -67840.1 5657.65 -73497.8 580.55869
9.79 294.73565 -294.29491 51544.325 -67439 5811.53 -73250.6 578.73384
9.8 292.2767 -435.00466 51605.893 -67734.5 5763.05 -73497.5 578.96597
9.81 301.00817 -447.67104 51643.19 -67499.2 5935.21 -73434.5 578.94208
9.82 288.69818 -290.07555 51556.346 -68110.8 5692.48 -73803.3 578.88878
9.83 291.49817 -522.51772 51726.577 -67492.8 5747.69 -73240.5 580.81159
9.84 301.70414 -44.081158 51396.657 -67472.5 5948.93 -73421.5 577.5197
9.85 282.87754 152.02785 51309.402 -67931.3 5577.72 -73509.1 577.10051
9.86 299.53195 -497.03775 51685.168 -67513 5906.1 -73419.1 579.82177
9.87 292.48551 257.87272 51328.664 -67791.9 5767.16 -73559.1 577.02533
9.88 291.79656 -549.82536 51703.276 -67606.3 5753.58 -73359.9 579.54081
9.89 294.00661 -831.86476 51900.611 -67740.4 5797.16 -73537.6 581.4291
9.9 304.09667 -436.75277 51746.899 -67222.5 5996.11 -73218.6 580.4608
9.91 295.75183 -51.585865 51487.697 -67686.4 5831.57 -73517.9 578.10525
9.92 296.45438 -368.19342 51615.14 -67590 5845.42 -73435.4 579.04749
9.93 284.84421 -1019.9373 51943.254 -67833.7 5616.49 -73450.1 582.13824
9.94 299.45148 -462.29 51754.569 -67315.6 5904.52 -73220.1 579.83784
9.95 292.26769 -396.42098 51584.638 -67713.1 5762.87 -73476 578.55131
9.96 295.68952 -51.031063 51574.294 -67638.5 5830.34 -73468.8 578.69064
9.97 303.41992 -1289.5371 52054.479 -67592.9 5982.76 -73575.6 582.39902
9.98 293.25175 -541.28985 51715.795 -67648.1 5782.27 -73430.3 580.0028
