0 296.12246 -1208.9918 50560.955 -61886.3 5787.17 -67673.5 8.6053278
0.01 298.66792 -2178.868 50457.269 -61784.6 5836.92 -67621.5 18.861635
0.02 300.745 -998.57117 50093.233 -62262 5877.51 -68139.6 28.745049
0.03 289.26434 -1429.5375 50212.544 -62608 5653.14 -68261.2 35.400863
0.04 295.59513 -957.40317 50203.591 -62549.4 5776.87 -68326.3 42.834931
0.05 296.61963 -297.33653 50100.576 -62891.9 5796.89 -68688.7 48.73268
0.06 298.33292 -1383.5333 50498.986 -62984.7 5830.37 -68815.1 53.779445
0.07 296.88259 -604.11585 50444.345 -63093.8 5802.03 -68895.8 60.539844
0.08 293.00781 -981.72877 50334.268 -63233 5726.3 -68959.3 66.477706
0.09 285.78608 -1229.1887 50542.477 -63551.9 5585.17 -69137.1 70.50147
0.1 297.83888 -1380.8297 50318.965 -62845.3 5820.72 -68666 76.19416
0.11 291.28001 -1020.1259 50173.19 -62890.2 5692.53 -68582.7 81.957347
0.12 290.79742 -1216.0729 50502.155 -63594.6 5683.1 -69277.7 87.238701
0.13 295.09268 -1328.4377 50702.042 -63398.6 5767.05 -69165.6 91.134296
0.14 302.85857 -1160.8338 50661.837 -63193.7 5918.82 -69112.5 98.968996
0.15 291.10266 -1789.7306 51049.146 -63829.3 5689.07 -69518.4 102.2137
0.16 300.23637 -1347.7228 50634.879 -63565.6 5867.57 -69433.1 103.77385
0.17 289.66879 -590.64773 50132.561 -64088.8 5661.05 -69749.8 105.02262
0.18 291.46922 -923.22012 50570.01 -63603.3 5696.23 -69299.6 111.24883
0.19 297.27761 -945.77276 50739.997 -63544.1 5809.75 -69353.9 115.06626
0.2 291.79346 -1487.5208 50729.62 -63484.7 5702.57 -69187.2 119.47568
0.21 297.36948 -811.06907 50520.878 -63901.3 5811.54 -69712.9 121.99892
0.22 298.04279 -1193.2374 50346.569 -63447.5 5824.7 -69272.2 125.9085
0.23 291.47493 -1375.2007 50745.678 -63857.6 5696.34 -69553.9 130.33017
0.24 293.45542 -1354.6587 50524.172 -63705.9 5735.05 -69441 133.91065
0.25 284.00068 -1290.8465 50741.94 -64272.2 5550.27 -69822.5 139.92601
0.26 291.46105 -1153.5088 50830.8 -63954 5696.07 -69650.1 144.48707
0.27 298.10959 -1216.1045 50756.583 -64279.3 5826.01 -70105.3 145.58027
0.28 294.81564 -685.67267 50738.984 -64317.6 5761.63 -70079.3 147.71835
0.29 296.81516 -856.50129 50629.13 -64357.9 5800.71 -70158.6 149.01847
0.3 301.84063 -1153.3391 50832.807 -63912.4 5898.92 -69811.3 152.79216
0.31 293.92997 -1030.9636 50728.715 -64293.2 5744.32 -70037.5 153.50928
0.32 287.67539 -768.95888 50307.75 -64213 5622.09 -69835.1 154.16966
0.33 304.68504 -1342.2137 50774.977 -63843.1 5954.51 -69797.6 158.76893
0.34 293.02181 -1156.328 50831.314 -64254.4 5726.57 -69981 162.54125
0.35 289.8484 -730.20146 50370.934 -64242.9 5664.56 -69907.4 163.09935
0.36 305.41945 -597.22433 50420.805 -63978.6 5968.86 -69947.5 164.78023
0.37 294.52427 -999.16841 51005.319 -64422.5 5755.94 -70178.4 168.90866
0.38 298.4097 -1006.5622 50566.082 -63921.6 5831.87 -69753.5 170.95717
0.39 298.105 -853.81959 50764.126 -64490.4 5825.92 -70316.3 174.27504
0.4 290.57221 -871.92462 50667.547 -64451.9 5678.7 -70130.6 175.3454
0.41 292.67691 -648.99156 50357.386 -64495.8 5719.83 -70215.6 176.89084
0.42 292.70876 -1283.7315 50812.057 -64506.9 5720.46 -70227.3 180.48388
0.43 288.99407 -1428.6242 51042.218 -64379.2 5647.86 -70027.1 182.75094
0.44 294.22522 41.064526 50591.867 -64714.8 5750.09 -70464.8 182.25534
0.45 294.53002 -926.20203 50667.377 -64659.1 5756.05 -70415.2 184.89301
0.46 292.25885 -1035.0983 50725.869 -64955.2 5711.66 -70666.9 184.11999
0.47 292.99781 -1378.7152 50969.367 -64530.8 5726.11 -70256.9 184.14808
0.48 292.24268 -1226.8488 50959.641 -65014.6 5711.35 -70726 184.02609
0.49 305.16388 -1181.7843 50983.253 -64765.3 5963.87 -70729.2 185.19007
0.5 292.2467 -1081.753 50927.029 -65151.3 5711.43 -70862.7 186.50321
0.51 299.77231 -1062.7196 50895.192 -65146.6 5858.5 -71005.1 187.4141
0.52 282.82716 -1225.7636 51116.349 -65201.4 5527.34 -70728.8 189.97037
0.53 298.60027 -1558.4959 51342.791 -65562.9 5835.6 -71398.5 190.53519
0.54 293.9105 -941.81496 50949.298 -65771.4 5743.94 -71515.3 191.63534
0.55 299.65219 -1097.3723 51120.579 -65514.5 5856.15 -71370.7 192.54674
0.56 290.68544 -527.70035 50793.71 -66049.6 5680.91 -71730.5 192.17651
0.57 300.6135 -680.808 51075.343 -65838.2 5874.94 -71713.1 192.74953
0.58 291.99211 -696.37695 51165.793 -66174 5706.45 -71880.4 193.47922
0.59 295.36395 -656.52632 50958.74 -66346.6 5772.35 -72118.9 192.6641
0.6 293.27596 -1075.874 51343.538 -66559 5731.54 -72290.5 194.29146
0.61 304.02332 -1269.6806 51387.008 -66037.5 5941.58 -71979.1 194.14188
0.62 291.32558 -905.42647 51206.409 -66462.2 5693.42 -72155.6 193.9521
0.63 293.81611 -1200.1365 51704.097 -66299.3 5742.1 -72041.4 195.54341
0.64 288.42591 -974.3722 51413.09 -66721.6 5636.76 -72358.4 194.7663
0.65 296.04441 -892.69725 51375.564 -66423.7 5785.65 -72209.3 194.32975
0.66 283.76443 -638.51745 51335.972 -66882.5 5545.66 -72428.1 194.43394
0.67 304.26015 -549.17804 51251.322 -66474.1 5946.21 -72420.3 194.93764
0.68 298.49868 -958.82117 51561.167 -66439.6 5833.61 -72273.2 195.63141
0.69 305.3112 -1512.2588 51892.435 -66227.6 5966.75 -72194.3 196.15746
0.7 289.06717 -1222.4639 51726.815 -66579.6 5649.29 -72228.9 195.81508
0.71 291.54929 -1361.669 51601.244 -66824.7 5697.8 -72522.5 195.38335
0.72 297.14976 -1041.9719 51612.797 -66570 5807.25 -72377.3 195.77406
0.73 303.16968 -1084.2855 51619.858 -66681.6 5924.9 -72606.5 195.86407
0.74 302.14974 -709.46703 51389.965 -66107.6 5904.96 -72012.5 195.36004
0.75 289.94334 -1297.6556 51666.199 -66771.4 5666.41 -72437.8 195.54535
0.76 285.99401 -304.22529 51339.121 -66561.9 5589.23 -72151.1 195.41344
0.77 294.37506 -945.41132 51691.658 -66752 5753.02 -72505 196.16252
0.78 304.75883 -605.53837 51508.014 -66409.7 5955.95 -72365.7 195.67062
0.79 298.78728 -1270.966 51783.823 -66621.2 5839.25 -72460.4 196.04318
0.8 289.87427 -707.25186 51505.193 -66700 5665.06 -72365 196.10603
0.81 292.44637 -977.41739 51557.429 -66677.5 5715.33 -72392.8 196.15403
0.82 292.31412 -861.24753 51479.488 -66601.8 5712.74 -72314.6 195.77836
0.83 300.35584 -1064.5615 51996.905 -66805 5869.9 -72674.9 197.2522
0.84 301.05736 -393.67231 51562.751 -66428.7 5883.61 -72312.3 196.22111
0.85 296.65094 -754.29282 51603.776 -66771.5 5797.5 -72569 196.41757
0.86 300.49908 -976.32582 51821.414 -66589.9 5872.7 -72462.6 197.19559
0.87 302.81449 -1454.1759 51918.886 -66456.4 5917.95 -72374.3 197.32012
0.88 292.54649 -1155.3372 51891.427 -66458.3 5717.29 -72175.6 197.13078
0.89 287.14446 -767.44989 51627.781 -66688.1 5611.71 -72299.9 197.19055
0.9 300.12898 -1659.2806 52139.744 -66291.4 5865.47 -72156.8 197.74593
0.91 290.35397 -958.05981 51693.156 -66773.2 5674.44 -72447.7 197.12261
0.92 289.92722 -1021.6945 51750.678 -66931.9 5666.1 -72597.9 197.49811
0.93 291.50236 -1225.4942 51790.264 -66572.5 5696.88 -72269.4 197.7139
0.94 290.17875 -1448.2107 52042.805 -66982.4 5671.01 -72653.4 198.22505
0.95 296.08533 -1047.7172 51747.315 -66662.1 5786.45 -72448.6 197.20552
0.96 302.33252 -777.5707 51609.965 -66379.8 5908.54 -72288.4 196.70172
0.97 295.9113 -1117.1797 51799.213 -66743.5 5783.04 -72526.6 197.27842
0.98 295.42096 -1687.2248 52029.933 -66478.2 5773.46 -72251.7 198.27362
0.99 289.55352 -1400.8214 51815.631 -66858 5658.79 -72516.8 197.81108
1 302.16095 -1763.2736 52204.805 -66439 5905.18 -72344.2 198.29943
1.01 297.21145 -848.4079 51685.492 -66743.5 5808.45 -72552 197.16119
1.02 286.01483 -859.70837 51601.067 -66712.8 5589.64 -72302.4 196.43873
1.03 299.84897 -1192.5928 51812.937 -66914.2 5860 -72774.2 197.52233
1.04 288.72448 -1527.941 51852.977 -66664.9 5642.59 -72307.5 197.38529
1.05 291.59237 -743.21972 51685.174 -66747.1 5698.64 -72445.7 197.42935
1.06 283.85679 -955.94429 51735.581 -66908.9 5547.46 -72456.4 197.39774
1.07 309.25345 -1241.9227 52004.871 -66249.7 6043.79 -72293.5 198.01279
1.08 293.2301 -825.60058 51734.393 -66846.1 5730.65 -72576.7 197.65488
1.09 294.40156 -1085.4317 51935.496 -66944.1 5753.54 -72697.7 198.46383
1.1 307.41566 -970.36671 51886.124 -66595.3 6007.88 -72603.1 197.83967
1.11 294.91164 -768.86255 51809.186 -66916.4 5763.51 -72680 197.80624
1.12 299.8522 -1181.6962 51961.438 -66537.4 5860.06 -72397.5 198.34712
1.13 294.83871 -396.00805 51560.567 -66872.7 5762.08 -72634.8 197.28932
1.14 296.26348 -1183.399 51832.138 -66607.7 5789.93 -72397.6 197.67123
1.15 293.93161 -1099.1704 51900.257 -66814 5744.36 -72558.4 197.87625
1.16 299.11596 -1043.7145 51809.237 -66561.2 5845.67 -72406.9 197.82135
1.17 292.42115 -1223.241 51895.929 -66638.1 5714.84 -72353 197.96182
1.18 291.64241 -1009.4822 51948.989 -66766.1 5699.62 -72465.7 198.26068
1.19 303.51808 -1487.8771 52046.793 -66317.7 5931.7 -72249.4 198.48869
1.2 296.86094 -1028.3433 51917.583 -66744.2 5801.6 -72545.8 198.11642
1.21 295.36068 -632.99879 51701.879 -66545.1 5772.28 -72317.3 197.56088
1.22 295.82529 -1332.1373 51970.126 -66746.8 5781.36 -72528.2 198.364
1.23 295.43267 -501.08004 51629.336 -66703.6 5773.69 -72477.3 197.8702
1.24 293.76439 -1012.3261 51864.978 -66755 5741.09 -72496.1 198.02876
1.25 289.69119 -624.59576 51698.409 -66657.5 5661.48 -72319 197.99782
1.26 284.44131 -849.05997 51847.908 -67032 5558.88 -72590.9 198.57996
1.27 297.68658 -1298.0168 52091.888 -66732.4 5817.74 -72550.2 199.17706
1.28 292.29961 -871.63397 51822.377 -66989.2 5712.46 -72701.7 198.45111
1.29 302.37105 -1433.2059 52101.116 -66590.5 5909.29 -72499.8 198.76812
1.3 292.01894 -965.64296 51960.07 -66923.9 5706.98 -72630.8 198.45718
1.31 304.48311 -1017.4429 51938.688 -66730.2 5950.56 -72680.8 198.76553
1.32 288.97327 -1137.4825 52069.721 -66657.2 5647.45 -72304.7 198.77802
1.33 292.19359 -654.32479 51860.912 -66867.7 5710.39 -72578.1 198.66391
1.34 296.66639 -1253.6343 52200.715 -66545.9 5797.8 -72343.7 198.92789
1.35 298.76849 -877.38716 51826.1 -66731.7 5838.88 -72570.6 198.26599
1.36 290.574 -1342.8177 52137.654 -67144.3 5678.74 -72823.1 198.81524
1.37 291.54153 -863.34768 51851.02 -66711.1 5697.65 -72408.8 198.30422
1.38 297.32894 -1055.986 51932.698 -66871.3 5810.75 -72682.1 198.9104
1.39 287.65707 -808.4839 51838.671 -67070.1 5621.73 -72691.9 198.50915
1.4 297.91487 -1280.3456 52143.368 -66848.2 5822.2 -72670.4 199.18607
1.41 293.58941 -854.30424 51998.913 -66888.1 5737.67 -72625.7 198.63668
1.42 288.8966 -1022.4818 52065.247 -66894.3 5645.95 -72540.3 198.68377
1.43 295.40296 -1325.5017 52067.091 -66471.5 5773.11 -72244.6 198.92251
1.44 295.88952 -940.94791 52080.281 -66826 5782.62 -72608.7 198.91763
1.45 297.40883 -1096.4005 52010.253 -66832.8 5812.31 -72645.1 198.18496
1.46 290.63089 -1150.9342 52001.654 -66974.3 5679.85 -72654.1 198.76708
1.47 292.00657 -620.62032 51868.013 -66963.9 5706.73 -72670.6 198.41659
1.48 302.63897 -1101.7739 52113.776 -66382.4 5914.52 -72297 198.85352
1.49 293.94368 -498.8645 51816.117 -66893.8 5744.59 -72638.4 198.39393
1.5 301.95294 -1097.4599 52063.167 -66758.3 5901.12 -72659.4 199.12826
1.51 288.30551 -1012.4781 51878.677 -67111.3 5634.4 -72745.7 198.39228
1.52 302.44676 -976.61576 52009.029 -66688.5 5910.77 -72599.3 198.67588
1.53 289.43559 -1022.1182 51888.546 -66722.8 5656.49 -72379.3 198.4607
1.54 300.92276 -1173.2812 52116.712 -66642.3 5880.98 -72523.3 198.81669
1.55 288.26926 -1190.9678 52076.295 -66895.7 5633.69 -72529.4 198.88749
1.56 303.58329 -838.33607 51904.975 -66811.2 5932.98 -72744.2 198.68093
1.57 293.23127 -1181.5154 52049.226 -66861.3 5730.67 -72591.9 198.73019
1.58 297.77741 -822.55802 51897.455 -66826.5 5819.51 -72646.1 198.72111
1.59 292.96682 -1481.8003 52145.312 -66876.2 5725.5 -72601.7 199.29482
1.6 299.08496 -1206.8309 52073.596 -66903.1 5845.07 -72748.1 198.8695
1.61 293.72618 -604.93514 51718.871 -66764.5 5740.34 -72504.9 198.52128
1.62 290.35227 -671.02301 51899.013 -67049.5 5674.4 -72723.9 198.70853
1.63 301.98967 -1136.7769 52116.133 -66647.3 5901.83 -72549.2 199.31855
1.64 293.83779 -1160.8058 52137.792 -66635.9 5742.52 -72378.4 199.00024
1.65 283.77981 -1071.5692 51916.899 -66994.8 5545.96 -72540.7 198.80285
1.66 300.91787 -827.63725 51897.035 -66743.7 5880.89 -72624.6 198.52641
1.67 288.76914 -864.99009 51905.516 -67074.8 5643.46 -72718.3 198.76349
1.68 293.53848 -897.64863 52050.618 -66815.7 5736.67 -72552.4 199.13919
1.69 286.28796 -1139.478 52111.039 -67224.2 5594.97 -72819.2 199.04242
1.7 288.79658 -1512.1442 52222.001 -66760.4 5644 -72404.4 199.3094
1.71 296.89863 -886.14476 51920.315 -67050.3 5802.34 -72852.7 198.83498
1.72 294.04827 -1507.9705 52247.904 -66844.6 5746.63 -72591.2 199.18726
1.73 301.04304 -860.53816 51800.694 -66830.6 5883.33 -72713.9 198.71388
1.74 291.32926 -1242.8446 52134.086 -66724.9 5693.5 -72418.4 199.40283
1.75 283.33749 -795.22035 51930.295 -67332.6 5537.31 -72869.9 199.23671
1.76 295.06717 -996.75576 52122.228 -66662.6 5766.55 -72429.2 199.34141
1.77 300.10864 -1237.825 52205.648 -66683.4 5865.07 -72548.5 199.3857
1.78 285.3821 -1059.4176 52011.947 -67301 5577.27 -72878.3 199.22053
1.79 288.38018 -1266.4067 52086.721 -66831.4 5635.86 -72467.2 199.02892
1.8 290.77413 -857.44821 51846.899 -66924.7 5682.65 -72607.3 198.52136
1.81 300.08052 -395.9124 51775.183 -66705.8 5864.52 -72570.3 198.89428
1.82 287.53221 -1016.7381 51999.67 -66991.3 5619.29 -72610.6 198.91236
1.83 282.6947 -881.09758 51876.456 -67121.5 5524.75 -72646.3 198.62873
1.84 300.79099 -730.62227 51885 -66851.2 5878.41 -72729.6 198.92044
1.85 296.62001 -812.8584 51990.967 -66891.7 5796.89 -72688.6 199.1762
1.86 304.81139 -823.94608 51735.594 -66752.8 5956.98 -72709.7 198.23514
1.87 296.54593 -1500.8481 52245.361 -66820.4 5795.45 -72615.9 199.59294
1.88 286.70211 -922.47011 51896.598 -67240.7 5603.07 -72843.7 198.37608
1.89 300.53483 -1109.8501 52083.852 -66779.3 5873.4 -72652.7 198.83953
1.9 290.65426 -857.94858 51993.405 -66788.2 5680.31 -72468.5 198.97285
1.91 295.83639 -1301.8001 52166.992 -66897.8 5781.58 -72679.4 199.20143
1.92 303.64648 -487.87412 51819.632 -66549.1 5934.21 -72483.3 199.0527
1.93 290.90505 -1508.9799 52316.821 -66855.9 5685.21 -72541.1 199.75777
1.94 282.92172 -492.71077 51567.73 -67233.2 5529.19 -72762.4 198.17276
1.95 294.03367 -812.95142 51842.734 -66808.9 5746.35 -72555.2 198.72248
1.96 279.16147 -632.83695 51749.729 -67403.3 5455.7 -72859 198.54415
1.97 302.69551 -1209.3781 52103.651 -66664.5 5915.63 -72580.2 199.37693
1.98 304.61633 -1175.3407 52051.511 -66645.1 5953.17 -72598.2 199.06326
1.99 291.45854 -960.93065 51980.558 -66741.8 5696.02 -72437.8 199.02117
2 299.31903 -1401.8423 52143.475 -66780 5849.64 -72629.7 199.13344
2.01 295.32142 -1014.5291 51917.741 -67021.6 5771.52 -72793.1 198.5792
2.02 281.03601 -1044.9512 51961.018 -66958.5 5492.33 -72450.8 198.91848
2.03 298.93622 -539.66732 51863.862 -66695.5 5842.16 -72537.7 198.63705
2.04 300.47762 -775.64344 51777.734 -66799.2 5872.28 -72671.5 198.31901
2.05 298.07487 -938.74292 52039.938 -66653.8 5825.33 -72479.2 198.58568
2.06 298.67219 -578.00104 51818.601 -66821.1 5837 -72658.1 198.3599
2.07 279.84595 -1484.6753 52186.433 -66999.4 5469.08 -72468.5 199.21863
2.08 292.74721 -308.16892 51543.557 -67037.8 5721.21 -72759 198.1267
2.09 297.72255 -938.62432 51931.298 -66803 5818.44 -72621.4 198.71149
2.1 294.64718 -653.1104 51788.57 -67169.7 5758.34 -72928 198.86385
2.11 288.84967 -1301.6563 52111.222 -66730 5645.04 -72375.1 199.046
2.12 291.88862 -951.30596 51997.766 -67066.2 5704.43 -72770.6 199.07164
2.13 303.68661 -818.37423 51879.302 -66594.3 5935 -72529.3 198.81591
2.14 283.07459 -721.43784 51706.009 -66902.8 5532.17 -72435 198.08046
2.15 302.10096 -1146.8841 52069.388 -66519.6 5904.01 -72423.6 198.98729
2.16 295.24673 -476.21811 51728.102 -66971.6 5770.06 -72741.7 198.21099
2.17 304.29063 -1676.0207 52325.414 -66483 5946.8 -72429.8 199.63009
2.18 290.85196 -1300.5209 52102.076 -66968 5684.17 -72652.2 198.79389
2.19 300.09024 -1357.3787 52221.233 -66741.3 5864.71 -72606 199.66889
2.2 296.41333 -906.35132 52026.124 -66883.5 5792.86 -72676.4 198.55772
2.21 297.82679 -1228.6411 52115.652 -66600.5 5820.48 -72421 199.30371
2.22 281.25943 -1037.701 51812.961 -67046.6 5496.7 -72543.3 198.37323
2.23 296.62392 -1066.8911 52032.264 -66696 5796.97 -72493 199.20939
2.24 294.92432 -1426.0812 52160.483 -66978 5763.76 -72741.8 199.30107
2.25 295.40441 -914.37302 51876.502 -66970.8 5773.14 -72743.9 198.86298
2.26 292.0313 -844.85887 51875.115 -66874 5707.22 -72581.2 198.94034
2.27 294.32655 -775.28093 51812.399 -66937.9 5752.07 -72690 198.65536
2.28 288.48113 -1140.2375 52067.516 -66924 5637.84 -72561.8 199.23237
2.29 300.46934 -1485.4568 52155.357 -66769.8 5872.12 -72641.9 199.07431
2.3 290.55305 -322.54018 51617.452 -67128 5678.33 -72806.4 198.24584
2.31 289.39632 -500.46486 51845.031 -66768.7 5655.72 -72424.4 198.95719
2.32 301.6947 -1319.3819 52057.867 -66927.4 5896.07 -72823.5 198.87765
2.33 299.97541 -1178.4477 52061.162 -66577.1 5862.47 -72439.6 199.47691
2.34 291.88903 -841.5279 51892.291 -67014.9 5704.44 -72719.3 198.70615
2.35 298.93989 -1451.118 52266.306 -66702.3 5842.23 -72544.6 199.4932
2.36 292.383 -289.93476 51705.578 -67077.2 5714.09 -72791.2 198.49261
2.37 301.14533 -1065.0501 52006.202 -66771.1 5885.33 -72656.4 199.08284
2.38 285.04056 -1247.1023 52049.023 -67070.8 5570.6 -72641.4 199.58534
2.39 292.84326 -254.53071 51722.383 -66913.7 5723.09 -72636.8 198.63007
2.4 297.49832 -1506.1773 52164.776 -66725.5 5814.06 -72539.6 199.32463
2.41 297.31678 -562.07754 51775.029 -66976.4 5810.51 -72787 198.33757
2.42 294.79176 -663.50468 51814.614 -66891 5761.17 -72652.2 198.37308
2.43 301.59615 -1369.2625 52103.643 -66600.6 5894.14 -72494.7 198.96594
2.44 286.99103 -684.47423 51780.872 -67010.8 5608.71 -72619.5 198.51011
2.45 291.12697 -1624.9938 52286.043 -66653.3 5689.54 -72342.9 199.5085
2.46 295.12241 -895.25652 51856.807 -67036.6 5767.63 -72804.2 198.58602
2.47 298.51694 -1162.511 52095.893 -66714.3 5833.97 -72548.2 199.34047
2.48 290.14225 -1519.3888 52250.407 -66770.6 5670.3 -72440.9 199.73238
2.49 297.07703 -1174.886 51951.129 -66805.2 5805.83 -72611 198.73873
2.5 293.52854 -975.44183 51960.788 -66857.8 5736.48 -72594.3 198.82958
2.51 299.58854 -1012.992 52070.856 -66445 5854.91 -72299.9 198.88595
2.52 290.36082 -591.01437 51793.387 -66965.6 5674.57 -72640.2 198.45968
2.53 293.89828 -1380.0402 52186.059 -66820.4 5743.7 -72564.2 199.01878
2.54 295.52208 -509.30541 51625.3 -67084.5 5775.44 -72859.9 198.01618
2.55 290.88414 -751.55831 51889.342 -66995.2 5684.8 -72680 198.4456
2.56 293.11543 -1119.7705 52062.679 -66876.9 5728.4 -72605.3 199.68354
2.57 296.95775 -709.96446 51726.604 -66704.1 5803.5 -72507.6 198.67982
2.58 299.88475 -850.58397 51904.581 -66846.6 5860.7 -72707.3 198.94023
2.59 299.97842 -631.04462 51856.454 -66408.8 5862.53 -72271.3 198.83811
2.6 292.15394 -746.9069 52039.772 -66913.3 5709.61 -72622.9 199.2555
2.61 295.08471 -944.47221 51888.039 -66824.2 5766.89 -72591.1 199.10956
2.62 287.14433 -845.36263 51858.826 -67070.7 5611.71 -72682.4 198.41502
2.63 297.26227 -737.94312 51819.47 -66768.2 5809.45 -72577.6 198.98893
2.64 294.70893 -622.05618 51764.47 -66906.9 5759.55 -72666.4 198.91143
2.65 301.2799 -761.46964 51777.666 -66667.3 5887.96 -72555.3 198.73907
2.66 293.84779 -1410.7973 52071.761 -67046 5742.72 -72788.7 199.30793
2.67 289.45196 -940.36625 51853.856 -66768.8 5656.81 -72425.6 198.82193
2.68 283.38717 -1090.1156 51926.832 -67148.6 5538.28 -72686.9 199.18303
2.69 301.50951 -991.62753 51768.141 -66586.5 5892.45 -72479 199.15504
2.7 289.26418 -1295.364 52087.138 -66864.2 5653.14 -72517.3 199.94981
2.71 298.14941 -817.23046 51891.246 -66925.2 5826.78 -72752 199.33106
2.72 289.15403 -522.00559 51862.876 -66970.3 5650.99 -72621.3 199.04193
2.73 299.71513 -785.67639 51870.12 -66616.7 5857.38 -72474.1 199.0852
2.74 292.24716 -1386.2333 52038.913 -67035.7 5711.44 -72747.1 199.34702
2.75 298.98491 -1402.6172 52068.766 -66715.1 5843.11 -72558.2 199.78399
2.76 304.98696 -980.54597 51912.458 -66757.9 5960.41 -72718.3 199.35322
2.77 290.12678 -1102.5427 51959.023 -67008.7 5670 -72678.7 199.64134
2.78 296.93413 -725.70652 51713.425 -66713.4 5803.03 -72516.4 198.92258
2.79 286.00802 -581.8458 51650.505 -67086.3 5589.5 -72675.8 199.24826
2.8 303.37003 -655.1462 51927.444 -66743.4 5928.81 -72672.2 199.79599
2.81 293.44361 -1332.9176 52071.651 -66998.6 5734.82 -72733.4 200.08313
2.82 293.63277 -1120.8637 51908.805 -66606.1 5738.51 -72344.6 199.32675
2.83 295.58273 -1552.7141 52191.823 -66914.5 5776.62 -72691.1 200.19933
2.84 292.65523 -868.22973 51892.878 -66802.2 5719.41 -72521.6 199.37153
2.85 287.47846 -959.76659 51976.137 -66708.1 5618.24 -72326.3 199.80829
2.86 298.34844 -1525.5697 52191.626 -66813.6 5830.67 -72644.3 200.17137
2.87 289.5773 -540.52449 51704.926 -67126.5 5659.26 -72785.8 199.46942
2.88 299.02553 -835.09039 51942.96 -66879.5 5843.91 -72723.4 199.58836
2.89 303.52287 -550.98469 51711.713 -66458.7 5931.8 -72390.5 199.42947
2.9 301.49967 -1204.9577 52062.535 -66868.3 5892.26 -72760.6 199.86929
2.91 289.33685 -822.31375 51754.944 -66722.9 5654.56 -72377.4 199.23129
2.92 300.90155 -928.07787 51992.229 -66645 5880.57 -72525.5 199.54944
2.93 284.80769 -740.0562 51671.062 -67178.8 5566.04 -72744.9 199.11016
2.94 291.85508 -771.87442 51906.924 -66743.2 5703.77 -72446.9 199.55025
2.95 289.3347 -1048.9885 52010.206 -67067 5654.52 -72721.5 199.79295
2.96 293.36454 -751.6842 51870.796 -66909.3 5733.27 -72642.6 199.62962
2.97 305.69422 -549.51181 51827.708 -66597.6 5974.23 -72571.8 199.54397
2.98 290.18485 -970.10796 51885.695 -66832.7 5671.13 -72503.8 199.79918
2.99 288.8647 -778.14124 51904.335 -67155.2 5645.33 -72800.5 199.9243
3 297.48303 -1101.8678 52031.372 -66798.5 5813.76 -72612.3 200.42475
3.01 290.08869 -1238.3172 52028.383 -66930.1 5669.25 -72599.3 200.0302
3.02 305.75142 -356.44051 51589.192 -66584.1 5975.35 -72559.4 199.19149
3.03 295.83636 -1402.7617 51985.7 -66975.8 5781.58 -72757.4 199.8537
3.04 295.93568 -1095.1097 52058.976 -66532 5783.52 -72315.5 200.22188
3.05 291.57111 -623.98789 51798.925 -66832.1 5698.22 -72530.3 199.49209
3.06 303.00022 -1068.4592 52094.113 -66561.9 5921.58 -72483.5 200.20081
3.07 295.08655 -783.4302 51846.324 -66725 5766.93 -72491.9 199.20131
3.08 290.1789 -1027.7579 52012.433 -66937.4 5671.01 -72608.4 199.91858
3.09 300.66353 -632.61198 51747.512 -66961.7 5875.92 -72837.7 199.6185
3.1 289.70246 -914.51927 51836.255 -66529.7 5661.7 -72191.4 199.87496
3.11 295.39654 -1650.1376 52236.552 -66806.1 5772.98 -72579.1 200.90788
3.12 301.22821 -1330.4208 52115.535 -66723.5 5886.95 -72610.5 200.34777
3.13 279.75491 -787.15218 51743.903 -67040.3 5467.3 -72507.6 199.6532
3.14 292.28981 -1083.2905 51922.578 -66680.4 5712.27 -72392.7 199.82161
3.15 301.7133 -1252.5765 52045.252 -66463.5 5896.43 -72359.9 200.37942
3.16 296.56621 -879.61376 51880.81 -66912.2 5795.84 -72708.1 200.18482
3.17 283.59268 -1125.3413 51781.388 -66655.9 5542.3 -72198.2 199.53195
3.18 287.52757 -1082.0205 51902.813 -67086.5 5619.2 -72705.7 200.09338
3.19 289.16694 -1227.2545 51873.879 -66876.6 5651.24 -72527.8 199.73121
3.2 295.95286 -1111.332 51953.595 -66394.2 5783.86 -72178.1 200.18521
3.21 296.13827 -851.52536 51769.557 -66893.8 5787.48 -72681.3 199.65413
3.22 289.05571 -1117.8082 51870.573 -66613.5 5649.06 -72262.5 200.32636
3.23 289.34311 -867.34232 51776.817 -66916.4 5654.68 -72571 199.94539
3.24 299.30318 -1151.2552 51909.306 -66667.2 5849.33 -72516.5 200.18324
3.25 294.30886 -858.28479 51860.863 -66814.4 5751.73 -72566.1 200.25768
3.26 296.12648 -792.02551 51815.37 -66529 5787.25 -72316.2 200.15812
3.27 295.78004 -1099.708 51913.85 -66830.1 5780.48 -72610.6 200.33458
3.28 298.8728 -1268.4255 51955.357 -66492.2 5840.92 -72333.1 200.49945
3.29 301.6724 -991.48846 51868.619 -66712.5 5895.63 -72608.1 200.21561
3.3 295.52464 -893.17121 51787.596 -67062.8 5775.49 -72838.3 199.70719
3.31 291.91175 -585.04742 51751.986 -66733.8 5704.88 -72438.7 200.23586
3.32 293.28528 -896.3536 51873.777 -66764 5731.72 -72495.7 200.10147
3.33 294.64698 -724.56303 51815.205 -66879.6 5758.34 -72637.9 200.19535
3.34 293.05516 -1485.4432 52116.137 -66910.9 5727.23 -72638.1 200.61762
3.35 302.83038 -333.00492 51622.628 -66555.6 5918.27 -72473.9 199.66853
3.36 290.79525 -834.14904 51843.078 -66886.5 5683.06 -72569.5 199.92305
3.37 298.23061 -990.55482 52017.404 -66727.5 5828.37 -72555.9 200.64904
3.38 285.39345 -1039.8195 51858.752 -67024.9 5577.49 -72602.4 199.81875
3.39 301.28543 -884.24352 51905.988 -66611.7 5888.07 -72499.8 200.1203
3.4 294.39384 -813.00229 51865.53 -66774.3 5753.39 -72527.7 200.08099
3.41 291.81588 -955.89936 51958.236 -67057.7 5703.01 -72760.7 200.22526
3.42 295.79477 -1317.776 52238.563 -66715.5 5780.77 -72496.3 200.87603
3.43 297.3371 -803.95212 51893.037 -66847.4 5810.91 -72658.3 200.31894
3.44 295.88442 -592.87442 51792.439 -66798.6 5782.52 -72581.1 199.72636
3.45 294.54623 -917.28862 51855.836 -66861 5756.37 -72617.4 199.91065
3.46 302.19637 -889.25242 51913.626 -66694 5905.87 -72599.8 200.12823
3.47 290.37703 -632.94997 51693.411 -66995.4 5674.89 -72670.3 199.88128
3.48 297.98434 -953.65759 51943.78 -66550.8 5823.56 -72374.4 200.17685
3.49 288.04242 -874.47415 51905.226 -66997.2 5629.26 -72626.5 200.47684
3.5 296.90495 -930.59266 51976.078 -66663.7 5802.46 -72466.2 200.85376
3.51 290.24838 -952.28154 51899.032 -67055.6 5672.37 -72728 199.90239
3.52 288.43314 -692.1362 51810.351 -66871.8 5636.9 -72508.7 199.91393
3.53 289.19892 -1609.7834 52367.653 -66890.6 5651.86 -72542.5 201.49095
3.54 297.34128 -750.91775 51927.089 -66741.3 5810.99 -72552.3 200.34328
3.55 288.08504 -1193.5552 51969.934 -67046 5630.09 -72676.1 200.73374
3.56 293.17775 -887.78819 51847.343 -66843.3 5729.62 -72572.9 199.9832
3.57 295.478 -603.63838 51685.83 -67003.8 5774.58 -72778.4 199.73105
3.58 285.32781 -1161.7489 51941.534 -67033.9 5576.21 -72610.1 200.11869
3.59 298.47352 -1272.2094 52075.193 -66861.8 5833.12 -72695 200.37962
3.6 294.47124 -847.91149 51856.225 -66687.1 5754.9 -72442 200.28732
3.61 301.09176 -959.96536 51833.096 -66874 5884.29 -72758.3 200.01176
3.62 303.11946 -711.45605 51872.481 -66502.9 5923.91 -72426.9 200.46832
3.63 286.48507 -647.97737 51771.669 -66893.5 5598.83 -72492.3 200.10259
3.64 287.62385 -1504.473 52223.613 -66643.1 5621.08 -72264.1 201.12562
3.65 289.80754 -949.44599 51979.284 -66850 5663.76 -72513.8 200.72538
3.66 304.70928 -1124.0303 52100.078 -66479.4 5954.98 -72434.4 200.88157
3.67 288.7915 -1232.5096 52013.536 -67038.6 5643.9 -72682.5 200.74315
3.68 305.56351 -1153.9063 52067.837 -66589.6 5971.68 -72561.3 201.02416
3.69 294.04495 -1376.6786 52159.23 -67064.1 5746.57 -72810.6 200.93633
3.7 297.47264 -1099.0656 52091.528 -66672.5 5813.56 -72486.1 201.05886
3.71 285.94693 -678.58365 51838.814 -67123.3 5588.31 -72711.6 200.64105
3.72 295.80558 -1354.3037 52235.676 -66836.9 5780.98 -72617.9 201.48933
3.73 300.47592 -1092.5966 52147.374 -66859.9 5872.25 -72732.1 201.58635
3.74 298.00869 -1209.5719 52187.649 -66527.2 5824.03 -72351.3 201.32889
3.75 300.13116 -1081.5449 51952.012 -66879.7 5865.51 -72745.2 200.62164
3.76 296.04468 -281.37387 51656.019 -66718.9 5785.65 -72504.5 199.96045
3.77 295.53487 -491.07286 51775.961 -66887.5 5775.69 -72663.2 200.67394
3.78 293.92757 -1085.874 52124.124 -66644.1 5744.28 -72388.3 200.96927
3.79 293.96705 -909.19317 51830.266 -66933.8 5745.05 -72678.9 200.74203
3.8 294.65621 -1544.1762 52279.489 -66747.8 5758.52 -72506.3 201.61591
3.81 294.19008 -986.38869 52002.371 -66761.1 5749.41 -72510.6 201.47613
3.82 284.83546 -590.05958 51752.5 -67101.9 5566.59 -72668.5 200.51147
3.83 302.35805 -923.47929 52038.684 -66572.4 5909.03 -72481.4 201.048
3.84 294.33431 -1124.5734 52082.294 -66886 5752.23 -72638.2 201.26812
3.85 292.54703 -1240.3694 52069.389 -66967.3 5717.3 -72684.6 200.61297
3.86 302.09149 -1014.7012 52038.639 -66794.5 5903.82 -72698.3 201.00925
3.87 292.3237 -778.92694 51879.92 -66964.2 5712.93 -72677.1 200.49159
3.88 288.1235 -1036.7605 51979.639 -67084.5 5630.85 -72715.3 200.77308
3.89 293.6403 -849.4643 51953.759 -66787.7 5738.66 -72526.4 200.42162
3.9 292.21614 -673.4425 51830.18 -67082.5 5710.83 -72793.4 200.53284
3.91 299.37648 -1605.5786 52292.555 -66692.7 5850.77 -72543.4 201.71239
3.92 300.59423 -589.25806 51872.182 -66909.7 5874.56 -72784.3 200.60378
3.93 310.62553 -851.34791 51902.292 -66430.2 6070.61 -72500.8 200.6515
3.94 297.76843 -1005.3151 51986.75 -67025.7 5819.34 -72845 201.09622
3.95 304.12347 -787.06332 51942.367 -66665.2 5943.54 -72608.7 201.15691
3.96 300.87941 -1235.7413 52171.594 -66720.5 5880.14 -72600.7 201.35813
3.97 310.27277 -1083.1684 52034.831 -66562.8 6063.71 -72626.5 201.20522
3.98 296.49808 -765.64098 51943.185 -66894.3 5794.51 -72688.8 200.59218
3.99 303.08314 -721.496 51877.417 -66477.3 5923.2 -72400.5 200.75733
4 294.02284 -802.41676 51801.673 -66787.3 5746.14 -72533.4 200.45252
4.01 297.57038 -607.63817 51765.659 -66918.5 5815.47 -72734 200.41356
4.02 294.04983 -961.80773 51977.025 -66717.8 5746.67 -72464.5 200.77575
4.03 302.71126 -1301.1605 52217.547 -66652.6 5915.94 -72568.5 201.57554
4.04 287.51344 -801.62633 51876.013 -67165.9 5618.92 -72784.8 200.35183
4.05 299.16057 -754.72104 51925.956 -66712.3 5846.55 -72558.9 200.94182
4.06 292.54249 -885.1134 51874.134 -66886.1 5717.21 -72603.3 200.73263
4.07 290.97347 -733.99072 51902.477 -66737.3 5686.54 -72423.8 200.7285
4.08 287.52414 -758.74422 51682.511 -66966.3 5619.13 -72585.5 200.04309
4.09 292.6023 -1575.8848 52188.227 -66586.8 5718.38 -72305.2 200.9582
4.1 291.2685 -1700.4008 52250.818 -66811 5692.31 -72503.4 201.04107
4.11 280.96839 -1147.923 52097.733 -67074.3 5491.01 -72565.4 200.9934
4.12 293.1404 -742.23034 51814.785 -66763.6 5728.89 -72492.5 200.93083
4.13 290.67308 -1106.3322 51931.068 -67010.4 5680.67 -72691.1 200.64095
4.14 288.98091 -1427.0965 52212.264 -66848.2 5647.6 -72495.9 201.3139
4.15 305.66011 -747.15253 51870.9 -66568.4 5973.57 -72542 200.59857
4.16 295.21214 -797.41298 51808.909 -66977.2 5769.38 -72746.6 200.37296
4.17 304.8005 -1198.91 52037.967 -66640.8 5956.77 -72597.6 200.7348
4.18 293.83858 -916.61016 51813.667 -66799.2 5742.54 -72541.8 200.32794
4.19 288.33015 -1198.6539 52071.976 -67117.8 5634.88 -72752.7 201.09857
4.2 300.74053 -848.77724 51895.938 -66616.5 5877.42 -72493.9 201.01833
4.21 300.56328 -1397.499 52177.68 -66784 5873.96 -72658 201.1912
4.22 302.56618 -956.54696 51999.057 -66842.7 5913.1 -72755.8 200.89912
4.23 299.74333 -1079.7388 52030.897 -66686.3 5857.93 -72544.3 200.73393
4.24 284.4112 -1128.0126 52023.456 -67032.6 5558.3 -72590.9 201.06466
4.25 294.02135 -916.09657 51905.304 -66789.4 5746.11 -72535.6 200.59487
4.26 297.23663 -950.70044 51976.177 -66931.6 5808.95 -72740.5 200.67381
4.27 297.1334 -1137.4304 52044.267 -66977.5 5806.93 -72784.4 200.90183
4.28 302.61577 -1048.6053 51981.04 -66816.7 5914.07 -72730.8 200.64879
4.29 297.10042 -334.26474 51678.23 -66821.1 5806.28 -72627.4 200.1586
4.3 300.71044 -1368.0881 52228.707 -66589.6 5876.83 -72466.5 201.49333
4.31 306.23407 -888.99279 51973.916 -66698.5 5984.78 -72683.3 200.7427
4.32 292.63895 -1277.7129 52037.559 -67025.6 5719.09 -72744.7 201.12078
4.33 299.0054 -1504.9053 52194.427 -66706.8 5843.51 -72550.3 201.22355
4.34 299.43122 -1006.9349 51931.583 -67039.2 5851.83 -72891 200.79271
4.35 296.47383 -449.19055 51708.324 -66954.8 5794.04 -72748.9 200.38454
4.36 302.60585 -753.38814 51836.195 -66885.7 5913.88 -72799.6 200.62301
4.37 281.08927 -1109.6911 52053.109 -67084.8 5493.37 -72578.2 201.60034
4.38 302.21583 -1010.954 51989.554 -66698.8 5906.25 -72605.1 200.62905
4.39 295.04775 -1486.5284 52162.269 -67026.9 5766.17 -72793.1 201.26104
4.4 310.53576 -1095.0688 52028.633 -66667 6068.85 -72735.8 200.89178
4.41 289.20545 -1242.3687 52029.506 -66991.1 5651.99 -72643.1 200.76464
4.42 287.17321 -1222.7295 52060.292 -66898.4 5612.27 -72510.7 201.13204
4.43 301.39235 -872.55413 51934.588 -66670.9 5890.16 -72561 200.73035
4.44 297.58588 -553.71976 51690.261 -66931.5 5815.77 -72747.2 200.19888
4.45 301.2346 -813.26146 51871.952 -66605.4 5887.08 -72492.5 200.52751
4.46 286.02735 -799.68971 51854.414 -67187 5589.88 -72776.9 200.56929
4.47 295.71003 -1301.4758 52119.377 -66709.7 5779.11 -72488.8 201.07793
4.48 295.15584 -1177.1499 52038.554 -66869.1 5768.28 -72637.4 201.14202
4.49 306.91137 -409.77838 51742.73 -66652.4 5998.02 -72650.4 200.87783
4.5 294.72814 -1220.2266 51998.536 -66960.2 5759.92 -72720.1 200.69827
4.51 297.41616 -1414.1677 52163.054 -66559.8 5812.45 -72372.2 201.49326
4.52 285.48076 -987.40258 51952.148 -66902 5579.2 -72481.2 200.43478
4.53 297.74513 -974.4254 51937.19 -66739.5 5818.88 -72558.4 200.54462
4.54 298.52117 -968.73897 51829.406 -66781.6 5834.05 -72615.7 200.38483
4.55 295.40037 -852.5787 51864.762 -67087.8 5773.06 -72860.8 200.56047
4.56 291.45001 -1029.5983 51953.306 -66981.1 5695.86 -72676.9 200.89215
4.57 301.00091 -967.32522 52003.799 -66580.9 5882.51 -72463.4 200.82
4.58 294.19671 -1102.2502 51990.016 -66903.9 5749.54 -72653.5 200.776
4.59 309.0529 -1192.5374 52021.813 -66370.6 6039.87 -72410.5 200.70714
4.6 297.72797 -690.66881 51762.029 -66911.8 5818.55 -72730.4 200.15021
4.61 290.188 -1453.6565 52129.565 -66762.5 5671.19 -72433.7 200.81188
4.62 292.9769 -1178.6148 52049.386 -67156.6 5725.7 -72882.3 200.91459
4.63 298.25302 -1504.1297 52244.653 -66664.9 5828.81 -72493.7 201.35906
4.64 293.55175 -927.42153 51931.77 -66818.4 5736.93 -72555.3 200.50697
4.65 286.74653 -1465.4038 52233.91 -66796.9 5603.94 -72400.9 201.03842
4.66 290.53398 -1437.9983 52131.192 -66693.7 5677.95 -72371.7 200.8142
4.67 293.12409 -991.56623 51904.507 -66722.5 5728.57 -72451 200.26192
4.68 295.21471 -846.27175 51893.376 -67149.2 5769.43 -72918.6 200.06201
4.69 287.93271 -1119.9446 52006.165 -66797.4 5627.12 -72424.6 200.23922
4.7 298.35079 -1208.5962 52047.122 -67064.9 5830.72 -72895.6 200.46805
4.71 297.86808 -1101.8539 52047.157 -66744.2 5821.29 -72565.5 200.73948
4.72 300.32416 -1333.7457 52257.522 -66860.3 5869.29 -72729.6 200.809
4.73 300.77553 -709.376 51882.718 -66638.3 5878.11 -72516.4 200.33062
4.74 298.48086 -1192.157 52059.45 -66714.9 5833.26 -72548.1 200.53536
4.75 293.62909 -664.1867 51789.939 -67033 5738.44 -72771.4 199.87497
4.76 302.44899 -810.41677 51840.116 -66619.1 5910.81 -72529.9 199.99809
4.77 292.96233 -735.06586 51852.632 -66910.8 5725.41 -72636.2 199.99423
4.78 310.13433 -1198.8147 52035.436 -66561.5 6061.01 -72622.5 200.79787
4.79 290.78039 -1104.922 51996.769 -66801.6 5682.77 -72484.4 200.20428
4.8 306.85862 -1252.9242 52187.003 -66594 5996.99 -72591 200.42618
4.81 290.28679 -985.60223 52056.529 -67009.3 5673.12 -72682.4 200.32735
4.82 292.33698 -693.69528 51864.083 -66787.4 5713.19 -72500.6 200.11587
4.83 293.26724 -866.10214 51802.919 -66802.1 5731.37 -72533.5 199.74006
4.84 298.41447 -1006.7563 51935.853 -66909.9 5831.96 -72741.9 200.04432
4.85 303.15507 -1063.6722 51957.133 -66535.2 5924.61 -72459.8 199.86023
4.86 285.37877 -575.50752 51880.499 -66889.3 5577.21 -72466.5 200.05455
4.87 297.12888 -334.08376 51714.788 -66824.1 5806.84 -72630.9 200.12458
4.88 293.98681 -1250.9857 52071.995 -67118.4 5745.43 -72863.8 200.34387
4.89 292.2389 -1340.0174 52169.226 -66802.6 5711.27 -72513.9 200.9928
4.9 298.49618 -861.7833 51980.449 -66939.1 5833.56 -72772.7 200.59082
4.91 299.61907 -1056.01 51923.472 -66272.9 5855.51 -72128.4 200.3007
4.92 291.4668 -681.33966 51728.442 -66950.6 5696.18 -72646.8 199.72847
4.93 304.19534 -1019.0972 52048.435 -66747.2 5944.94 -72692.2 200.57482
4.94 291.60559 -835.62777 51766.544 -66973.4 5698.9 -72672.3 200.10941
4.95 305.52897 -723.95891 51736.438 -66884.8 5971 -72855.8 199.73135
4.96 293.54335 -953.97764 51854.057 -66768 5736.77 -72504.8 200.35999
4.97 290.20775 -929.75148 51900.653 -67006.5 5671.58 -72678.1 200.78573
4.98 292.81032 -874.1457 51821.81 -66905.8 5722.44 -72628.2 200.11848
4.99 289.28291 -1263.6807 52017.68 -66972.5 5653.5 -72626 200.97053
5 296.32259 -796.48447 51820.088 -66848.6 5791.08 -72639.7 200.40795
5.01 291.09094 -1494.7831 52232.666 -66921.8 5688.84 -72610.6 201.50777
5.02 291.073 -866.08639 51847.894 -66810.3 5688.49 -72498.7 200.69608
5.03 288.68094 -1009.436 51911.147 -67045 5641.74 -72686.7 200.4952
5.04 286.79493 -932.68502 51848.925 -66970.2 5604.88 -72575.1 200.40993
5.05 293.371 -937.744 51802.899 -66848.5 5733.4 -72581.9 200.37615
5.06 287.14407 -1101.0339 51898.706 -67007.6 5611.71 -72619.3 200.51633
5.07 305.54388 -1200.0591 51958.457 -66404.8 5971.3 -72376.1 200.78672
5.08 288.94281 -285.99443 51636.605 -66911.1 5646.86 -72557.9 200.33214
5.09 294.93448 -857.57438 51935.858 -66677 5763.95 -72440.9 200.7268
5.1 276.11024 -835.03429 51908.418 -67119.5 5396.07 -72515.5 200.87715
5.11 299.99091 -673.36475 51857.547 -66745.7 5862.77 -72608.5 200.52762
5.12 291.72459 -575.77291 51724.03 -67116.6 5701.22 -72817.8 200.40125
5.13 286.72284 -920.89533 51946.243 -66937.1 5603.47 -72540.6 200.80587
5.14 294.04904 -672.54595 51838.862 -66609.7 5746.65 -72356.4 200.4652
5.15 293.29053 -1132.5485 52061.548 -66917.4 5731.83 -72649.3 200.60473
5.16 294.31857 -1393.2318 52200.445 -66641.8 5751.92 -72393.7 201.17498
5.17 300.78611 -994.2263 51928.479 -66733.6 5878.31 -72611.9 200.73232
5.18 303.18104 -1369.4203 52272.883 -66683.4 5925.12 -72608.5 201.21459
5.19 297.60387 -1036.9289 52075.909 -66857 5816.12 -72673.1 201.08341
5.2 290.2551 -1205.1272 52049.353 -66951.2 5672.5 -72623.7 200.92747
5.21 302.64409 -1149.3406 52083.054 -66898 5914.62 -72812.7 200.7648
5.22 285.02809 -1414.9919 52116.966 -67085.9 5570.35 -72656.3 200.87642
5.23 299.08776 -899.32435 51844.518 -66758.5 5845.12 -72603.6 200.08372
5.24 295.44129 -643.98681 51804.668 -66908.9 5773.86 -72682.8 200.4186
5.25 292.27555 -879.65799 51967.173 -66845.3 5711.99 -72557.3 200.51951
5.26 286.52236 -1326.5081 52104.305 -66830.5 5599.55 -72430 201.32502
5.27 296.74364 -837.89574 51909.63 -66562.3 5799.31 -72361.6 200.5793
5.28 284.76641 -1162.8907 52032.94 -67063.2 5565.24 -72628.4 200.87802
5.29 305.026 -1197.1562 52187.489 -66596 5961.17 -72557.2 201.13009
5.3 294.07615 -1262.8976 52296.25 -66947.8 5747.18 -72695 201.63676
5.31 301.46414 -1046.0652 52127.148 -66499.6 5891.56 -72391.1 200.73634
5.32 294.1264 -1395.8531 52294.622 -66843.9 5748.16 -72592 200.99292
5.33 288.03626 -1234.5777 52169.451 -67189.9 5629.14 -72819.1 201.18544
5.34 300.21347 -1088.5736 52091.725 -66782 5867.12 -72649.1 200.83647
5.35 280.2181 -939.78045 51912.409 -67387.8 5476.35 -72864.2 200.70807
5.36 301.50648 -677.43017 51875.671 -66785 5892.39 -72677.4 200.57195
5.37 294.03257 -494.31424 51795.403 -66808.4 5746.33 -72554.7 200.79369
5.38 282.10594 -764.99503 51903.305 -67233.8 5513.24 -72747 200.38849
5.39 289.07197 -940.61054 51933.019 -66959.2 5649.38 -72608.6 200.56233
5.4 292.05803 -926.28358 52075.778 -66814.9 5707.74 -72522.7 200.69853
5.41 302.46586 -908.42617 51967.189 -66545 5911.14 -72456.2 200.61639
5.42 292.51636 -921.91446 52066.891 -66933.7 5716.7 -72650.4 200.84682
5.43 296.67548 -915.55932 52015.993 -66788.7 5797.98 -72586.7 200.67134
5.44 287.93448 -1263.6874 52151.807 -67157.3 5627.15 -72784.5 200.81212
5.45 293.3846 -857.10779 52038.68 -66924.6 5733.66 -72658.3 200.7641
5.46 291.74141 -1113.8625 52143.734 -66952 5701.55 -72653.6 200.87487
5.47 290.20639 -647.1172 51809.93 -66947.4 5671.55 -72619 200.18165
5.48 288.04943 -1134.5032 52075.163 -66981.4 5629.4 -72610.8 201.02909
5.49 287.20279 -1319.0725 52175.957 -67018.4 5612.85 -72631.2 201.27268
5.5 298.16975 -916.98219 51982.906 -66856.5 5827.18 -72683.7 200.86038
5.51 293.61335 -1075.3425 52137.361 -66877.5 5738.14 -72615.6 201.38858
5.52 290.16153 -855.56523 51927.023 -66920.4 5670.68 -72591.1 200.5342
5.53 301.62915 -848.07136 52009.647 -66447.6 5894.79 -72342.4 200.94338
5.54 287.28536 -987.02999 51966.815 -66907 5614.47 -72521.5 200.30798
5.55 293.45789 -741.78124 51898.097 -66908 5735.1 -72643.1 200.36603
5.56 292.51558 -997.50792 52046.423 -66907.5 5716.68 -72624.1 200.72433
5.57 295.55223 -1232.9775 52135.733 -66790.2 5776.03 -72566.2 200.79974
5.58 286.87603 -1308.1459 52146.934 -67015.6 5606.47 -72622 201.01112
5.59 301.98972 -858.72516 51955.544 -66849.5 5901.84 -72751.4 200.78217
5.6 285.86712 -775.17608 51765.951 -67136.5 5586.75 -72723.3 200.52328
5.61 301.80619 -1280.9486 52145.306 -66697.6 5898.25 -72595.9 201.54612
5.62 293.30459 -1447.954 52263.234 -66827.7 5732.1 -72559.8 201.27152
5.63 289.51709 -658.47369 51878.61 -67038.4 5658.08 -72696.5 200.51577
5.64 293.5872 -535.59346 51915.246 -66888.8 5737.62 -72626.4 200.71481
5.65 282.75052 -763.06445 51949.007 -67063.4 5525.84 -72589.2 200.51869
5.66 298.90771 -1497.2324 52170.338 -66756 5841.6 -72597.6 200.9611
5.67 292.52772 -719.29237 51831.585 -66697.6 5716.92 -72414.6 199.82611
5.68 290.24764 -1048.975 51961.953 -66995.1 5672.36 -72667.5 200.85768
5.69 298.96775 -1290.9064 52108.397 -66647.2 5842.78 -72489.9 201.44599
5.7 292.45324 -1374.4065 52247.643 -66776.7 5715.46 -72492.2 201.71204
5.71 292.36008 -623.00983 51802.194 -66885.6 5713.64 -72599.3 200.53364
5.72 302.44087 -911.43498 52031.805 -66860.4 5910.65 -72771.1 200.99361
5.73 297.89345 -883.65252 52029.538 -66758.8 5821.78 -72580.6 201.14106
5.74 295.86639 -415.31956 51728.37 -66957 5782.17 -72739.1 200.37685
5.75 293.16488 -768.23897 51873.038 -66964.1 5729.37 -72693.5 200.73291
5.76 301.69125 -719.64702 51890.242 -66566.8 5896 -72462.8 200.79033
5.77 286.07172 -701.33183 52001.792 -66940.7 5590.75 -72531.5 200.5621
5.78 305.1006 -547.82117 51815.458 -66496.8 5962.63 -72459.5 200.69043
5.79 300.64074 -681.99055 51908.265 -66961.5 5875.47 -72836.9 200.93271
5.8 292.60239 -1150.335 52048.911 -67130.9 5718.38 -72849.3 200.99179
5.81 300.10145 -1042.0032 52002.821 -66775.9 5864.93 -72640.9 200.77661
5.82 291.35499 -907.43971 52032.611 -67104.6 5694 -72798.6 200.79381
5.83 298.28987 -1247.5775 52237.802 -66751.9 5829.53 -72581.4 201.19987
5.84 286.90813 -1156.9816 52024.554 -67176 5607.09 -72783.1 200.98861
5.85 294.29089 -1021.4979 52001.251 -66732.5 5751.38 -72483.9 200.37253
5.86 293.96707 -1088.8202 52039.293 -66872.8 5745.05 -72617.8 200.54584
5.87 296.18438 -695.5228 51877.111 -66723.6 5788.38 -72511.9 200.36807
5.88 291.20052 -880.33028 51918.333 -66806.1 5690.98 -72497.1 200.35048
5.89 293.65444 -788.36834 51903.34 -66899.1 5738.94 -72638.1 200.51679
5.9 288.62028 -879.07782 51879.938 -67055 5640.55 -72695.6 200.43762
5.91 299.01459 -850.80207 52044.112 -66473.3 5843.69 -72317 200.77296
5.92 281.19365 -350.92911 51597.004 -66891.4 5495.41 -72386.9 199.56798
5.93 301.71946 -938.06435 52052.691 -66656.5 5896.55 -72553.1 200.44252
5.94 288.37371 -1499.8211 52311.489 -66969.8 5635.74 -72605.5 201.36154
5.95 298.74551 -1280.4512 52009.861 -66746.9 5838.43 -72585.4 200.53879
5.96 298.24115 -1062.8683 52037.441 -66683.9 5828.58 -72512.5 200.3266
5.97 285.3882 -788.02039 51853.653 -67096.3 5577.39 -72673.7 200.06123
5.98 290.9666 -1269.5983 52054.387 -66706.3 5686.41 -72392.7 201.04886
5.99 285.1405 -793.98747 51813.872 -66873.7 5572.55 -72446.3 200.65604
6 303.31774 -813.71452 51932.674 -66465.9 5927.79 -72393.7 201.05604
6.01 286.5257 -481.19692 51596.578 -66951.3 5599.62 -72551 200.09642
6.02 294.21434 -841.61666 51847.346 -66794.6 5749.88 -72544.5 200.37009
6.03 291.37345 -934.0727 51928.238 -66818.6 5694.36 -72512.9 200.56144
6.04 293.86442 -1160.0589 52047.203 -66969.2 5743.04 -72712.2 200.61488
6.05 313.44672 -412.56235 51593.307 -66343.7 6125.74 -72469.4 200.26093
6.06 306.74344 -269.46252 51451.45 -66846 5994.74 -72840.8 199.08437
6.07 302.26099 -1224.4117 51918.971 -66647.1 5907.14 -72554.3 200.00616
6.08 291.81425 -577.72853 51764.899 -67012.8 5702.97 -72715.8 199.92409
6.09 294.44232 -971.2859 51843.839 -66586 5754.34 -72340.4 199.97758
6.1 299.71495 -1222.356 52029.169 -66795.6 5857.38 -72653 200.64527
6.11 298.28316 -919.79221 51924.905 -66721.8 5829.4 -72551.2 200.12808
6.12 291.42652 -1145.3926 52039.19 -67158.9 5695.4 -72854.3 200.70118
6.13 296.50476 -816.03165 51782.739 -66933.2 5794.64 -72727.8 200.02338
6.14 301.48649 -1006.7413 51848.246 -66436.1 5892 -72328.1 200.01007
6.15 291.51014 -705.62772 51823.356 -66871.4 5697.03 -72568.4 200.30531
6.16 292.43635 -1044.2918 51831.215 -66876.5 5715.13 -72591.6 199.81162
6.17 306.52064 -1211.0787 51864.192 -66436.3 5990.38 -72426.6 200.23931
6.18 290.01871 -1107.6504 51952.058 -66892.2 5667.88 -72560.1 200.47045
6.19 302.00903 -807.42376 51895.187 -66392.9 5902.21 -72295.1 200.43351
6.2 288.81258 -1034.0556 51993.116 -67006.9 5644.31 -72651.2 200.34021
6.21 291.7496 -1273.5569 52121.942 -66620.9 5701.71 -72322.6 200.80569
6.22 290.63112 -1181.8884 52033.407 -67027.3 5679.85 -72707.2 200.26661
6.23 302.21143 -1151.5027 52079.579 -66654.6 5906.17 -72560.7 200.63184
6.24 301.14668 -1178.5812 52050.449 -66910.1 5885.36 -72795.5 200.60554
6.25 298.08792 -861.02441 51913.898 -66733 5825.58 -72558.6 200.27943
6.26 296.48586 -972.04899 51924.533 -66676.3 5794.27 -72470.6 200.53184
6.27 298.70075 -1270.6513 52042.94 -66823.9 5837.56 -72661.4 201.04514
6.28 299.26413 -981.24647 52058.285 -66954.9 5848.57 -72803.4 200.97435
6.29 290.42569 -769.90107 51884.59 -67089.6 5675.84 -72765.4 200.26681
6.3 298.75257 -1275.6883 52113.632 -66788.4 5838.57 -72627 200.3266
6.31 289.13735 -535.73301 51645.048 -67194.1 5650.66 -72844.8 199.83356
6.32 291.20558 -1204.687 52097.793 -66942.2 5691.08 -72633.3 201.03304
6.33 299.0673 -1240.4433 52033.128 -66955 5844.72 -72799.7 200.79219
6.34 300.26243 -287.43578 51589.23 -66630.6 5868.08 -72498.7 199.6812
6.35 292.60831 -1225.8282 52161.309 -66897.8 5718.49 -72616.3 200.72607
6.36 294.09471 -1332.2655 52020.773 -67155.5 5747.54 -72903 200.71723
6.37 299.00981 -972.74663 52024.227 -66761.1 5843.6 -72604.7 200.56228
6.38 286.22568 -1007.4318 51931.849 -67143 5593.76 -72736.8 200.51209
6.39 288.8458 -913.57142 51890.709 -66936.8 5644.96 -72581.7 200.44358
6.4 293.70677 -1068.7324 51935.394 -66844.8 5739.96 -72584.8 200.28542
6.41 290.84772 -878.61002 51931.447 -67092.6 5684.09 -72776.7 200.39978
6.42 300.57771 -781.16707 51846.176 -66882.6 5874.24 -72756.9 200.07678
6.43 288.91494 -1428.9921 52150.647 -66902.3 5646.31 -72548.6 200.89639
6.44 304.45871 -968.68597 51915.674 -66791.6 5950.09 -72741.7 200.54146
6.45 294.36882 -1412.456 52129.447 -66799.1 5752.9 -72552 200.98568
6.46 295.95916 -954.47521 51868.575 -66709.7 5783.98 -72493.6 200.60006
6.47 277.62195 -1003.8996 51966.417 -67078.7 5425.61 -72504.3 200.89535
6.48 305.36137 -990.41538 52031.095 -66772.3 5967.73 -72740 200.71149
6.49 289.53111 -828.46538 51903.121 -67152.7 5658.36 -72811.1 200.39176
6.5 293.67427 -641.73339 51913.779 -66749.7 5739.33 -72489.1 200.66231
6.51 295.94065 -555.55704 51755.384 -66887.9 5783.62 -72671.5 200.36024
6.52 289.2289 -1650.6241 52195.94 -67072.6 5652.45 -72725.1 201.09266
6.53 300.91772 -1163.8448 52089.583 -66794.1 5880.89 -72675 201.3282
6.54 300.15991 -1003.2219 52031.023 -66711.9 5866.08 -72578 201.29713
6.55 282.36398 -893.06248 51918.541 -67176.5 5518.29 -72694.8 200.50255
6.56 300.68316 -1251.6629 52072.921 -66718.4 5876.3 -72594.7 201.07632
6.57 301.03242 -1322.9069 52132.791 -66740.1 5883.13 -72623.2 200.94799
6.58 294.45018 -1451.0896 52221.857 -67032.4 5754.49 -72786.9 201.04557
6.59 298.38273 -1228.8364 52098.579 -66963.8 5831.34 -72795.2 200.66812
6.6 293.61266 -1168.6365 52105.064 -66682.4 5738.12 -72420.5 200.72266
6.61 299.92007 -1336.4822 52176.412 -66723.6 5861.39 -72585 201.17238
6.62 300.13343 -768.55089 51906.535 -66788.7 5865.56 -72654.3 200.58897
6.63 293.62012 -763.8797 51866.885 -66731.4 5738.27 -72469.7 200.43859
6.64 294.83607 -1190.6356 52029.721 -66938.4 5762.03 -72700.4 200.97826
6.65 286.42691 -1239.7513 52044.877 -66719.6 5597.69 -72317.3 200.66654
6.66 291.73247 -594.15365 51901.85 -67025.7 5701.38 -72727 201.00829
6.67 290.90712 -1228.0215 52084.83 -66826.2 5685.25 -72511.5 201.0865
6.68 290.40221 -889.60418 51908.031 -67032 5675.38 -72707.3 200.39806
6.69 298.23993 -503.61006 51842.705 -66707.7 5828.55 -72536.2 200.33495
6.7 297.939 -630.96005 51867.728 -66664.2 5822.67 -72486.8 200.15817
6.71 292.55977 -735.32509 51758.875 -66839.3 5717.54 -72556.9 199.95096
6.72 296.96118 -700.95574 51870.362 -66881 5803.56 -72684.6 200.28666
6.73 304.49108 -1209.3337 52126.81 -66538.2 5950.72 -72488.9 201.02744
6.74 287.01433 -1081.7517 51980.803 -67006.8 5609.17 -72616 200.79736
6.75 295.22831 -1210.3618 52096.323 -66941.9 5769.7 -72711.6 201.43199
6.76 293.02651 -471.2818 51807.3 -66910 5726.67 -72636.7 200.34836
6.77 295.02304 -698.14748 51872.542 -66956.5 5765.69 -72722.2 200.52046
6.78 288.03691 -937.8833 51870.179 -67034.1 5629.15 -72663.2 200.9161
6.79 302.17167 -1312.9819 52092.276 -66764.7 5905.39 -72670.1 200.92894
6.8 296.37423 -1346.033 52170.695 -67132.8 5792.09 -72924.9 201.39375
6.81 298.10286 -662.82767 51763.949 -66831.3 5825.87 -72657.1 200.77879
6.82 292.13302 -1152.0278 52082.852 -66657 5709.2 -72366.2 200.71892
6.83 301.51234 -345.97321 51653.612 -66775.1 5892.51 -72667.6 199.8451
6.84 300.80387 -1034.1822 51906.135 -66762.8 5878.66 -72641.4 200.74917
6.85 290.92903 -752.92169 51750.966 -66990.8 5685.67 -72676.5 200.58258
6.86 299.10754 -1434.6589 52146.58 -66909.1 5845.51 -72754.6 201.44041
6.87 293.69554 -848.82363 51844.383 -66768.3 5739.74 -72508 200.72029
6.88 290.08484 -783.15501 51904.63 -66998.2 5669.18 -72667.3 200.87628
6.89 301.14153 -963.22081 52064.984 -66577.4 5885.26 -72462.6 201.24511
6.9 284.87834 -643.47118 51748.683 -66963.6 5567.43 -72531 200.50511
6.91 293.68927 -926.55352 51959.956 -67023.8 5739.62 -72763.4 200.54979
6.92 293.25913 -750.34026 51841.117 -67042.3 5731.21 -72773.5 201.00995
6.93 298.20282 -1153.6574 52064.243 -66782.8 5827.83 -72610.6 201.39583
6.94 287.67311 -1117.4481 51977.885 -67149.8 5622.04 -72771.9 201.0488
6.95 294.26537 -697.84013 51778.885 -66901 5750.88 -72651.9 200.56914
6.96 296.84546 -886.64666 51836.463 -66846.3 5801.3 -72647.6 200.50123
6.97 287.6687 -989.228 51931.756 -66936.6 5621.96 -72558.6 200.84131
6.98 301.94313 -1395.5045 52209.497 -66587.6 5900.93 -72488.5 201.5885
6.99 297.55205 -977.27644 52048.382 -66752.5 5815.11 -72567.6 201.64451
7 293.75378 -462.63938 51681.375 -66913.3 5740.88 -72654.2 200.21198
7.01 302.52744 -1077.3094 52081.658 -66579.9 5912.34 -72492.2 201.11408
7.02 292.18892 -1434.6068 52219.974 -67024.5 5710.3 -72734.8 201.56951
7.03 299.44598 -1518.1539 52274.924 -66739.5 5852.12 -72591.6 201.40243
7.04 294.4252 -752.34059 51924 -66827.7 5754 -72581.7 200.86948
7.05 298.03998 -1034.7745 52061.159 -66790.6 5824.65 -72615.3 201.37425
7.06 304.34947 -1102.696 51974.886 -66673.2 5947.95 -72621.1 201.13599
7.07 304.54054 -701.34269 51917.91 -66803.5 5951.69 -72755.1 201.22787
7.08 289.43295 -782.98077 51877.275 -66861.5 5656.44 -72517.9 201.14609
7.09 301.79541 -786.51085 51858.41 -66536 5898.04 -72434.1 200.78186
7.1 292.31462 -1564.1053 52207.841 -66896.6 5712.75 -72609.4 201.77318
7.11 296.21975 -1044.5591 52039.313 -66846.3 5789.07 -72635.4 201.33278
7.12 288.46422 -747.04817 51945.593 -67036.2 5637.5 -72673.7 201.36171
7.13 298.5722 -351.03221 51591.097 -66716.4 5835.05 -72551.4 200.88039
7.14 294.38684 -910.7315 51873.726 -66738.5 5753.25 -72491.7 201.59343
7.15 297.76317 -1241.2886 52053.294 -66867 5819.24 -72686.3 201.87533
7.16 306.99659 -1002.1097 51935.005 -66553.9 5999.69 -72553.6 201.92148
7.17 293.69175 -867.97941 51977.782 -66804 5739.67 -72543.7 201.80624
7.18 294.49274 -800.48794 51840.506 -66786.8 5755.32 -72542.1 201.63871
7.19 294.42508 -1255.3806 52073.53 -66682.2 5754 -72436.2 201.90086
7.2 292.57108 -643.85337 51711.49 -66939.7 5717.77 -72657.5 200.92709
7.21 300.27988 -1277.2941 52137.685 -66817.7 5868.42 -72686.2 202.09912
7.22 295.65429 -869.66081 51819.666 -66904.8 5778.02 -72682.8 201.35406
7.23 293.45073 -884.58328 51866.845 -66853.1 5734.96 -72588.1 201.65316
7.24 298.50425 -1119.4646 52010.951 -66671.5 5833.72 -72505.2 201.80708
7.25 297.63552 -1343.1736 52150.267 -66731.4 5816.74 -72548.2 202.70151
7.26 281.4931 -1286.3746 52027.918 -66915.9 5501.27 -72417.1 202.15397
7.27 297.99334 -738.71353 51755.855 -66986.8 5823.73 -72810.5 201.53263
7.28 299.98574 -1337.7479 52110.739 -66756.7 5862.67 -72619.3 202.56688
7.29 301.45389 -996.62803 52066.603 -66789.5 5891.36 -72680.9 202.04698
7.3 296.49279 -1047.9105 52019.217 -66633.1 5794.41 -72427.6 202.07276
7.31 292.66577 -1705.6589 52281.382 -66960.5 5719.62 -72680.1 202.69045
7.32 288.1893 -947.66643 51921.675 -66728.8 5632.13 -72361 201.99288
7.33 290.61864 -776.19856 51821.137 -67122.9 5679.61 -72802.5 201.56169
7.34 291.70621 -1145.3119 52102.852 -66948.6 5700.86 -72649.4 202.32398
7.35 289.4516 -1072.9405 51973.008 -66829.9 5656.8 -72486.7 202.24462
7.36 290.91355 -1333.0218 52117.721 -67002.4 5685.37 -72687.7 202.09778
7.37 280.24862 -992.68009 51991.578 -66804.6 5476.95 -72281.5 202.39229
7.38 290.56592 -1301.8221 52142.913 -66944.1 5678.58 -72622.7 202.41218
7.39 289.52057 -978.09962 52036.784 -66894.1 5658.15 -72552.3 202.3533
7.4 294.05529 -909.31213 51912.41 -66974 5746.77 -72720.8 201.81671
7.41 283.51508 -830.92445 51883.338 -67052.9 5540.78 -72593.7 201.82959
7.42 294.08415 -846.52663 51845.856 -66968.9 5747.34 -72716.2 201.70695
7.43 303.89084 -1013.5638 52044.058 -66646.8 5938.99 -72585.7 202.46914
7.44 288.43374 -881.15491 51838.808 -66895.7 5636.91 -72532.6 202.08209
7.45 294.15189 -581.38318 51778.463 -66813.5 5748.66 -72562.1 201.88779
7.46 290.53136 -1562.6319 52171.955 -66986.6 5677.9 -72664.5 202.35667
7.47 295.06544 -995.49715 51961.698 -66657.4 5766.51 -72423.9 202.27972
7.48 299.49996 -1154.1283 52110.643 -66842 5853.18 -72695.2 202.62317
7.49 301.35689 -1301.396 52099.187 -66660.3 5889.47 -72549.8 202.42154
7.5 305.00288 -822.71871 51954.975 -66580.1 5960.72 -72540.9 201.96715
7.51 302.80303 -1659.9851 52111.916 -66932.5 5917.73 -72850.2 202.04451
7.52 298.5004 -1221.8785 51924.358 -66541.8 5833.64 -72375.4 201.92454
7.53 288.1316 -1048.5108 52036.768 -66992.7 5631 -72623.7 202.33479
7.54 303.71259 -1241.9913 52059.462 -66738.5 5935.51 -72674 203.00346
7.55 280.19331 -1318.2753 52143.077 -66964.4 5475.86 -72440.3 202.65318
7.56 281.01048 -1538.0976 52190.538 -66989.6 5491.84 -72481.4 202.79239
7.57 302.70414 -631.75429 51789.541 -66461.8 5915.8 -72377.6 201.88184
7.58 292.46998 -1075.7114 52071.755 -66746.7 5715.79 -72462.5 202.5529
7.59 298.71617 -484.76455 51784.72 -66899.7 5837.86 -72737.6 201.77687
7.6 289.74684 -439.38365 51544.103 -67110.4 5662.57 -72773 201.26885
7.61 306.83944 -722.6103 51778.908 -66668.1 5996.61 -72664.7 202.1556
7.62 289.7784 -1133.307 51965.337 -67134.1 5663.19 -72797.3 202.05048
7.63 298.50751 -698.41715 51760.661 -66874.4 5833.78 -72708.2 201.78595
7.64 297.93798 -837.12699 51907.03 -67016.8 5822.65 -72839.5 202.02873
7.65 294.9677 -337.01624 51629.465 -66752 5764.6 -72516.6 201.37939
7.66 288.47732 -674.40941 51787.856 -67034.3 5637.76 -72672.1 201.59758
7.67 308.20705 -1212.5589 52160.693 -66587.8 6023.34 -72611.1 202.97192
7.68 299.67992 -988.45038 51964.76 -67030.3 5856.7 -72887 201.93957
7.69 308.81455 -921.80606 51985.765 -66514.7 6035.21 -72549.9 202.1164
7.7 293.68784 -1364.4964 52157.537 -66860.1 5739.59 -72599.7 202.45619
7.71 299.10376 -752.63457 51801.484 -66472.3 5845.44 -72317.7 201.95036
7.72 291.96348 -903.18101 51894.512 -66946.5 5705.89 -72652.4 202.14466
7.73 300.74416 -805.84796 51960.541 -66837.2 5877.49 -72714.7 202.3821
7.74 300.83301 -930.58352 51943.826 -66905.7 5879.23 -72784.9 201.93157
7.75 297.31857 -753.6043 51839.563 -67033 5810.55 -72843.6 201.62855
7.76 294.68304 -1485.3708 52104.612 -66709.5 5759.04 -72468.5 202.59001
7.77 296.87976 -886.81171 51861.945 -66993.8 5801.97 -72795.7 201.70645
7.78 291.15011 -1020.6788 51999.199 -66919.8 5690 -72609.8 202.20629
7.79 302.12864 -709.05585 51796.675 -66802.1 5904.55 -72706.7 202.00274
7.8 293.39081 -1085.8798 51899.757 -66906.3 5733.79 -72640 201.8126
7.81 299.14041 -1034.2736 51930.679 -66695 5846.15 -72541.1 201.8711
7.82 289.4108 -734.24539 51774.419 -67048.4 5656 -72704.4 201.64552
7.83 298.95154 -933.20335 52009.325 -66829.2 5842.46 -72671.7 202.02316
7.84 292.2011 -599.32488 51803.624 -66863.4 5710.54 -72574 201.89604
7.85 286.27003 -1040.9624 51891.842 -66999.1 5594.62 -72593.7 202.11757
7.86 295.2711 -928.87566 51930.634 -66697.6 5770.53 -72468.1 202.15017
7.87 287.28773 -1090.5447 52082.411 -66863.7 5614.51 -72478.2 202.17741
7.88 287.69809 -1353.9146 52165.739 -67153.3 5622.53 -72775.8 202.47157
7.89 293.98096 -895.4226 51978.414 -66703.5 5745.32 -72448.8 201.99463
7.9 298.55584 -889.74579 51973.88 -66794.7 5834.73 -72629.5 202.11112
7.91 294.31847 -1072.2222 51984.846 -66721.7 5751.92 -72473.6 202.35293
7.92 299.39334 -1160.0795 52032.262 -66717.2 5851.09 -72568.3 202.43781
7.93 296.70774 -975.41999 51973.786 -66906.9 5798.61 -72705.5 202.13713
7.94 295.56849 -918.12528 51833.656 -66526.1 5776.35 -72302.4 201.98401
7.95 288.78426 -1086.7606 51979.249 -66963.5 5643.76 -72607.3 202.1135
7.96 299.29052 -1119.5638 51892.424 -66908.3 5849.09 -72757.4 201.89748
7.97 286.64848 -1028.4511 51939.031 -67191.3 5602.02 -72793.4 201.97696
7.98 306.6491 -1011.9693 51943.825 -66796.5 5992.9 -72789.3 201.4811
7.99 284.10612 -1349.5835 52073.401 -67218.9 5552.33 -72771.3 201.75005
8 300.70558 -617.96223 51751.259 -66795.1 5876.74 -72671.8 200.90767
8.01 291.27621 -1015.8724 52097.038 -66872.8 5692.46 -72565.3 202.18548
8.02 288.74087 -1834.5516 52380.282 -66885.1 5642.91 -72528 202.36887
8.03 298.23252 -1136.2352 52116.673 -66459.5 5828.41 -72287.9 201.9504
8.04 288.68359 -1192.8664 52097.054 -66896.8 5641.79 -72538.6 201.58444
8.05 299.04671 -1255.5006 52090.181 -66546.2 5844.32 -72390.5 201.66644
8.06 302.51184 -674.56707 51673.883 -66821.2 5912.04 -72733.3 201.08852
8.07 292.86917 -1033.1432 52089.145 -66863.1 5723.59 -72586.7 202.23714
8.08 285.1969 -447.2018 51805.719 -67114.4 5573.65 -72688.1 201.90929
8.09 296.7595 -1188.7672 52038.954 -66780.9 5799.62 -72580.6 201.42741
8.1 303.14964 -751.21703 51895.877 -66624.8 5924.5 -72549.3 201.54358
8.11 300.57922 -819.24078 51845.685 -66807.8 5874.27 -72682.1 201.5474
8.12 288.15497 -1064.9166 52095.504 -66754.6 5631.46 -72386.1 201.88965
8.13 291.6713 -1163.4003 52097.809 -66828 5700.18 -72528.1 201.99265
8.14 293.36137 -843.12634 51964.142 -66634.3 5733.21 -72367.5 201.98912
8.15 294.84797 -821.84946 51927.173 -67061.7 5762.26 -72823.9 202.19801
8.16 299.52662 -1481.7991 52167.986 -66757.9 5853.7 -72611.6 202.30303
8.17 284.43314 -536.73433 51683.092 -67124.7 5558.72 -72683.5 201.10482
8.18 291.26528 -939.52583 52017.91 -66985.1 5692.25 -72677.4 201.84733
8.19 293.3488 -969.78429 51928.019 -66621.5 5732.96 -72354.5 201.85536
8.2 291.07524 -898.88479 51895.017 -66860.5 5688.53 -72549 201.72608
8.21 302.89339 -1471.7548 52323.541 -66425.1 5919.5 -72344.6 202.56578
8.22 291.49558 -978.66132 51873.45 -66692 5696.75 -72388.8 201.86814
8.23 298.3825 -1058.2082 51979.748 -66621.8 5831.34 -72453.2 202.06283
8.24 294.24878 -1115.8914 51903.957 -66956.8 5750.55 -72707.4 201.85008
8.25 291.98259 -1067.9617 51989.814 -66828.2 5706.27 -72534.4 201.96254
8.26 301.64551 -1077.4816 51914.486 -66616.1 5895.11 -72511.2 201.75459
8.27 291.99056 -1073.5469 52021.67 -66628.9 5706.42 -72335.3 201.93921
8.28 292.05547 -745.95698 51901.114 -66824.3 5707.69 -72532 202.15382
8.29 299.41348 -1224.9741 52023.378 -66969.1 5851.49 -72820.6 202.48585
8.3 309.09383 -476.12465 51729.229 -66716.2 6040.67 -72756.9 201.62794
8.31 293.88302 -671.51041 51828.925 -66996.3 5743.41 -72739.7 201.7706
8.32 294.93275 -805.24657 51744.068 -66735.5 5763.92 -72499.4 201.87385
8.33 295.8881 -1233.0018 51983.26 -66588.1 5782.59 -72370.7 202.08723
8.34 297.72822 -1136.9185 51915.948 -66784 5818.55 -72602.6 202.08089
8.35 294.2206 -239.36815 51581.822 -66842.9 5750 -72592.9 201.81407
8.36 299.06398 -1292.6315 52149.389 -66551.6 5844.66 -72396.3 202.57743
8.37 302.25926 -1464.6078 52078.874 -66790.8 5907.1 -72697.9 202.46706
8.38 290.21659 -695.21468 51743.241 -67136.4 5671.75 -72808.1 202.07337
8.39 293.23124 -863.68292 51816.883 -66754.6 5730.67 -72485.3 201.95731
8.4 283.5959 -1080.2852 51944.095 -67214.9 5542.36 -72757.3 202.6516
8.41 298.10993 -1381.8019 52080.198 -66867.7 5826.01 -72693.7 202.83652
8.42 291.5073 -1088.0814 51983.891 -66896.5 5696.98 -72593.5 202.41764
8.43 286.46463 -1099.8313 51944.161 -67130.5 5598.43 -72729 202.73701
8.44 298.01266 -1106.7416 52038.272 -66724.8 5824.11 -72548.9 202.66825
8.45 294.51833 -930.30299 51929.114 -66855.8 5755.82 -72611.7 202.62863
8.46 298.77995 -998.70789 51978.689 -66653.3 5839.11 -72492.4 202.84683
8.47 287.59451 -1247.5637 52067.567 -66780.6 5620.51 -72401.1 202.96915
8.48 288.87297 -1382.098 52174.866 -66955.8 5645.49 -72601.3 203.22899
8.49 296.17789 -546.84241 51641.332 -66635.8 5788.25 -72424.1 202.31873
8.5 298.05417 -1292.1228 52103.88 -66654.5 5824.92 -72479.4 203.18203
8.51 297.70316 -905.38053 51835.5 -66846.3 5818.06 -72664.3 202.43254
8.52 300.08367 -1071.7554 51857.194 -66511.7 5864.59 -72376.3 202.82325
8.53 295.61249 -1175.7235 51941.757 -66910.6 5777.2 -72687.8 202.44598
8.54 294.16804 -1643.5561 52187.82 -66748 5748.98 -72497 203.02855
8.55 301.75344 -1140.4498 51873.359 -66488.9 5897.22 -72386.2 202.64017
8.56 284.76776 -885.0128 51781.529 -66934.4 5565.26 -72499.7 202.58677
8.57 309.82521 -823.86859 51800.395 -66564.2 6054.97 -72619.2 202.83989
8.58 291.65454 -728.44117 51857.731 -66738.8 5699.85 -72438.6 203.02301
8.59 286.19062 -876.28974 51827.104 -67062.9 5593.07 -72656 202.42869
8.6 296.31462 -1005.3297 51881.774 -66627.4 5790.93 -72418.3 202.52508
8.61 290.15727 -1526.5862 52125.156 -67184.5 5670.59 -72855.1 203.53865
8.62 297.75129 -1190.5325 51923.379 -66713.3 5819 -72532.3 203.1316
8.63 304.36762 -1138.3196 51938.246 -66946.1 5948.31 -72894.4 202.94267
8.64 289.01486 -618.06692 51564.858 -66749.5 5648.27 -72397.8 201.70881
8.65 289.98887 -1058.2168 51803.216 -66665.4 5667.3 -72332.7 202.69371
8.66 283.07213 -1212.0022 51833.486 -66847.2 5532.13 -72379.3 202.4235
8.67 294.1564 -977.53199 51928.799 -66931.7 5748.75 -72680.5 202.6909
8.68 291.54939 -946.88916 51865.989 -66815.5 5697.8 -72513.3 202.52096
8.69 296.85188 -875.27007 51808.203 -66566.5 5801.43 -72367.9 202.32409
8.7 298.61581 -836.23384 51796.543 -66881.1 5835.9 -72717 202.57603
8.71 301.26375 -989.51966 51934.284 -66704.2 5887.65 -72591.9 202.73294
8.72 290.40122 -1137.616 51978.201 -67062.6 5675.36 -72738 203.11869
8.73 294.45449 -1695.8351 52286.168 -66723.3 5754.57 -72477.9 203.40491
8.74 301.02308 -1284.4808 52085.04 -66881.9 5882.94 -72764.8 202.90048
8.75 292.15384 -925.87367 51959.814 -66552.4 5709.61 -72262.1 202.663
8.76 292.83581 -1006.4597 51949.271 -66867.8 5722.94 -72590.7 202.93797
8.77 296.61557 -778.30957 51893.283 -66667.7 5796.81 -72464.5 202.82658
8.78 290.43073 -873.18169 51910.315 -66914.3 5675.94 -72590.2 202.47793
8.79 292.80516 -649.64596 51674.478 -67039.2 5722.34 -72761.5 202.25184
8.8 302.33266 -462.77881 51777.979 -66597.6 5908.54 -72506.2 202.50109
8.81 290.63326 -1156.851 52000.033 -66924.7 5679.89 -72604.6 202.86871
8.82 302.12717 -908.00996 51874.026 -66592.8 5904.52 -72497.3 202.74705
8.83 293.1788 -1254.8535 52089.24 -66829.9 5729.64 -72559.5 203.20925
8.84 300.64634 -967.87412 51920.175 -66734.5 5875.58 -72610.1 202.83449
8.85 296.96852 -618.74326 51845.006 -66915 5803.71 -72718.7 202.29152
8.86 293.39943 -656.80349 51783.886 -66890.6 5733.95 -72624.5 202.43354
8.87 298.4211 -1260.471 52063.984 -66697.1 5832.09 -72529.2 203.04404
8.88 287.17301 -987.05605 51876.58 -67001.4 5612.27 -72613.7 202.78267
8.89 305.27668 -1293.2577 51870.322 -66461.4 5966.07 -72427.5 201.99851
8.9 296.49828 -1360.2613 52087.351 -66879.1 5794.52 -72673.6 203.15632
8.91 289.72163 -626.39068 51716.481 -66987 5662.08 -72649 202.28783
8.92 298.44255 -1118.4024 52129.867 -66585.3 5832.51 -72417.8 203.09254
8.93 303.90405 -981.24917 52008.027 -66843.2 5939.25 -72782.4 203.29463
8.94 297.41121 -676.32453 51810.309 -66748.9 5812.36 -72561.2 202.52056
8.95 289.80031 -1077.2305 52027.44 -66990.1 5663.62 -72653.7 202.80644
8.96 296.70289 -1521.774 52347.252 -66674 5798.51 -72472.5 203.62853
8.97 291.32764 -734.80006 51907.146 -67067.6 5693.47 -72761.1 202.56552
8.98 297.20643 -1489.551 52125.601 -66570.6 5808.36 -72378.9 202.74479
8.99 293.69814 -953.88694 51933.955 -66845.2 5739.79 -72585 203.04246
9 285.97238 -599.71178 51791.867 -67191.3 5588.81 -72780.1 202.68421
9.01 294.67574 -959.51843 51980.445 -66751.4 5758.9 -72510.3 203.13245
9.02 286.9584 -1065.0863 51954.789 -67034.5 5608.08 -72642.5 203.35362
9.03 302.81796 -840.13494 51870.206 -66754.4 5918.02 -72672.4 202.5356
9.04 295.13296 -1060.1135 51972.046 -66868.2 5767.83 -72636 202.66054
9.05 287.14993 -1041.0203 51891.693 -66747 5611.82 -72358.9 202.89151
9.06 285.02306 -1248.5086 51855.285 -66909.8 5570.25 -72480 202.53817
9.07 304.68146 -1231.9052 51995.75 -66680.2 5954.44 -72634.7 202.93945
9.08 285.22346 -1229.9638 52076.382 -66777.5 5574.17 -72351.7 203.14161
9.09 282.3355 -1735.9204 52266.468 -67027.2 5517.73 -72544.9 203.70811
9.1 298.92358 -1137.7031 52055.984 -66729.8 5841.91 -72571.7 203.02976
9.11 286.79844 -854.89704 51902.643 -67319.2 5604.95 -72924.2 202.96527
9.12 303.89248 -1446.7087 52023.921 -66663.2 5939.02 -72602.2 203.04439
9.13 299.7509 -1834.0138 52287.571 -66800.4 5858.08 -72658.5 203.31455
9.14 301.19751 -1133.5042 52053.357 -66952.3 5886.35 -72838.7 202.73751
9.15 301.78295 -760.43793 51947.487 -66548.4 5897.79 -72446.2 202.58931
9.16 298.09659 -622.49899 51900.837 -66903.5 5825.75 -72729.2 202.88329
9.17 294.89241 -1559.6791 52348.275 -66639.5 5763.13 -72402.7 203.88133
9.18 288.59209 -1119.1875 51988.21 -67069.8 5640 -72709.8 202.58603
9.19 291.06303 -882.05373 51861.054 -66842.3 5688.29 -72530.6 202.6952
9.2 299.4269 -740.52463 51871.591 -66867.3 5851.75 -72719.1 202.50779
9.21 289.418 -1491.4152 52176.464 -67012.9 5656.14 -72669 203.34367
9.22 290.71207 -742.18394 51752.76 -66696.5 5681.43 -72377.9 202.09166
9.23 301.68323 -1107.8706 52034.796 -66536.8 5895.85 -72432.7 202.86458
9.24 296.72038 -918.4791 51817.646 -66813 5798.86 -72611.8 202.59333
9.25 298.0752 -1378.3413 52128.924 -66539 5825.33 -72364.4 203.39866
9.26 285.16521 -961.12317 51930.863 -67181.8 5573.03 -72754.8 203.23569
9.27 295.28307 -867.4787 51891.634 -66772.2 5770.77 -72543 202.66336
9.28 296.21996 -964.87835 51929.945 -66944.3 5789.08 -72733.3 202.81697
9.29 292.33533 -1348.9214 52076.462 -66575.6 5713.16 -72288.8 203.16646
9.3 287.01677 -1374.7867 51968.414 -66860.6 5609.22 -72469.8 202.64467
9.31 290.01434 -647.91424 51757.333 -66833.8 5667.8 -72501.6 202.75631
9.32 292.06276 -1597.625 52188.862 -66809 5707.83 -72516.8 203.87061
9.33 294.61161 -1093.0589 51821.747 -67063.4 5757.64 -72821.1 203.24007
9.34 292.18087 -646.04085 51673.076 -66834.7 5710.14 -72544.8 202.84462
9.35 292.68084 -1025.5488 52025.409 -66782.7 5719.91 -72502.6 203.32492
9.36 293.7462 -1208.1848 52104.334 -66635.6 5740.73 -72376.4 203.90453
9.37 289.2054 -690.90679 51720.039 -67281.5 5651.99 -72933.4 202.84475
9.38 291.86417 -1167.006 51952.07 -66830.8 5703.95 -72534.8 203.47502
9.39 296.02997 -920.8699 51973.786 -66511 5785.36 -72296.3 203.45977
9.4 287.87201 -1111.7155 51988.448 -66822.4 5625.93 -72448.3 203.36523
9.41 299.18857 -1450.8574 52189.582 -66818.2 5847.09 -72665.3 204.01654
9.42 298.65174 -919.74153 51916.662 -66663 5836.6 -72499.6 203.39872
9.43 286.10466 -835.61702 51805.932 -67062.2 5591.39 -72653.6 202.56999
9.44 295.68152 -775.97906 51830.834 -67027.2 5778.55 -72805.7 203.18596
9.45 297.76781 -1555.4503 52205.925 -66806.4 5819.33 -72625.8 204.11748
9.46 296.3316 -635.85254 51810.024 -66827.6 5791.26 -72618.8 202.99204
9.47 289.64231 -585.05058 51792.737 -66962.2 5660.53 -72622.7 202.98817
9.48 301.31273 -696.10461 51878.972 -66676.7 5888.61 -72565.3 203.22744
9.49 292.5584 -905.99127 51928.38 -66903.2 5717.52 -72620.7 203.34362
9.5 283.90668 -1346.5621 52214.534 -66874.4 5548.44 -72422.8 204.00178
9.51 282.91543 -1202.7949 52002.351 -67301.7 5529.06 -72830.7 203.44569
9.52 297.37385 -777.79805 51821.692 -66810.2 5811.63 -72621.9 203.01429
9.53 291.19892 -1601.4322 52352.443 -66962.4 5690.95 -72653.4 204.4332
9.54 298.07239 -942.52781 52013.721 -66636.7 5825.28 -72462 203.39932
9.55 293.08623 -946.24634 51885.682 -66982.9 5727.83 -72710.8 203.38098
9.56 304.59258 -974.45862 51998.157 -66565.7 5952.7 -72518.4 203.30645
9.57 294.51649 -1271.1014 52236.878 -66812.9 5755.79 -72568.7 204.11116
9.58 305.04545 -756.11832 51885.769 -66797 5961.55 -72758.6 203.05144
9.59 297.21341 -1018.4935 52041.179 -66653.3 5808.49 -72461.8 203.23889
9.6 283.60845 -980.97847 51875.817 -67071.5 5542.61 -72614.1 203.34573
9.61 290.88835 -1155.6181 52014.3 -66822.6 5684.88 -72507.5 203.51675
9.62 297.92547 -887.90632 51844.867 -66910.3 5822.41 -72732.7 203.48321
9.63 302.12102 -566.83718 51750.556 -66992.4 5904.4 -72896.8 203.12913
9.64 298.09904 -1092.926 51813.16 -66339.7 5825.8 -72165.5 203.21358
9.65 293.98831 -1266.7078 51957.006 -66972.2 5745.46 -72717.6 203.51828
9.66 300.60467 -348.76251 51625.167 -66769.7 5874.77 -72644.4 203.09714
9.67 298.08143 -722.10042 51711.106 -66995.1 5825.46 -72820.6 202.56578
9.68 296.93075 -865.83555 51742.806 -66666.2 5802.97 -72469.2 202.6448
9.69 283.52144 -1449.1474 52042.133 -67127 5540.91 -72667.9 203.30251
9.7 299.61219 -938.71498 51975.255 -66582.4 5855.37 -72437.7 203.59695
9.71 302.25925 -675.91441 51673.645 -66676.4 5907.1 -72583.5 202.60495
9.72 276.35486 -1133.2771 52014.192 -67223.7 5400.85 -72624.5 203.59268
9.73 292.47912 -386.76702 51512.243 -66748.9 5715.97 -72464.9 202.35723
9.74 291.51665 -796.64043 51800.333 -67036 5697.16 -72733.1 203.17958
9.75 298.85139 -725.57907 51834.206 -66650.1 5840.5 -72490.6 203.58728
9.76 297.02066 -1055.772 51948.722 -66874.7 5804.72 -72679.4 203.75344
9.77 296.37729 -1148.2563 52077.895 -66826.3 5792.15 -72618.4 203.60732
9.78 293.48436 -1312.7119 52081.591 -66779.3 5735.61 -72514.9 203.58305
9.79 288.05451 -855.38968 51872.02 -67219.5 5629.5 -72849 203.13119
9.8 302.70592 -1480.6791 52158.081 -66759.9 5915.83 -72675.7 203.81908
9.81 288.75694 -1122.2766 51941.409 -67191.8 5643.23 -72835 203.61527
9.82 295.76319 -904.29931 51786.952 -66892.3 5780.15 -72672.5 203.19799
9.83 300.96737 -1119.5457 52000.625 -66459.1 5881.86 -72341 203.5903
9.84 286.30235 -1096.0114 51906.355 -66819.2 5595.25 -72414.4 203.30468
9.85 294.72464 -1080.2291 51935.955 -66594.9 5759.85 -72354.7 203.44816
9.86 298.60253 -814.06418 51850.133 -66642.3 5835.64 -72478 203.038
9.87 289.09402 -1253.4175 52001.296 -66951.2 5649.81 -72601.1 203.98566
9.88 291.39536 -907.77821 51883.688 -66834.7 5694.79 -72529.5 203.49255
9.89 301.45544 -871.19423 51811.651 -66759.6 5891.39 -72651 203.61199
9.9 291.74105 -1303.8476 51984.895 -66976.8 5701.54 -72678.3 203.68586
9.91 284.81935 -864.56385 51871.734 -66887.6 5566.27 -72453.9 203.26687
9.92 280.97683 -1245.7221 52020.359 -66976.1 5491.18 -72467.3 203.63231
9.93 285.83661 -1453.4349 52086.107 -66886.6 5586.15 -72472.7 203.78161
9.94 285.38159 -1028.4456 51963.667 -66959.3 5577.26 -72536.5 203.89312
9.95 293.97474 -1007.7486 51939.543 -66830.7 5745.2 -72575.9 203.96424
9.96 289.96124 -1102.8367 51906.02 -67010 5666.76 -72676.8 203.63096
9.97 282.412 -604.28944 51663.153 -66952.9 5519.23 -72472.1 202.95364
9.98 297.93613 -1615.1378 52248.329 -66596.2 5822.62 -72418.8 204.1642
