0 291.73471 -1081.9511 49930.221 -61372.7 5701.42 -67074.2 9.3286529
0.01 309.17299 -515.82233 50297.126 -60761.7 6042.22 -66803.9 21.604614
0.02 292.28808 -1335.7308 50205.448 -61326.8 5712.24 -67039.1 33.868836
0.03 314.72339 -854.10558 50223.043 -60943.9 6150.69 -67094.6 44.849858
0.04 291.91257 -1250.7893 50337.533 -61544 5704.9 -67248.9 53.706503
0.05 301.24781 -1582.8861 50613.118 -61215 5887.34 -67102.4 64.844721
0.06 306.20966 -1079.4099 50322.178 -61021.8 5984.31 -67006.1 75.379409
0.07 302.44029 -1309.9548 50054.385 -60866.7 5910.64 -66777.4 83.73929
0.08 302.59897 -958.02122 50075.87 -61041.7 5913.74 -66955.4 96.159686
0.09 294.53271 -542.14159 50308.515 -61554.9 5756.1 -67311 107.37925
0.1 304.34813 -975.75308 49944.001 -61392.3 5947.93 -67340.3 112.68591
0.11 293.80718 -905.83954 50165.629 -61462.8 5741.92 -67204.7 120.44698
0.12 299.89205 -989.14846 50084.705 -61142.8 5860.84 -67003.7 129.49062
0.13 308.33785 -693.92174 49977.161 -61414.4 6025.9 -67440.3 139.26249
0.14 300.89057 -719.94777 49797.055 -61234.3 5880.36 -67114.6 147.35534
0.15 305.16048 -1683.9575 50174.619 -60941.3 5963.8 -66905.1 158.30715
0.16 299.14649 -1090.2692 49673.851 -61238.3 5846.27 -67084.5 167.6266
0.17 291.93364 -757.86972 50021.243 -61603 5705.31 -67308.4 179.27802
0.18 297.68041 -988.85109 49727.858 -60979.8 5817.62 -66797.4 187.22682
0.19 297.19376 -895.40953 50023.333 -60873.9 5808.11 -66682 200.61242
0.2 298.87445 -1103.4041 50279.713 -61347.3 5840.95 -67188.2 211.24271
0.21 293.39408 -862.66708 49749.556 -61416.9 5733.85 -67150.7 218.24933
0.22 306.94222 -561.13687 49910.521 -61131.9 5998.62 -67130.5 223.73492
0.23 297.45773 -1449.4891 50262.249 -60968.9 5813.27 -66782.1 232.89391
0.24 301.76897 -1355.6126 49746.829 -61235.5 5897.52 -67133.1 238.59909
0.25 297.2144 -1346.2017 50043.161 -61360.6 5808.51 -67169.1 247.90767
0.26 299.73266 -999.68108 50045.073 -61080.8 5857.73 -66938.5 260.12233
0.27 307.0679 -1689.1124 50297.377 -61016.2 6001.08 -67017.3 269.96276
0.28 300.12187 -1449.9079 49763.89 -61157.3 5865.33 -67022.6 277.3396
0.29 308.73383 -973.77503 49992.882 -60583.6 6033.64 -66617.3 287.87233
0.3 299.95846 -696.35205 49846.596 -61056.4 5862.14 -66918.5 296.663
0.31 300.75976 -824.30457 50221.833 -61367.4 5877.8 -67245.2 305.31398
0.32 306.77347 -1112.8389 50054.794 -60886 5995.33 -66881.3 317.89145
0.33 287.1962 -749.33477 50058.532 -60978.5 5612.72 -66591.3 328.02499
0.34 288.08192 -1156.5357 50191.748 -60733.5 5630.03 -66363.6 339.34639
0.35 302.02963 -1044.5531 50096.225 -60899.1 5902.62 -66801.7 350.21389
0.36 294.06447 -818.82786 50249.761 -61035.3 5746.95 -66782.3 359.3567
0.37 287.16954 -677.39363 49737.21 -60997 5612.2 -66609.2 366.25359
0.38 289.69605 -1086.4552 49944.452 -60939.7 5661.58 -66601.3 378.54486
0.39 290.65058 -859.12666 49754.859 -61272.8 5680.23 -66953.1 389.97823
0.4 297.81289 -479.83797 49587.306 -60766.4 5820.21 -66586.6 399.00373
0.41 292.62794 -815.26862 49872.251 -61081.7 5718.88 -66800.5 407.86884
0.42 302.19493 -1174.658 50001.418 -60900.3 5905.85 -66806.2 412.1418
0.43 307.96163 -892.8276 50102.71 -60449.3 6018.55 -66467.8 416.49732
0.44 294.61737 -673.31238 49764.407 -61083.1 5757.76 -66840.9 423.08482
0.45 300.17873 -1886.5655 50455.781 -60925.5 5866.44 -66791.9 432.57352
0.46 295.48979 -1470.1823 50236.226 -60462.8 5774.81 -66237.6 440.92156
0.47 298.43478 -699.02973 49939.949 -60970.8 5832.36 -66803.1 448.05494
0.48 302.35341 -715.11857 49944.127 -61139.6 5908.94 -67048.5 459.30328
0.49 295.38835 -753.48011 49903.267 -60954.5 5772.82 -66727.4 467.49266
0.5 303.67854 -1304.1297 50208.254 -60770.1 5934.84 -66705 476.99215
0.51 300.50355 -976.47958 50045.036 -60969.8 5872.79 -66842.5 490.03455
0.52 294.08135 -700.28638 50075.156 -61277 5747.28 -67024.3 497.70809
0.53 290.82339 -1630.1046 49920.503 -60636.3 5683.61 -66319.9 508.53419
0.54 300.78958 -1306.1686 50177.769 -61124.8 5878.38 -67003.2 519.11658
0.55 305.93717 -674.66195 49831.514 -61079.2 5978.98 -67058.1 526.66175
0.56 297.84352 -1269.2862 50532.521 -61147.3 5820.81 -66968.1 537.05475
0.57 290.19192 -1827.5385 50300.872 -61187.8 5671.27 -66859.1 540.41946
0.58 292.49792 -500.64192 50059.849 -61090.3 5716.34 -66806.6 548.44047
0.59 303.32702 -1076.6321 50213.937 -60607.2 5927.97 -66535.2 555.8094
0.6 290.90228 -1185.7284 50396.893 -61028.1 5685.15 -66713.2 571.04338
0.61 305.83458 -865.59268 49855.093 -60712.7 5976.98 -66689.7 576.28476
0.62 293.06552 -1344.368 50597.718 -61248.9 5727.43 -66976.3 588.17587
0.63 303.59398 -1108.4939 50293.914 -60450.3 5933.19 -66383.5 597.73339
0.64 300.20397 -1671.4055 50292.539 -61027.5 5866.94 -66894.4 603.93636
0.65 310.81459 -314.6076 49425.544 -60932.4 6074.3 -67006.7 606.62113
0.66 300.09338 -941.63176 50145.272 -60955.7 5864.78 -66820.5 626.37228
0.67 289.25687 -652.37785 49704.467 -60837.2 5653 -66490.2 629.29994
0.68 287.94212 -954.29426 49790.859 -60966.4 5627.3 -66593.7 627.76536
0.69 296.62714 -186.7983 49487.27 -60529.3 5797.03 -66326.3 635.41504
0.7 285.75739 -1070.9923 49791.842 -60478.8 5584.6 -66063.4 649.86602
0.71 303.80251 -1111.825 50165.223 -60229.4 5937.26 -66166.6 665.27605
0.72 299.64652 -484.80013 49442.254 -59708.5 5856.04 -65564.6 678.99931
0.73 302.99662 -586.45337 49269.236 -59683.5 5921.51 -65605 691.4923
0.74 303.6959 -1443.3216 49548.599 -59217 5935.18 -65152.2 700.05241
0.75 298.23685 -924.52945 49445.568 -59602.1 5828.49 -65430.6 711.52586
0.76 292.92023 -1349.6522 49592.786 -59571.6 5724.59 -65296.2 727.33203
0.77 316.29573 -1340.4501 49276.084 -58698.9 6181.42 -64880.3 737.81517
0.78 299.79675 -804.43538 48723.423 -58309.2 5858.98 -64168.2 745.74685
0.79 298.1498 -349.95826 48551.539 -57672.7 5826.79 -63499.5 771.72989
0.8 297.54573 -433.55961 48471.502 -57777.8 5814.99 -63592.8 796.88228
0.81 304.48897 -2055.0617 48403.041 -57517.9 5950.68 -63468.6 824.10757
0.82 304.80338 -1010.9227 48096.22 -57879.8 5956.82 -63836.7 852.28991
0.83 308.30546 -607.85957 48824.323 -57690.2 6025.27 -63715.5 877.83825
0.84 296.19973 -380.34793 48344.547 -57943.9 5788.68 -63732.6 897.48025
0.85 297.04514 -1458.3947 48509.297 -57836.8 5805.2 -63642 918.76598
0.86 290.01778 -164.88079 48532.819 -57863.7 5667.87 -63531.5 948.42323
0.87 295.00719 -889.66546 48864.398 -57833.8 5765.38 -63599.2 971.03027
0.88 310.59039 -456.01862 48199.25 -57585.1 6069.92 -63655 978.86048
0.89 296.32579 -1034.109 48706.335 -57965.1 5791.14 -63756.2 1008.6381
0.9 301.43475 -2444.1476 49382.041 -57502.3 5890.99 -63393.3 1039.1758
0.91 300.60954 -1140.5703 48825.019 -57684.2 5874.86 -63559 1056.3371
0.92 297.3911 -1021.7494 48715.29 -58163.4 5811.96 -63975.4 1071.5948
0.93 303.29979 -1259.9006 48475.264 -57617.6 5927.44 -63545.1 1092.7005
0.94 306.1896 -1314.1427 48485.421 -57285.6 5983.91 -63269.5 1115.933
0.95 298.56427 -1148.9084 48399.346 -57598.5 5834.89 -63433.4 1148.9928
0.96 297.37934 -1423.8279 48442.869 -58123.1 5811.73 -63934.8 1174.9102
0.97 298.1745 -443.73089 48159.812 -58146.9 5827.27 -63974.2 1188.5846
0.98 294.14429 -545.57083 48212.908 -58022.6 5748.51 -63771.2 1220.7396
0.99 301.89833 -969.69213 48528.002 -57601.8 5900.05 -63501.9 1256.6269
1 297.14275 -965.6222 48330.872 -57894.5 5807.11 -63701.6 1275.2604
1.01 308.40764 -1456.4073 48972.145 -57566.1 6027.26 -63593.4 1310.0504
1.02 305.12227 -621.15194 48454.276 -57834.1 5963.06 -63797.2 1319.5426
1.03 298.73269 -863.71852 48837.908 -57688.7 5838.18 -63526.8 1355.9272
1.04 299.67059 -356.0222 48916.911 -57989.9 5856.51 -63846.4 1387.2637
1.05 296.17555 -287.97736 48640.931 -57617.7 5788.21 -63405.9 1406.0411
1.06 311.09705 -784.46653 48404.239 -57479.5 6079.82 -63559.4 1415.5128
1.07 294.23001 -910.53322 48812.424 -58002.8 5750.19 -63753 1441.4925
1.08 298.66723 -1640.4304 48775.673 -57669.5 5836.9 -63506.4 1463.0148
1.09 305.88162 -908.57032 49169.076 -57429.6 5977.9 -63407.5 1490.2995
1.1 298.99281 -937.76491 48755.519 -57783.4 5843.27 -63626.6 1512.3409
1.11 298.90628 -1268.9145 48691.383 -57919.8 5841.58 -63761.4 1528.649
1.12 306.5464 -1140.1737 48694.941 -57778.2 5990.89 -63769.1 1558.6782
1.13 291.5349 -763.70433 48456.446 -57934.3 5697.52 -63631.8 1588.8142
1.14 292.12183 -730.59928 48713.348 -57798.6 5708.99 -63507.6 1611.9779
1.15 295.35453 -1255.6194 48567.943 -58075.8 5772.16 -63848 1619.6158
1.16 290.86241 -426.11406 48669.314 -57937.8 5684.37 -63622.2 1646.216
1.17 296.10846 -1061.1161 48219.785 -58013.4 5786.9 -63800.3 1669.1815
1.18 294.74603 -704.04941 48180.319 -57941.7 5760.27 -63702 1691.0151
1.19 297.52448 -440.52573 48114.579 -57873.4 5814.57 -63687.9 1712.1699
1.2 309.34467 -1064.7362 48421.897 -57392.8 6045.57 -63438.4 1738.4882
1.21 299.77444 -1314.6312 48725.975 -57663.6 5858.54 -63522.1 1757.6548
1.22 304.2129 -889.78206 48125.56 -57378.9 5945.28 -63324.2 1772.1298
1.23 299.94744 -1124.4255 48251.621 -57777.7 5861.92 -63639.6 1803.8013
1.24 303.19108 -331.922 48361.42 -57728.2 5925.31 -63653.5 1836.1893
1.25 315.05927 -735.47359 48096.673 -57237.8 6157.26 -63395.1 1853.8345
1.26 296.00894 -859.59558 48914.605 -57727.3 5784.95 -63512.3 1900.2602
1.27 301.6506 -1366.8537 48889.905 -57661.6 5895.21 -63556.8 1930.4571
1.28 305.26284 -1274.8081 48800.133 -57259.7 5965.8 -63225.5 1953.5668
1.29 301.23096 -1076.4717 48511.423 -57786.1 5887.01 -63673.1 1977.9132
1.3 290.91102 -1007.43 48320.904 -58275.4 5685.32 -63960.8 2006.6387
1.31 300.86919 -883.85662 48411.365 -57653.2 5879.94 -63533.1 2040.7357
1.32 297.50686 -736.37695 48692.007 -57872.4 5814.23 -63686.6 2079.9858
1.33 295.94044 -1276.1399 48532.006 -57901.4 5783.61 -63685 2099.9343
1.34 291.00042 -1017.8542 48812.402 -57925 5687.07 -63612.1 2130.9956
1.35 306.03805 -697.39666 48367.492 -57371.3 5980.95 -63352.3 2136.9917
1.36 293.02442 -799.40135 48183.637 -57746.7 5726.63 -63473.3 2159.5639
1.37 296.99704 -886.2097 48172.086 -58023.5 5804.26 -63827.8 2178.4527
1.38 291.75368 -1230.9427 48600.389 -57971 5701.79 -63672.8 2209.8169
1.39 293.07903 -1465.0585 48713.209 -57801.4 5727.69 -63529.1 2235.3897
1.4 289.26911 -909.42272 48665.242 -58021.4 5653.24 -63674.6 2256.4872
1.41 302.66276 -977.38549 48569.561 -57682.4 5914.99 -63597.4 2268.6052
1.42 302.86342 -781.61361 48147.644 -57538.6 5918.91 -63457.6 2297.1484
1.43 297.24414 -697.73408 48253.667 -58066.2 5809.09 -63875.3 2323.8946
1.44 289.66635 -526.37834 48223.488 -57871.4 5661 -63532.4 2341.65
1.45 298.18775 -919.74792 48220.352 -57595.5 5827.53 -63423 2371.0795
1.46 296.60492 -1089.5475 48419.879 -58097.9 5796.6 -63894.5 2416.8384
1.47 298.86193 -1264.6028 48801.069 -57700.2 5840.71 -63540.9 2464.6302
1.48 289.23255 -951.70864 48652.896 -57713.3 5652.52 -63365.8 2487.4773
1.49 296.95354 -510.316 48443.502 -57632.3 5803.41 -63435.7 2496.7175
1.5 288.43966 -915.81518 48413.284 -58248.6 5637.02 -63885.6 2513.3649
1.51 297.21648 -1152.2107 49331.144 -57501.9 5808.55 -63310.4 2570.7646
1.52 296.32667 -891.06753 48176.887 -57377.2 5791.16 -63168.4 2571.1939
1.53 306.88652 -1239.4428 48860.501 -57672.7 5997.54 -63670.2 2613.2523
1.54 293.79692 -1004.4843 48486.746 -58012.9 5741.72 -63754.6 2636.4996
1.55 310.76121 -1116.4485 48315.791 -57569 6073.26 -63642.2 2661.6868
1.56 296.3185 -1014.8772 48893.129 -57996.8 5791 -63787.8 2696.3785
1.57 296.99752 -1242.6099 48251.642 -57728.8 5804.27 -63533.1 2711.3927
1.58 300.44573 -773.97727 48412.483 -58044 5871.66 -63915.6 2750.0755
1.59 307.79821 -1151.3039 48992.021 -57307.4 6015.35 -63322.8 2792.8126
1.6 305.91393 -1024.8794 48678.021 -57820.1 5978.53 -63798.6 2815.032
1.61 300.88843 -1331.9762 48730.799 -57840 5880.31 -63720.3 2834.652
1.62 307.53393 -1124.4362 48777.261 -57626.1 6010.19 -63636.2 2862.9038
1.63 294.30708 -948.16815 48504.29 -57992.1 5751.69 -63743.8 2877.108
1.64 294.49257 -1403.355 48718.638 -58061.5 5755.32 -63816.8 2915.5292
1.65 295.53022 -1289.6584 48884.75 -58019.8 5775.6 -63795.4 2941.543
1.66 299.7338 -625.96404 48427.369 -57624.1 5857.75 -63481.8 2960.3278
1.67 291.27082 -895.72399 48306.918 -58023.3 5692.35 -63715.7 2983.2718
1.68 297.77046 -833.994 48320.191 -57672.9 5819.38 -63492.2 3009.5474
1.69 295.81528 -1912.1542 48714.824 -57865.8 5781.17 -63647 3033.3402
1.7 293.15202 -1085.6064 48967.311 -57633.9 5729.12 -63363 3061.0203
1.71 290.44472 -302.54771 48446.077 -57920.6 5676.21 -63596.8 3082.5349
1.72 300.72919 -566.48083 48173.616 -57836.5 5877.2 -63713.7 3101.9709
1.73 297.08783 -1321.1051 48493.836 -57755.5 5806.04 -63561.5 3146.3582
1.74 301.27813 134.75848 48479.917 -57859.8 5887.93 -63747.7 3178.7692
1.75 292.0474 -725.89268 48157.388 -57954 5707.53 -63661.5 3193.0966
1.76 300.80561 -689.25305 48677.439 -57405.4 5878.69 -63284.1 3257.8997
1.77 300.54422 -602.79985 47907.18 -57931.4 5873.59 -63805 3260.3773
1.78 313.90803 -524.23031 48309.575 -57321.9 6134.76 -63456.6 3297.946
1.79 297.93773 -1313.8237 49147.291 -57789.2 5822.65 -63611.9 3351.693
1.8 305.30747 -1309.7405 48599.568 -57403.6 5966.68 -63370.3 3333.5043
1.81 302.83254 -728.76506 48707.891 -57794.2 5918.31 -63712.5 3373.6154
1.82 307.76826 -562.69318 48426.559 -57965.7 6014.77 -63980.4 3372.4239
1.83 291.319 -1405.747 48440.213 -57981.4 5693.3 -63674.7 3411.2572
1.84 295.29911 -1540.1799 48723.608 -57726.5 5771.08 -63497.5 3453.1858
1.85 304.37295 -1293.8711 48568.849 -57674.2 5948.41 -63622.6 3482.44
1.86 292.74001 -1170.21 48187.201 -58004.2 5721.07 -63725.2 3477.9397
1.87 312.10731 -512.13366 48951.526 -57507.8 6099.57 -63607.3 3551.1803
1.88 294.94208 -847.34723 48342.981 -57847.9 5764.1 -63612 3547.12
1.89 293.52381 -1016.8234 48281.761 -57711.6 5736.39 -63448 3566.4555
1.9 290.85741 -1190.054 48269.342 -57976.4 5684.28 -63660.7 3597.5226
1.91 311.67544 -1312.429 48892.097 -57623.9 6091.13 -63715 3643.9223
1.92 302.24688 -648.05387 48420.239 -57423.1 5906.86 -63329.9 3650.9261
1.93 305.69994 -752.04055 48769.559 -57650.3 5974.35 -63624.7 3687.9117
1.94 292.73115 -1109.6241 48678.562 -57616.6 5720.89 -63337.5 3703.065
1.95 300.14195 -741.30136 48624.169 -58052.6 5865.72 -63918.3 3716.9264
1.96 309.65418 -1240.1607 48421.573 -57595.8 6051.62 -63647.4 3741.6078
1.97 296.92438 -1241.7171 48384.215 -57670.9 5802.84 -63473.7 3754.2759
1.98 298.98015 -574.03789 48375.826 -57835.2 5843.02 -63678.3 3773.3195
1.99 295.89266 -1299.5005 48728.955 -57923.4 5782.68 -63706.1 3811.7801
2 296.66553 -1123.1223 48444.928 -57677.7 5797.78 -63475.5 3816.5318
2.01 292.59866 -1149.7879 48619.791 -57604.2 5718.31 -63322.5 3862.9369
2.02 298.92904 -973.64044 48601.851 -57913.1 5842.02 -63755.1 3883.3407
2.03 291.14046 -1167.0279 48709.996 -57626.8 5689.81 -63316.6 3917.4197
2.04 302.16621 -1226.4866 48526.497 -57546.5 5905.29 -63451.8 3923.6653
2.05 299.32692 -1347.8418 48491.216 -57647.1 5849.8 -63496.9 3935.3083
2.06 288.48375 -804.33568 48432.48 -57754.8 5637.89 -63392.7 3952.6823
2.07 313.53943 -1087.1319 48468.329 -57398.8 6127.55 -63526.3 3986.8654
2.08 301.14056 -1345.9695 48597.2 -57753 5885.24 -63638.2 4009.7772
2.09 297.88574 -989.16126 48773.2 -57697.5 5821.63 -63519.1 4043.1697
2.1 296.73732 -794.95258 48394.769 -57747 5799.19 -63546.2 4039.9511
2.11 296.58758 -738.31883 48483.263 -57911 5796.26 -63707.2 4067.1091
2.12 304.39928 -506.12294 48443.388 -57697.3 5948.93 -63646.3 4076.9599
2.13 299.00246 -754.87442 48655.641 -57962.8 5843.46 -63806.3 4105.8274
2.14 309.22638 -988.54501 48161.721 -57628.7 6043.26 -63672 4089.7057
2.15 298.6289 -818.13709 48690.011 -57452.1 5836.15 -63288.2 4128.753
2.16 299.20133 -911.44924 48331.375 -57802.5 5847.34 -63649.8 4126.2338
2.17 306.56695 -1169.2078 48214.788 -57490.8 5991.29 -63482.1 4129.5206
2.18 296.20606 -615.42426 48389.746 -58038.1 5788.8 -63826.9 4166.4544
2.19 299.37111 -96.010653 48134.146 -57733 5850.66 -63583.7 4167.6134
2.2 307.86795 -710.45965 48418.983 -57699 6016.72 -63715.7 4209.8516
2.21 308.50582 -756.88626 48282.436 -57687.1 6029.18 -63716.3 4219.7723
2.22 309.93724 -1102.98 48638.201 -57571.7 6057.16 -63628.9 4258.2867
2.23 292.45436 -1623.1776 48208.691 -57718.2 5715.49 -63433.7 4266.6487
2.24 305.43625 -1224.4688 48670.4 -57537.3 5969.19 -63506.4 4317.2012
2.25 299.33028 -461.92449 48497.515 -57936.3 5849.86 -63786.2 4331.5412
2.26 308.20284 -1267.8613 48820.431 -57634.4 6023.26 -63657.6 4382.5067
2.27 310.35238 -1048.7781 48597.04 -57518.6 6065.27 -63583.9 4391.9797
2.28 304.04979 -1169.924 47781.19 -57644.3 5942.1 -63586.4 4356.499
2.29 303.92599 -1070.898 48691.335 -57672.8 5939.68 -63612.5 4427.6274
2.3 307.39837 -785.94776 48166.245 -57760.6 6007.54 -63768.2 4436.1058
2.31 296.68955 -1025.0523 48297.798 -57801.6 5798.25 -63599.9 4468.7589
2.32 293.6073 -1423.2431 49129.105 -57774.9 5738.02 -63512.9 4550.9409
2.33 303.48138 -1475.2747 48778.434 -57612.7 5930.99 -63543.7 4535.6795
2.34 291.5389 -605.9962 48003.712 -58037.9 5697.59 -63735.5 4514.9463
2.35 296.60641 -1139.8003 48234.499 -57456.8 5796.63 -63253.4 4542.0003
2.36 292.64262 -1171.6313 48663.326 -57829.5 5719.16 -63548.6 4584.6845
2.37 290.81533 -649.68831 48726.499 -57773.7 5683.45 -63457.2 4601.3489
2.38 303.85776 -1119.4757 48899.267 -57853.3 5938.34 -63791.6 4633.8578
2.39 304.58864 -268.29318 48442.903 -57734.8 5952.63 -63687.4 4626.5073
2.4 301.27632 -1459.5912 48456.208 -57484.8 5887.89 -63372.7 4660.2919
2.41 298.59091 -1631.4121 49123.48 -57565.1 5835.41 -63400.5 4705.5572
2.42 293.45464 -866.06712 48464.229 -57754.6 5735.03 -63489.6 4695.51
2.43 288.04647 -1322.5371 48868.854 -58076.2 5629.34 -63705.6 4747.8639
2.44 297.10452 -451.05685 48342.922 -57893.3 5806.36 -63699.7 4733.6901
2.45 293.82056 -693.56541 48503.834 -57756.1 5742.18 -63498.3 4749.7227
2.46 293.14597 -764.62576 48578.874 -57601.1 5729 -63330.1 4781.5277
2.47 302.47457 -1243.3248 48607.917 -57559.5 5911.31 -63470.8 4801.3034
2.48 294.5871 -1071.1437 48265.722 -58059.1 5757.17 -63816.3 4798.9959
2.49 305.41998 -1933.1135 49047.382 -57835.8 5968.87 -63804.6 4875.0649
2.5 305.94312 -917.92424 48456.236 -57519.9 5979.1 -63499 4862.5992
2.51 301.12569 -565.56296 48726.359 -57802.4 5884.95 -63687.3 4895.1958
2.52 294.05228 -852.02542 48705.552 -57820.4 5746.71 -63567.1 4916.9524
2.53 294.64834 -1333.0733 48573.985 -57967.9 5758.36 -63726.3 4918.7797
2.54 296.85645 -1363.7306 48710.494 -58060 5801.52 -63861.5 4945.0648
2.55 301.36448 -1627.1691 48764.973 -57545.9 5889.62 -63435.5 4979.8288
2.56 298.43099 -709.57886 48830.847 -57552.4 5832.29 -63384.7 5012.3297
2.57 304.31862 -1794.6067 48238.959 -57761.8 5947.35 -63709.1 5002.2096
2.58 296.94371 -898.03222 48255.289 -57883.7 5803.22 -63686.9 5052.1463
2.59 298.33696 -940.86897 48481.142 -57770.5 5830.45 -63601 5070.038
2.6 300.99167 -1137.633 48493.268 -57591.8 5882.33 -63474.2 5108.9122
2.61 297.44996 -1316.0826 48961.304 -58310.7 5813.11 -64123.8 5149.5565
2.62 288.66244 -1439.9192 48343.993 -57758 5641.38 -63399.3 5121.6028
2.63 299.238 -615.59796 48373.92 -58023.3 5848.06 -63871.3 5152.2964
2.64 294.44512 -1116.5286 48282.594 -57858.2 5754.39 -63612.6 5154.4111
2.65 303.92295 -629.42718 48658.917 -57905.3 5939.62 -63844.9 5209.4116
2.66 289.34739 -970.8142 48319.794 -57873.1 5654.76 -63527.9 5213.5336
2.67 298.10719 -812.60972 48760.047 -57681.1 5825.96 -63507 5261.2256
2.68 294.34774 -401.77265 48547.603 -57823 5752.49 -63575.5 5270.7449
2.69 295.5932 -1463.2591 48593.193 -58025.1 5776.83 -63801.9 5306.7767
2.7 293.96365 -1153.9298 48561.458 -57806.5 5744.98 -63551.4 5310.5545
2.71 288.67284 -1101.7532 48834.104 -57978.5 5641.58 -63620.1 5355.1881
2.72 295.74363 -522.59636 48605.605 -57602.9 5779.77 -63382.7 5369.7099
2.73 304.99552 -202.26999 48372.384 -57962.9 5960.58 -63923.5 5383.413
2.74 290.22024 -1156.7263 48073.756 -58132.6 5671.82 -63804.5 5385.5051
2.75 300.12716 -1164.4007 49064.55 -57861.5 5865.44 -63726.9 5496.1242
2.76 306.07338 -934.97377 48545.629 -57554.5 5981.64 -63536.1 5480.5419
2.77 303.48676 -1306.7002 48972.126 -57677.8 5931.09 -63608.9 5533.6933
2.78 307.66657 -1292.0196 48065.936 -57630.6 6012.78 -63643.4 5503.8349
2.79 291.38683 -1482.6856 48948.716 -57831.2 5694.62 -63525.9 5599.4101
2.8 303.46681 -1929.4639 48524.688 -57734 5930.7 -63664.7 5591.5123
2.81 304.97028 311.3397 48072.865 -57786.7 5960.09 -63746.8 5585.5603
2.82 305.16376 -558.87624 48968.474 -57443.6 5963.87 -63407.5 5666.7127
2.83 295.805 -1251.6299 48877.679 -57925 5780.97 -63706 5683.7996
2.84 299.91279 -1124.7595 48388.931 -57742.4 5861.25 -63603.7 5674.6877
2.85 298.78087 -1107.209 48769.143 -57772.8 5839.12 -63612 5731.1477
2.86 302.40755 -798.81397 48644.261 -57151.5 5910 -63061.5 5757.8442
2.87 298.7668 -1123.6829 48613.123 -57662.6 5838.85 -63501.4 5764.3283
2.88 301.74559 -1102.7197 48523.928 -57574.9 5897.06 -63472 5766.9969
2.89 299.12311 -773.80715 48062.591 -57666 5845.81 -63511.8 5738.3642
2.9 300.83869 -529.20706 48381.948 -57863.1 5879.34 -63742.4 5775.469
2.91 289.55179 -955.41327 48880.463 -57710.4 5658.76 -63369.1 5859.6119
2.92 295.0817 -906.04383 48812.778 -57828.2 5766.83 -63595 5872.8716
2.93 297.56342 -1605.7069 48718.342 -57669.3 5815.33 -63484.6 5888.0291
2.94 300.27162 -1076.0503 48979.46 -57877.7 5868.26 -63746 5944.8124
2.95 293.79505 -1416.4116 48837.457 -58158.9 5741.69 -63900.6 5949.9569
2.96 300.51426 -808.8694 48438.402 -57823.2 5873 -63696.2 5938.0484
2.97 300.72414 -620.58932 48094.666 -57840.5 5877.1 -63717.6 5922.8851
2.98 298.24682 -1055.7816 48312.312 -58064.2 5828.69 -63892.9 5958.0563
2.99 307.79025 -170.92516 48089.041 -57578.7 6015.2 -63593.9 5970.5897
3 299.2674 -1109.1785 48487.972 -57879.9 5848.63 -63728.5 6029.2518
3.01 307.98255 -674.47498 48416.404 -57544.7 6018.95 -63563.7 6042.9562
3.02 294.36465 -187.54098 48704.8 -57754.4 5752.82 -63507.3 6070.4801
3.03 294.27506 -910.41339 48439.467 -57819.3 5751.07 -63570.4 6079.512
3.04 290.68186 -1028.073 48397.971 -58133.9 5680.84 -63814.7 6107.8444
3.05 303.02941 -819.24555 48107.616 -57795.5 5922.15 -63717.7 6097.5779
3.06 296.37272 -542.7442 48623.214 -57570.3 5792.06 -63362.4 6180.2009
3.07 307.28082 -1146.5924 48443.052 -57502.6 6005.24 -63507.8 6202.7082
3.08 308.70507 -663.21488 48549.594 -57247.1 6033.08 -63280.2 6244.4663
3.09 292.28037 -1050.4363 48229.772 -57909.7 5712.08 -63621.8 6253.4355
3.1 315.12613 -1563.27 49133.459 -57363 6158.56 -63521.5 6345.8045
3.11 288.85834 -1230.6406 48913.088 -57811.1 5645.21 -63456.3 6358.1032
3.12 302.85473 -364.58388 48501.692 -57687 5918.74 -63605.8 6336.1988
3.13 306.83948 -928.96364 48661.678 -57559.3 5996.62 -63555.9 6376.8983
3.14 294.61771 -496.00096 48509.369 -57961.8 5757.76 -63719.6 6373.3489
3.15 290.36903 -1286.6926 48579.91 -57978.1 5674.73 -63652.9 6404.7562
3.16 302.47406 -1188.5604 48868.707 -57673.5 5911.3 -63584.8 6450.3398
3.17 302.77476 -797.83898 48524.509 -57925.2 5917.18 -63842.4 6441.4193
3.18 311.75767 -725.38786 48715.682 -57711.4 6092.73 -63804.1 6489.777
3.19 292.67761 -1108.6863 48928.624 -57842.5 5719.85 -63562.4 6526.9182
3.2 296.0194 -1583.6621 48650.412 -57819 5785.16 -63604.2 6521.0186
3.21 311.63189 -1651.9695 48553.174 -57510.5 6090.27 -63600.8 6542.8862
3.22 298.33336 -1044.0401 49236.689 -57637.1 5830.38 -63467.5 6595.2733
3.23 315.13505 -164.4793 48142.62 -57604.1 6158.74 -63762.9 6537.7947
3.24 304.04534 -552.46292 48308.158 -57474.9 5942.01 -63417 6581.8303
3.25 287.95222 -698.56072 48244.606 -57893.2 5627.5 -63520.7 6601.3374
3.26 294.50873 -1224.379 48766.548 -57646.5 5755.63 -63402.2 6668.8531
3.27 289.42945 -1317.3964 48552.224 -58062.9 5656.37 -63719.3 6663.6525
3.28 307.46247 -1100.08 48570.365 -57715.1 6008.79 -63723.9 6691.0497
3.29 307.03822 -1216.7818 48109.432 -57713.3 6000.5 -63713.8 6695.7795
3.3 299.62535 -1205.806 48796.241 -57660.8 5855.63 -63516.4 6775.0648
3.31 300.1139 -1219.3572 48092.289 -57599.8 5865.18 -63465 6730.2842
3.32 293.50453 -922.08307 48662.792 -58127.4 5736.01 -63863.4 6827.9291
3.33 310.24274 -826.11841 48698.679 -57399.3 6063.13 -63462.4 6831.8457
3.34 294.57814 -404.52559 48456.823 -57691.7 5756.99 -63448.7 6831.0948
3.35 290.98604 -918.08614 48805.989 -57909.8 5686.79 -63596.6 6881.1074
3.36 296.92187 -1670.1798 48950.849 -57640.8 5802.79 -63443.6 6919.6049
3.37 289.48052 -457.65842 48670.612 -58031 5657.37 -63688.3 6911.3441
3.38 298.07051 -883.35836 48729.189 -57602.1 5825.24 -63427.4 6966.428
3.39 297.69379 -1310.8817 48687.763 -57767.6 5817.88 -63585.5 6982.4171
3.4 302.32077 -760.51352 48454.481 -57687.9 5908.31 -63596.2 6980.3133
3.41 297.56438 -1386.3198 48634.781 -57625.8 5815.35 -63441.1 7018.8115
3.42 304.45028 -1499.4009 48780.495 -57635.8 5949.92 -63585.7 7063.2288
3.43 304.81992 -1286.6227 48861.208 -57288.6 5957.15 -63245.7 7091.6085
3.44 295.5977 -757.43306 48302.649 -57631.2 5776.92 -63408.1 7077.5995
3.45 292.96068 -902.99441 48256.099 -57883.9 5725.38 -63609.2 7092.022
3.46 300.11484 -1256.5111 48223.264 -57562.3 5865.19 -63427.5 7116.3987
3.47 293.96549 -1061.9725 48706.69 -57982.8 5745.02 -63727.8 7165.403
3.48 306.27535 -1241.6778 48723.766 -57279.6 5985.59 -63265.2 7190.5589
3.49 298.55171 -1103.0936 48573.693 -58041.7 5834.65 -63876.3 7226.7764
3.5 283.05236 -916.32195 48099.808 -58448.4 5531.74 -63980.1 7185.5801
3.51 296.7126 -763.03897 48471.524 -57673.9 5798.7 -63472.6 7255.3832
3.52 290.42097 -999.08513 48801.072 -57974.3 5675.75 -63650 7308.1858
3.53 303.12019 -1052.0563 48848.246 -57655.3 5923.93 -63579.2 7332.5863
3.54 291.74117 -746.22248 48428.065 -58054.2 5701.55 -63755.7 7313.603
3.55 297.13756 -1233.125 48390.072 -58044.6 5807.01 -63851.6 7349.6356
3.56 292.03441 -973.32273 48390.477 -57840.6 5707.28 -63547.9 7386.0657
3.57 292.68585 -792.82269 48246.083 -57768.3 5720.01 -63488.3 7411.5768
3.58 294.4414 -1098.0534 48787.452 -57794.7 5754.32 -63549 7486.461
3.59 306.85035 -1223.5746 48682.729 -57758.6 5996.83 -63755.5 7508.1495
3.6 292.4393 -1349.9562 48574.386 -58015.9 5715.19 -63731 7525.0189
3.61 312.08344 -1225.7635 48772.466 -57656.5 6099.1 -63755.6 7580.5447
3.62 289.20362 -1259.0949 48313.937 -58101.1 5651.96 -63753.1 7565.1006
3.63 296.70623 -1877.1339 48921.893 -57627.3 5798.58 -63425.9 7639.1223
3.64 296.55537 -389.44268 48372.731 -58022 5795.63 -63817.7 7605.851
3.65 295.01017 -677.41939 48708.174 -57777.6 5765.43 -63543 7674.5218
3.66 297.78511 -1717.7842 48736.572 -57623.3 5819.66 -63443 7693.1168
3.67 298.68171 -784.54667 48804.525 -57713.8 5837.19 -63551 7737.5089
3.68 290.49069 -1917.9098 48995.562 -57577.5 5677.11 -63254.6 7772.9142
3.69 303.60065 -1459.6366 48177.628 -57599.8 5933.32 -63533.1 7690.6132
3.7 308.79399 -990.22629 48702.744 -57329.6 6034.81 -63364.4 7750.0747
3.71 301.2928 -1376.9979 48984.806 -57699 5888.22 -63587.2 7817.507
3.72 297.51441 -905.79016 48132.58 -58234.2 5814.37 -64048.6 7753.6348
3.73 299.35789 -878.81412 48402.263 -57971.7 5850.4 -63822.1 7815.4886
3.74 308.09778 -1505.6949 48587.524 -57876.1 6021.21 -63897.3 7846.7688
3.75 306.4752 -1216.5339 48905.433 -57316.6 5989.5 -63306.1 7911.4267
3.76 306.24326 -612.57291 48751.448 -57741.3 5984.96 -63726.3 7934.6779
3.77 305.13384 -580.3539 48735.861 -57990.5 5963.28 -63953.8 7968.5975
3.78 302.33159 -665.06577 48721.844 -57843.7 5908.52 -63752.2 7984.6708
3.79 292.20662 -1517.3739 48194.43 -58069.9 5710.64 -63780.5 7949.7706
3.8 299.33113 -1342.0436 48731.686 -57685.9 5849.88 -63535.8 8060.2049
3.81 300.47549 -569.95332 48758.758 -57520.2 5872.24 -63392.5 8083.8443
3.82 311.02947 -636.00551 48195.983 -57553.3 6078.5 -63631.8 8056.3542
3.83 297.18783 -480.50261 48507.797 -57853.4 5807.99 -63661.4 8116.0376
3.84 308.91914 -319.33856 48361.512 -57361.6 6037.26 -63398.8 8116.8849
3.85 299.77256 -1020.5267 48794.515 -57899.7 5858.51 -63758.2 8206.9337
3.86 312.86373 -971.226 48542.703 -57582.7 6114.35 -63697 8167.1525
3.87 309.22163 -1470.9322 49009.545 -57724.4 6043.17 -63767.6 8253.8394
3.88 294.02006 -1069.6743 48541.793 -57763.2 5746.08 -63509.3 8229.9695
3.89 292.52079 -958.8137 48420.963 -57942.5 5716.78 -63659.2 8248.635
3.9 297.81511 -1303.9299 48572.328 -57592.6 5820.25 -63412.8 8278.4872
3.91 299.8954 -738.71948 48638.78 -57714.6 5860.91 -63575.5 8318.5252
3.92 312.71207 -1462.988 48768.318 -57046.5 6111.38 -63157.9 8343.5803
3.93 305.6482 -311.42825 48304.126 -57628 5973.33 -63601.3 8313.8777
3.94 296.81707 -247.60952 48571.347 -57847.1 5800.75 -63647.8 8391.0248
3.95 299.11103 -759.62358 47912 -57829.3 5845.58 -63674.9 8319.5835
3.96 309.73752 -1332.879 48853.587 -57142.1 6053.25 -63195.4 8444.6858
3.97 289.34966 -742.38756 48962.257 -57805.5 5654.81 -63460.3 8506.2895
3.98 294.07981 -1237.3113 48505.38 -57945.9 5747.25 -63693.2 8485.5389
3.99 301.21739 -1079.8997 48740.077 -57402 5886.74 -63288.7 8532.0887
4 304.66752 -863.96765 48581.623 -57846.3 5954.17 -63800.4 8545.1384
4.01 301.49639 -1563.385 48865.576 -57583.7 5892.19 -63475.9 8585.5539
4.02 291.68449 -1571.7123 49035.126 -57828 5700.44 -63528.5 8592.1835
4.03 296.7981 -1369.0922 48711.022 -57717.8 5800.38 -63518.2 8544.1782
4.04 301.21394 -1536.6453 48444.493 -57768.5 5886.67 -63655.2 8524.5135
4.05 300.94161 -766.13837 48396.523 -57899.5 5881.35 -63780.9 8550.3128
4.06 308.9991 -1052.9123 48497.817 -57848 6038.82 -63886.9 8598.6391
4.07 294.0138 -910.45458 48408.764 -58016.9 5745.96 -63762.9 8598.342
4.08 306.5715 -1026.7592 48945.264 -57730.4 5991.38 -63721.8 8694.4093
4.09 299.10506 -518.33406 48238.835 -57521 5845.46 -63366.4 8650.28
4.1 295.74321 -1147.8496 48928.482 -57960.1 5779.76 -63739.9 8750.9432
4.11 292.66432 -701.13184 48540.661 -57714.8 5719.59 -63434.4 8726.006
4.12 301.7008 -321.98833 48194.879 -57972.1 5896.19 -63868.3 8708.6825
4.13 301.30378 -569.07642 48426.669 -57673.1 5888.43 -63561.5 8736.3242
4.14 291.38158 -1635.8601 48875.491 -58110.1 5694.52 -63804.6 8810.2605
4.15 295.4138 -483.22117 48436.624 -57688.3 5773.32 -63461.6 8766.274
4.16 315.68859 -1164.4671 47790.939 -57186 6169.56 -63355.5 8690.9279
4.17 294.58913 -1387.505 49357.773 -57656.1 5757.2 -63413.3 8911.4334
4.18 304.32447 -1502.1407 48612.695 -57546.9 5947.46 -63494.4 8854.0147
4.19 296.36316 -1123.906 48872.035 -57891.9 5791.88 -63683.8 8902.6372
4.2 289.5046 -1221.965 48441.102 -57914.3 5657.84 -63572.2 8869.0928
4.21 305.74307 -1327.4297 48248.642 -57865.3 5975.19 -63840.5 8856.6378
4.22 302.03898 -897.83972 49204.091 -57531.8 5902.8 -63434.6 8981.9068
4.23 301.69228 -670.105 47929.109 -57759.8 5896.02 -63655.8 8828.6275
4.24 293.9471 -1024.9096 48790.934 -57830 5744.66 -63574.6 8954.6821
4.25 288.62718 27.110177 48668.573 -58008.8 5640.69 -63649.5 8946.8569
4.26 290.80553 -28.820592 48584.426 -58036.3 5683.26 -63719.5 8959.9152
4.27 297.62065 -1306.0703 48696.907 -57601.2 5816.45 -63417.7 8984.9783
4.28 296.178 -490.36423 48390.045 -57779.7 5788.26 -63567.9 8956.1867
4.29 274.62885 -2130.3632 48715.586 -58580.3 5367.12 -63947.4 9021.1812
4.3 291.91476 -439.82396 48346.268 -57928.4 5704.94 -63633.4 9017.7947
4.31 305.48765 -962.2551 48310.462 -57484.3 5970.2 -63454.5 9036.4802
4.32 299.19525 -1134.7186 49156.75 -57702.3 5847.22 -63549.6 9156.4391
4.33 310.15852 -431.80319 48570.154 -57544.4 6061.48 -63605.9 9094.5612
4.34 302.13389 -321.13217 48450.433 -57838.1 5904.65 -63742.8 9117.104
4.35 304.99499 -632.05094 48633.097 -57511.6 5960.57 -63472.2 9184.115
4.36 302.26582 -892.6463 48117.232 -57840 5907.23 -63747.3 9132.1401
4.37 291.57092 -966.37828 48920.962 -58221.2 5698.22 -63919.4 9243.2271
4.38 298.18204 -179.88537 48814.77 -57489.9 5827.42 -63317.4 9268.2439
4.39 296.92608 -1130.0183 48840.966 -57900 5802.88 -63702.9 9310.2634
4.4 305.0108 -1327.7986 48599.946 -57697.8 5960.88 -63658.6 9314.9207
4.41 308.10754 -744.03304 47938.981 -57817.4 6021.4 -63838.8 9281.6527
4.42 305.44126 -924.07957 48599.496 -57758.6 5969.29 -63727.9 9388.0408
4.43 294.15318 -1242.3507 48652.968 -57864.4 5748.69 -63613.1 9413.4205
4.44 292.10506 -662.47125 48652.766 -57573.9 5708.66 -63282.6 9428.7705
4.45 296.33398 -575.13602 48546.873 -58113.5 5791.3 -63904.8 9459.8383
4.46 290.61678 -1247.8166 48439.851 -57970.9 5679.57 -63650.5 9473.3463
4.47 303.24242 -1884.2098 48504.672 -57653.8 5926.32 -63580.1 9502.8533
4.48 298.60736 -1589.3223 48765.417 -57542.6 5835.73 -63378.3 9580.3457
4.49 292.94311 -1202.2167 48697.009 -57769.2 5725.04 -63494.2 9633.3769
4.5 297.21302 -939.72582 48515.786 -57702.4 5808.48 -63510.9 9661.4546
4.51 310.34784 -70.329217 48309.704 -57790.8 6065.18 -63856 9643.1272
4.52 295.33531 -983.92973 48190.495 -57757.7 5771.79 -63529.4 9641.0168
4.53 301.94394 -686.379 48779.33 -57625.4 5900.94 -63526.3 9713.2922
4.54 300.92674 -1376.465 48788.759 -57477.7 5881.06 -63358.7 9744.0458
4.55 288.49478 -1601.4349 49305.485 -57934.9 5638.1 -63573 9835.1918
4.56 302.9688 -990.10361 48901.913 -57944.7 5920.97 -63865.6 9794.5059
4.57 301.37004 -862.22026 48793.035 -57510.3 5889.73 -63400.1 9802.4827
4.58 308.7225 -1202.3496 48310.972 -57401.1 6033.42 -63434.5 9772.305
4.59 305.53682 -1565.1806 48793.419 -57509.6 5971.16 -63480.8 9830.5346
4.6 291.49051 -1161.2278 48763.76 -57885 5696.65 -63581.6 9849.2683
4.61 304.47203 -1071.6224 48340.183 -57786.9 5950.35 -63737.3 9813.5273
4.62 309.5213 -1151.6137 49080.538 -57643.4 6049.03 -63692.4 9930.4758
4.63 301.74225 -1160.554 48499.822 -57981.9 5897 -63878.9 9866.324
4.64 298.22505 -1706.1485 48862.584 -57412.8 5828.26 -63241 9943.3195
4.65 297.49389 -930.33232 48415.862 -58172 5813.97 -63986 9921.6336
4.66 308.14756 -849.27329 48819.688 -57663.4 6022.18 -63685.6 10003.427
4.67 301.28334 -1124.1031 48345.51 -57706.3 5888.03 -63594.3 9933.2042
4.68 295.06508 -458.01352 48202.547 -58103.8 5766.51 -63870.3 9920.8734
4.69 302.49677 -1073.2921 48090.937 -57668.1 5911.75 -63579.8 9910.6322
4.7 300.46336 -1051.1956 48295.323 -57375.5 5872.01 -63247.5 9953.898
4.71 306.15049 -835.07713 48329.112 -57638.3 5983.15 -63621.4 9990.4391
4.72 294.83362 -1527.2372 48691.866 -57808.6 5761.98 -63570.6 10062.887
4.73 298.46243 -933.76776 49174.951 -57395.4 5832.9 -63228.3 10158.763
4.74 303.44801 -973.93991 48804.295 -57407.2 5930.34 -63337.5 10154.486
4.75 294.04858 -1253.5192 49023.14 -57936.6 5746.64 -63683.2 10202.264
4.76 300.54901 -1655.52 49070.942 -57650.4 5873.68 -63524.1 10229.721
4.77 302.3849 -1902.1058 48728.311 -58103.8 5909.56 -64013.4 10188.53
4.78 309.92798 -888.47782 48545.585 -57599.9 6056.97 -63656.9 10194.836
4.79 297.34984 -371.39145 48247.922 -58056.6 5811.16 -63867.8 10188.813
4.8 292.78741 -2080.2313 48809.944 -57861.8 5721.99 -63583.7 10299.703
4.81 302.9265 -1145.5149 48600.243 -57448.9 5920.14 -63369.1 10310.773
4.82 303.66301 -687.85844 48198.72 -58014.2 5934.54 -63948.7 10286.046
4.83 296.00823 -245.53423 48673.409 -57830.1 5784.94 -63615.1 10381.21
4.84 294.56688 -1236.5565 48895.2 -58089.4 5756.77 -63846.1 10442.748
4.85 299.08064 -659.70353 48142.766 -57489.3 5844.98 -63334.3 10346.619
4.86 311.62652 -799.01494 49129.723 -57207 6090.17 -63297.2 10532.23
4.87 299.0745 -989.76976 48463.636 -57753.4 5844.86 -63598.3 10444.82
4.88 304.18532 -781.16489 48503.871 -57510.4 5944.74 -63455.2 10467.783
4.89 311.45877 -535.35106 48285.137 -57721.3 6086.89 -63808.2 10466.658
4.9 291.03624 -108.18447 48206.641 -57881 5687.77 -63568.8 10501.085
4.91 305.92575 -788.67013 48240.157 -57695.9 5978.76 -63674.6 10564.701
4.92 304.72771 -645.73061 48166.37 -58078 5955.34 -64033.3 10592.937
4.93 302.41011 -967.20619 49185.676 -57689.6 5910.05 -63599.6 10743.367
4.94 305.44022 -631.45044 48537.992 -57610.8 5969.27 -63580.1 10659.17
4.95 305.8548 -680.44916 48477.965 -57866.4 5977.37 -63843.8 10660.527
4.96 301.04897 -1329.5166 48497.337 -57608.2 5883.45 -63491.7 10698.898
4.97 290.98785 -715.71687 48200.436 -57951.2 5686.82 -63638.1 10690.531
4.98 298.326 -1332.6319 48714.334 -57785.3 5830.24 -63615.5 10767.896
4.99 296.24622 -462.95744 48589.309 -57832.6 5789.59 -63622.2 10775.6
5 299.70511 -989.78443 48181.425 -57971.7 5857.19 -63828.9 10741.121
5.01 309.26483 -413.74535 48720.796 -57549.5 6044.01 -63593.5 10851.577
5.02 306.14082 -643.52396 48265.762 -57701.2 5982.96 -63684.2 10804.038
5.03 303.7027 -142.24504 47839.521 -57910.7 5935.31 -63846 10754.463
5.04 297.58277 -653.62556 48403.444 -57842.5 5815.71 -63658.2 10865.113
5.05 306.66412 -1085.1256 48816.333 -57707.2 5993.19 -63700.4 10939.167
5.06 303.09543 -890.59395 49018.153 -57506.8 5923.44 -63430.2 10979.038
5.07 300.96055 -1157.7442 48198.38 -57868 5881.72 -63749.8 10845.911
5.08 292.48632 -1266.1127 48176.562 -58021.1 5716.11 -63737.2 10871.184
5.09 295.82775 -1311.6887 48926.893 -57695.1 5781.41 -63476.5 11001.515
5.1 301.63476 -1334.6746 48577.822 -57573.8 5894.9 -63468.7 10977.071
5.11 305.41124 -735.93216 48353.756 -57894.2 5968.7 -63862.9 10962.842
5.12 300.23615 -379.39086 48715.488 -57608 5867.57 -63475.6 11021.125
5.13 294.04352 -1948.6485 48829.241 -57768.7 5746.54 -63515.2 11053.09
5.14 303.38638 -264.41017 48214.38 -57994.7 5929.13 -63923.8 10997.701
5.15 295.55004 -1262.5152 48480.965 -57626.2 5775.98 -63402.2 11057.023
5.16 296.62589 -593.20683 49385.123 -57880.5 5797.01 -63677.5 11214.349
5.17 301.82282 -1203.1874 48636.079 -57645.7 5898.57 -63544.3 11147.267
5.18 294.9757 -1505.1972 48568.67 -57940.5 5764.76 -63705.2 11146.329
5.19 291.85654 -605.04998 48444.298 -58060.1 5703.8 -63763.9 11160.258
5.2 304.66021 -1198.3252 48813.197 -57697.9 5954.03 -63651.9 11271.755
5.21 293.53635 -897.75913 49022.339 -58177.4 5736.63 -63914 11336.573
5.22 306.20451 -1586.097 48805.17 -57665.5 5984.21 -63649.7 11350.094
5.23 307.81115 -1368.1859 48248.618 -57251.4 6015.6 -63267 11298.652
5.24 292.17115 -1490.2901 48535.013 -57932.8 5709.95 -63642.8 11369.263
5.25 295.85265 -703.242 48427.434 -58050.2 5781.9 -63832.1 11382.65
5.26 299.71457 -1086.8407 48346.581 -57494.8 5857.37 -63352.2 11436.901
5.27 306.22879 -455.15487 48310.181 -57772 5984.68 -63756.7 11475.177
5.28 303.16963 -1096.4978 48827.381 -57518.3 5924.9 -63443.2 11579.737
5.29 296.37235 -924.27038 48725.35 -57796 5792.05 -63588.1 11578.278
5.3 305.34361 -1198.6226 48791.475 -57581.6 5967.38 -63549 11591.978
5.31 298.96689 -1217.1476 48740.41 -57638.5 5842.76 -63481.3 11637.057
5.32 292.70059 -1079.7888 48751.285 -57606.9 5720.3 -63327.2 11682.066
5.33 302.5077 -487.8619 48267.436 -57621.2 5911.96 -63533.2 11622.298
5.34 300.77985 -1570.9742 48597.066 -57871.4 5878.19 -63749.6 11696.342
5.35 297.25286 -449.8306 48495.938 -57907.4 5809.26 -63716.7 11692.057
5.36 299.58435 -635.24353 48541.422 -57656.8 5854.83 -63511.7 11747.535
5.37 307.87083 -1412.9937 48714.696 -57469.8 6016.77 -63486.6 11812.137
5.38 307.93777 -1034.0529 48260.539 -57779.4 6018.08 -63797.5 11773.578
5.39 304.34669 -1286.1083 48293.557 -57556.2 5947.9 -63504.1 11807.164
5.4 303.88576 -932.79929 48598.429 -57729.7 5938.89 -63668.6 11870.956
5.41 311.3438 -950.87077 48547.713 -57342.3 6084.64 -63426.9 11856.799
5.42 307.17291 -1336.2668 48465.418 -57582 6003.13 -63585.2 11882.532
5.43 308.25604 -1307.3248 48988.642 -57319.6 6024.3 -63343.9 11989.738
5.44 300.35182 -1283.5612 48241.842 -57724.9 5869.83 -63594.7 11943.032
5.45 307.20838 -1378.9726 49075.876 -57603.1 6003.82 -63606.9 12101.653
5.46 292.18923 -677.58096 48496.861 -57951.1 5710.3 -63661.4 12026.281
5.47 297.38348 -1155.9022 48340.695 -57626.6 5811.82 -63438.4 12017.46
5.48 296.14232 -460.1365 48533.125 -58087.1 5787.56 -63874.7 12078.348
5.49 305.44206 -626.54496 48762.385 -57559.2 5969.31 -63528.5 12148.914
5.5 289.43072 -495.62899 48206.868 -58381.3 5656.39 -64037.7 12094.772
5.51 296.9688 -1624.6571 48432.773 -57565.1 5803.71 -63368.8 12189.945
5.52 303.12735 -1230.1746 48953.247 -57849.8 5924.07 -63773.9 12284.238
5.53 295.92338 -993.79609 48359.407 -57582.9 5783.28 -63366.2 12232.345
5.54 295.38758 -886.57348 48529.666 -58014.2 5772.81 -63787 12296.431
5.55 306.59462 -308.9682 48517.916 -57544.1 5991.83 -63535.9 12307.092
5.56 303.19564 -807.32534 48606.653 -57782.1 5925.4 -63707.5 12352.305
5.57 292.85671 -943.13417 48511.55 -58177.8 5723.35 -63901.2 12382.196
5.58 298.14139 -950.999 48843.828 -57687.5 5826.63 -63514.1 12432.226
5.59 308.89744 -948.74314 48640.772 -57707.2 6036.83 -63744 12418.124
5.6 291.88598 -589.16401 48625.783 -57622.1 5704.38 -63326.5 12422.348
5.61 304.0351 -1173.9514 48428.029 -57878.2 5941.81 -63820 12427.193
5.62 303.43839 -1282.0045 48739.21 -57670.4 5930.15 -63600.6 12511.868
5.63 300.96976 -345.91264 48663.868 -57664.8 5881.9 -63546.7 12547.557
5.64 298.49983 -426.23598 48709.16 -57511.8 5833.63 -63345.4 12596.245
5.65 295.83533 -990.40928 48446.824 -57931.4 5781.56 -63713 12557.324
5.66 305.71081 -1019.1185 48563.334 -57550.1 5974.56 -63524.7 12598.407
5.67 291.19815 -1311.3294 48613.556 -58088.6 5690.93 -63779.5 12628.817
5.68 304.16708 -583.69641 48604.703 -57678.4 5944.39 -63622.7 12669.022
5.69 295.78847 -1211.3786 48796.74 -57522 5780.64 -63302.6 12723.939
5.7 300.64896 -575.93547 48568.532 -58101.5 5875.63 -63977.1 12716.974
5.71 292.54796 -1456.7638 48346.56 -58119.8 5717.31 -63837.1 12708.043
5.72 299.10573 -1643.2002 48518.601 -57709.1 5845.47 -63554.5 12763.332
5.73 306.73534 -556.85186 48918.646 -57717 5994.58 -63711.6 12857.856
5.74 286.69516 -196.35851 48191.108 -58291.5 5602.93 -63894.4 12755.964
5.75 307.99471 -482.6917 48562.442 -57500.1 6019.19 -63519.3 12859.517
5.76 295.60922 -1341.3513 48619.895 -57771.9 5777.14 -63549.1 12907.841
5.77 304.0209 -1273.1446 48749.031 -57462.6 5941.53 -63404.1 12958.417
5.78 301.48253 -1165.9625 48687.475 -57826.7 5891.92 -63718.6 12996.736
5.79 305.89897 -527.65913 48871.812 -57704.1 5978.24 -63682.3 13053.217
5.8 295.99374 -1270.4802 48927.366 -57815 5784.66 -63599.7 13131.709
5.81 293.12605 -966.41031 48649.417 -58061.5 5728.61 -63790.1 13111.376
5.82 288.68879 -888.59046 48472.886 -57764 5641.89 -63405.9 13099.56
5.83 304.51204 -1026.9242 48730.025 -57293.2 5951.13 -63244.3 13158.876
5.84 303.39114 -906.39349 48910.84 -57818.1 5929.22 -63747.3 13188.858
5.85 304.50966 -1269.2537 48647.535 -57644.4 5951.08 -63595.5 13167.371
5.86 296.47794 -1227.16 48561.092 -57667.1 5794.12 -63461.3 13196.87
5.87 299.35037 -1345.43 48160.204 -57888 5850.25 -63738.3 13148.457
5.88 294.76759 -1465.096 48754.404 -58030.3 5760.69 -63791 13265.922
5.89 299.88787 -1256.7915 49131.39 -57356 5860.76 -63216.8 13349.705
5.9 291.24909 -601.37919 48385.659 -58000.9 5691.93 -63692.8 13256.892
5.91 290.68539 -777.26204 48365.644 -57862.6 5680.91 -63543.5 13300.636
5.92 289.73365 -1189.1928 48170.002 -58001 5662.31 -63663.3 13253.952
5.93 297.91869 -568.67261 48075.748 -57633.6 5822.27 -63455.9 13258.966
5.94 309.96936 -884.99421 48521.884 -57158.3 6057.78 -63216.1 13374.999
5.95 308.08377 -540.88567 48012.271 -57610.8 6020.93 -63631.7 13316.108
5.96 294.7157 -1806.3653 48648.703 -57696.5 5759.68 -63456.2 13459.018
5.97 285.97704 -1058.9323 48700.357 -58257.6 5588.9 -63846.5 13478.249
5.98 303.83133 -1157.8027 48819.403 -57779.3 5937.83 -63717.1 13499.693
5.99 289.25996 -1164.3741 48471.788 -57856.8 5653.06 -63509.9 13478.718
6 293.3312 -1228.6796 48732.017 -57770.7 5732.62 -63503.4 13564.863
6.01 310.32994 -567.67674 48061.495 -57556.9 6064.83 -63621.7 13462.036
6.02 296.77387 -1429.7957 48978.387 -57860.9 5799.9 -63660.8 13636.157
6.03 303.36076 -852.25026 48651.857 -57718.2 5928.63 -63646.8 13586.746
6.04 314.23042 -1165.3409 48676.618 -57108.1 6141.06 -63249.2 13625.597
6.05 297.18783 -1080.1493 48418.726 -57986.2 5807.99 -63794.2 13601.724
6.06 295.29382 -338.18465 47776.896 -58009.6 5770.98 -63780.6 13508.305
6.07 310.97076 -1244.3148 48393.617 -57571.3 6077.35 -63648.6 13664.589
6.08 300.20857 -879.76572 48659.526 -57440 5867.03 -63307 13741.957
6.09 305.05227 -839.82979 48568.862 -57714.5 5961.69 -63676.1 13758.233
6.1 294.87765 -1493.7386 48628.65 -58119.4 5762.84 -63882.2 13799.091
6.11 296.76856 -675.62751 48563.199 -57663.3 5799.8 -63463.1 13812.391
6.12 293.86458 -1156.0572 48321.817 -57810.8 5743.05 -63553.9 13790.223
6.13 296.6125 -442.76697 48610.073 -57550.9 5796.75 -63347.7 13871.881
6.14 298.65514 -1686.6916 48303.449 -58015.4 5836.67 -63852.1 13834.041
6.15 307.44041 -523.71405 48812.42 -57722.6 6008.36 -63731 13946.155
6.16 296.3367 -336.14205 48834.12 -57905.5 5791.36 -63696.9 13987.237
6.17 299.0733 -1020.7886 48295.933 -57673.9 5844.84 -63518.8 13917.531
6.18 297.79413 -805.34976 48415.19 -57824.6 5819.84 -63644.5 13946.995
6.19 284.53057 -1100.7049 48499.72 -57819.4 5560.63 -63380.1 13976.432
6.2 302.73244 -1288.3995 48618.739 -57569 5916.35 -63485.4 14015.912
6.21 296.75019 -1444.8003 48479.349 -57662.9 5799.44 -63462.3 13999.356
6.22 292.40336 -905.88632 48409.247 -58070.8 5714.49 -63785.3 13980.911
6.23 293.54029 -695.08728 48713.135 -57746.5 5736.71 -63483.2 14109.145
6.24 295.93356 -1462.3817 48869.514 -57732.4 5783.48 -63515.9 14111.391
6.25 300.62092 -1177.0249 48762.952 -57550.3 5875.09 -63425.4 14120.572
6.26 293.35394 -1529.4301 48580.784 -57925.8 5733.07 -63658.9 14112.97
6.27 301.3472 -917.3929 48832.911 -57669 5889.28 -63558.2 14183.87
6.28 299.59088 -935.29974 48455.065 -57624 5854.96 -63479 14108.34
6.29 296.03793 -1051.5991 48412.505 -57847.9 5785.52 -63633.5 14149.081
6.3 295.87977 -1263.4897 48694.474 -57991.4 5782.43 -63773.8 14232.266
6.31 307.07364 -1700.0298 49138.892 -57546.3 6001.19 -63547.5 14364.691
6.32 294.30905 -1016.3199 48491.307 -57951.2 5751.73 -63702.9 14208.103
6.33 288.40364 -703.54711 49298.233 -57855.2 5636.32 -63491.5 14397.839
6.34 303.11852 -1049.6926 48572.317 -57747.4 5923.9 -63671.3 14277.415
6.35 294.51816 -1585.2573 48437.768 -58010.7 5755.82 -63766.5 14244.521
6.36 296.34495 -928.96691 48670.297 -57616.5 5791.52 -63408 14327.097
6.37 304.74541 -485.27955 48385.446 -57798.3 5955.69 -63753.9 14283.663
6.38 302.38928 -688.29492 48416.162 -57458.5 5909.64 -63368.2 14311.95
6.39 301.76914 -1009.7019 48750.816 -57792.8 5897.52 -63690.4 14416.64
6.4 301.14873 -1079.7332 48545.399 -57844.9 5885.4 -63730.3 14378.305
6.41 306.99668 -1144.7998 48076.984 -57627.8 5999.69 -63627.5 14313.366
6.42 305.35048 -1132.259 48100.971 -57536.3 5967.52 -63503.8 14356.212
6.43 305.64942 -1508.2411 48354.63 -57711.6 5973.36 -63685 14441.617
6.44 294.91992 -867.73915 49054.117 -58021 5763.67 -63784.7 14611.638
6.45 302.48837 -595.28808 48431.03 -57583.7 5911.58 -63495.3 14526.858
6.46 300.8639 -1189.4724 48498.344 -57840.4 5879.83 -63720.2 14552.484
6.47 304.39814 -1734.9922 48467.157 -57295.8 5948.9 -63244.7 14557.32
6.48 301.00955 -565.68793 48160.08 -57751.2 5882.68 -63633.9 14548.503
6.49 309.89518 -988.08182 48764.575 -57301.8 6056.33 -63358.2 14687.141
6.5 296.8073 -595.97275 48873.799 -57716.9 5800.55 -63517.4 14747.09
6.51 292.71427 -340.12307 48464.907 -57898.1 5720.56 -63618.7 14683.239
6.52 288.61282 -952.7777 47986.606 -58045.5 5640.41 -63685.9 14617.745
6.53 292.27443 -1111.9933 48347.638 -57734.3 5711.97 -63446.3 14714.371
6.54 294.23107 -857.17061 48504.944 -57784.2 5750.21 -63534.4 14769.94
6.55 304.04103 -1461.4024 48806.66 -57755 5941.93 -63696.9 14824.81
6.56 302.86883 -1037.1534 48780.145 -57631.5 5919.02 -63550.5 14864.195
6.57 295.15317 -1706.9126 48723.869 -57810.9 5768.23 -63579.1 14848.966
6.58 298.08611 -1126.7069 48463.93 -57711 5825.55 -63536.6 14808.043
6.59 298.77214 -861.50856 48408.554 -57906.6 5838.95 -63745.6 14857.568
6.6 312.33393 -1036.9188 48316.721 -57356.1 6103.99 -63460.1 14861.278
6.61 299.33253 -1379.0544 48295.282 -57686.5 5849.91 -63536.4 14875.67
6.62 300.89551 -748.74122 49058.33 -57837.6 5880.45 -63718 15049.867
6.63 311.81887 -860.50067 48872.474 -57609.4 6093.93 -63703.3 15040.142
6.64 294.67499 -967.32552 48166.841 -57780.5 5758.88 -63539.4 14908.037
6.65 285.70415 -1777.2653 48675.698 -57920.2 5583.56 -63503.7 15049.9
6.66 297.2854 -1342.6975 48035.935 -57782.2 5809.9 -63592.1 14938.666
6.67 284.8537 -1193.5412 48816.53 -58090.5 5566.94 -63657.4 15142.067
6.68 301.14116 -1288.3515 48631.564 -57688.1 5885.25 -63573.4 15129.166
6.69 300.39513 -1726.8876 48315.358 -57741.2 5870.67 -63611.8 15111.759
6.7 292.75511 -649.6913 48354.028 -58161.2 5721.36 -63882.6 15168.531
6.71 307.56832 -1304.0493 48541.977 -57703.8 6010.86 -63714.7 15228.761
6.72 306.42831 -1165.7477 48653.394 -57757 5988.58 -63745.6 15267.374
6.73 302.74537 -882.95016 48514.243 -57632.2 5916.6 -63548.9 15237.592
6.74 287.29402 -534.86861 48505.321 -58002.9 5614.64 -63617.6 15253.934
6.75 292.57395 -1051.43 48263.556 -58000 5717.82 -63717.8 15228.174
6.76 292.48868 -1365.3193 48329.126 -58041.4 5716.16 -63757.6 15232.838
6.77 297.73111 -228.69514 48256.228 -57922.9 5818.61 -63741.5 15233.055
6.78 299.93976 -847.92147 48787.56 -58048.4 5861.77 -63910.1 15352.207
6.79 295.42902 -1476.3762 48848.667 -57662.3 5773.62 -63435.9 15395.321
6.8 292.39355 -1441.5694 48598.802 -57963 5714.3 -63677.3 15409.985
6.81 299.86725 -1119.8969 48820.426 -57656 5860.36 -63516.4 15508.156
6.82 298.19732 -1444.6262 48812.874 -57743.1 5827.72 -63570.8 15535.326
6.83 289.45646 -1562.7655 48596.225 -58267.6 5656.9 -63924.5 15532.156
6.84 300.65952 -884.6076 48234.661 -57843.1 5875.84 -63718.9 15467.396
6.85 304.77452 -730.96604 48811.659 -57432.6 5956.26 -63388.8 15595.916
6.86 293.07887 -449.61017 48340.737 -57868 5727.69 -63595.7 15513.779
6.87 290.09748 -951.48913 48374.984 -57718.7 5669.42 -63388.2 15584.367
6.88 295.91482 -1009.3422 48542.117 -57938.2 5783.11 -63721.3 15612.507
6.89 296.17011 -839.69544 48321.427 -57684.6 5788.1 -63472.7 15571.31
6.9 306.86301 -981.21279 48519.013 -57803.3 5997.08 -63800.4 15650.09
6.91 298.92132 -1846.5227 48966.443 -57823.1 5841.87 -63664.9 15769.58
6.92 310.29116 -1013.0981 48509.213 -57474 6064.07 -63538.1 15718.048
6.93 290.16481 -777.36085 48748.888 -58161.7 5670.74 -63832.4 15806.315
6.94 304.66718 -1162.4918 48668.159 -57496.2 5954.16 -63450.4 15846.193
6.95 285.88653 -316.24312 48247.535 -57821.6 5587.13 -63408.7 15774.089
6.96 298.43922 -914.339 48385.463 -57575.1 5832.45 -63407.5 15818.034
6.97 301.47336 -645.15546 48375.53 -57844.1 5891.74 -63735.8 15822.655
6.98 303.20385 -1218.8264 48688.971 -57847 5925.56 -63772.6 15890.646
6.99 301.96949 -1472.3733 48904.79 -57607.9 5901.44 -63509.3 15946.7
7 299.1609 -1026.5665 48710.932 -57757.6 5846.55 -63604.2 15947.075
7.01 292.26263 -936.837 48381.246 -57758.2 5711.74 -63469.9 15922.366
7.02 296.28832 -1631.0534 48674.861 -57634.8 5790.41 -63425.2 16008.763
7.03 298.91573 -1032.2913 48548.412 -57718.4 5841.76 -63560.2 16038.651
7.04 310.73742 -188.28885 48467.94 -57348.9 6072.79 -63421.7 16029.719
7.05 299.29166 -1019.0552 48444.913 -57606 5849.11 -63455.1 16083.182
7.06 295.41018 -1727.129 48517.799 -58368.8 5773.25 -64142 16155.603
7.07 290.13109 -863.39065 49015.319 -57937.4 5670.08 -63607.5 16254.511
7.08 303.12215 -567.08166 48084.37 -57754.1 5923.97 -63678.1 16089.732
7.09 293.3991 -946.25985 49008.508 -57673.5 5733.95 -63407.5 16298.131
7.1 300.04698 -1489.4606 48324.039 -57776.1 5863.87 -63639.9 16176.171
7.11 301.10843 -794.01092 48401.551 -57677.6 5884.61 -63562.2 16218.547
7.12 289.86975 -622.20501 48633.754 -57873.1 5664.97 -63538.1 16284.64
7.13 318.1139 -1345.5605 48757.388 -57664.1 6216.95 -63881.1 16328.653
7.14 306.66446 -774.83697 48809.355 -57575.1 5993.2 -63568.3 16373.541
7.15 296.51464 -1390.8221 49070.477 -57669.9 5794.84 -63464.7 16458.001
7.16 288.97459 -330.20069 48278.224 -58162.2 5647.48 -63809.7 16310.843
7.17 297.71872 -1275.9319 48876.52 -57583.3 5818.37 -63401.6 16480.385
7.18 309.38455 -1316.9932 48745.144 -57649.1 6046.35 -63695.4 16482.099
7.19 295.97078 -842.06267 48705.18 -57837.5 5784.21 -63621.7 16493.287
7.2 299.50498 -1157.6806 48838.659 -57807.3 5853.28 -63660.6 16530.83
7.21 296.16123 -360.21791 48268.487 -57952 5787.93 -63739.9 16401.393
7.22 296.80415 -1683.4056 48736.937 -57783.3 5800.49 -63583.8 16536.902
7.23 313.64039 -1768.697 48437.07 -57242.8 6129.53 -63372.3 16520.067
7.24 301.53515 -1265.0829 48431.709 -57764.4 5892.95 -63657.3 16570.332
7.25 295.41363 -1516.511 48754.62 -58042.4 5773.32 -63815.7 16643.134
7.26 298.49485 -833.12004 48622.474 -57887.2 5833.54 -63720.8 16649.211
7.27 297.42559 -1089.6753 47962.601 -57965.5 5812.64 -63778.1 16516.028
7.28 299.14596 -1077.9437 48714.675 -57872.8 5846.26 -63719.1 16704.636
7.29 300.21509 -1264.796 48201.983 -57564.4 5867.15 -63431.5 16625.356
7.3 289.99483 -870.41488 48269.539 -57987.1 5667.42 -63654.5 16665.944
7.31 299.09939 -1519.814 48745.315 -57489 5845.35 -63334.3 16759.961
7.32 303.22593 -726.86898 48367.156 -57996 5926 -63922 16699.447
7.33 300.89729 -1040.1761 48368.812 -57785.3 5880.49 -63665.8 16695.171
7.34 292.13001 89.587071 48100.586 -58085.1 5709.15 -63794.3 16666.204
7.35 292.13422 -1177.2384 48301.29 -57973 5709.23 -63682.2 16722.494
7.36 290.33857 -1126.8478 48970.036 -57863.3 5674.14 -63537.4 16907.288
7.37 298.6851 -1730.2579 49399.557 -57587.8 5837.25 -63425 17000.257
7.38 305.01088 -1139.7841 48496.545 -57566.5 5960.88 -63527.4 16821.888
7.39 290.96023 -1460.5226 48620.379 -57972.2 5686.28 -63658.5 16861.438
7.4 293.70478 -1252.3384 48294.049 -57773.5 5739.92 -63513.4 16791.521
7.41 293.71665 -1144.7789 48370.615 -57598.1 5740.15 -63338.3 16844.158
7.42 314.85605 -1141.0607 48377.517 -57570.4 6153.28 -63723.7 16879.392
7.43 293.60505 -266.93152 48510.616 -57912.1 5737.97 -63650.1 16912.799
7.44 304.33191 -1016.8073 48882.186 -57548.8 5947.61 -63496.5 16990.969
7.45 303.81881 -480.08341 48327.542 -57729.3 5937.58 -63666.9 16862.522
7.46 304.29796 -997.41745 48049.245 -57785 5946.95 -63732 16862.355
7.47 302.4181 -1523.8984 48381.224 -58056.7 5910.21 -63966.9 16975.872
7.48 297.11318 -1030.943 48442.924 -57688.4 5806.53 -63494.9 17004.546
7.49 289.12768 -674.08385 48543.899 -57808.4 5650.47 -63458.9 17055.194
7.5 293.93191 -707.16204 48159.673 -57923.7 5744.36 -63668.1 17004.795
7.51 304.43645 -1034.4147 48837.927 -57880.9 5949.65 -63830.6 17156.463
7.52 302.20366 -550.63841 48623.61 -57884.6 5906.02 -63790.6 17147.703
7.53 309.14583 -630.26371 48348.264 -57457.8 6041.69 -63499.5 17120.348
7.54 304.74136 -907.60843 48831.557 -57438.6 5955.61 -63394.2 17279.403
7.55 297.82981 -682.03669 49065.677 -57953.2 5820.54 -63773.8 17360.081
7.56 312.73022 -163.74951 48960.11 -57614.4 6111.74 -63726.1 17358.023
7.57 292.07203 -269.8566 48213.922 -57698.3 5708.01 -63406.3 17172.519
7.58 297.7619 -673.95252 48110.107 -57937.2 5819.21 -63756.4 17177.694
7.59 299.69036 -818.01966 48997.377 -57790.1 5856.9 -63647 17411.136
7.6 303.38439 -1166.513 48435.287 -57446.8 5929.09 -63375.9 17303.326
7.61 304.29047 -939.03266 49086.085 -57801.1 5946.8 -63747.9 17485.342
7.62 310.48306 -907.29762 49003.993 -57836.4 6067.82 -63904.2 17476.026
7.63 310.95966 -926.58726 48690.199 -57569.3 6077.14 -63646.4 17414.6
7.64 301.59764 -1000.0425 48614.009 -57862.7 5894.17 -63756.8 17445.357
7.65 298.26777 -1084.3085 48810.242 -57583.5 5829.1 -63412.6 17519.692
7.66 313.58548 -772.71285 48881.661 -57589.5 6128.45 -63718 17570.007
7.67 294.87293 -1664.7595 48516.249 -57799.7 5762.75 -63562.5 17499.759
7.68 288.96128 -1487.3116 49156.814 -57926.1 5647.22 -63573.3 17716.119
7.69 293.60525 -951.05617 48807.291 -57960.4 5737.98 -63698.4 17682.211
7.7 292.32967 -1222.4099 48599.635 -57642.5 5713.05 -63355.5 17651.399
7.71 296.26921 -1690.349 48635.041 -57722.3 5790.04 -63512.3 17672.457
7.72 298.68195 -1069.9281 48897.492 -57621 5837.19 -63458.2 17764.27
7.73 298.61832 -166.73406 48587.808 -57939.8 5835.95 -63775.8 17717.969
7.74 299.11075 -1239.1983 48821.037 -57808.3 5845.57 -63653.9 17784.524
7.75 297.55465 -280.06905 48798.727 -57753.1 5815.16 -63568.3 17782.926
7.76 291.5773 -843.77294 48200.31 -58215.1 5698.34 -63913.5 17654.363
7.77 306.10523 -1117.0236 48041.166 -57683.4 5982.27 -63665.6 17618.989
7.78 298.53798 -1113.3744 48744.885 -57570.6 5834.38 -63404.9 17809.166
7.79 294.95857 -621.92303 48163.742 -57996 5764.42 -63760.5 17688.127
7.8 301.36497 -807.29376 48451.765 -57572.6 5889.63 -63462.2 17773.073
7.81 301.2917 -1369.3817 48518.366 -57907.7 5888.19 -63795.9 17835.808
7.82 292.11496 -1070.2673 48337.117 -57680.7 5708.85 -63389.5 17850.751
7.83 305.43739 -766.47171 48566.31 -58159.8 5969.21 -64129 17892.1
7.84 304.19177 -580.67035 48467.199 -57786.6 5944.87 -63731.5 17925.526
7.85 297.17022 -1604.9989 48708.77 -57924.4 5807.65 -63732 18011.21
7.86 296.19799 -1587.7863 49383.978 -57741.1 5788.65 -63529.7 18192.999
7.87 286.78647 -1322.7862 48941.198 -58038.6 5604.72 -63643.3 18120.148
7.88 289.38714 -895.80861 48953.004 -57768.8 5655.54 -63424.3 18130.103
7.89 290.4193 -867.39316 49100.774 -57581 5675.71 -63256.7 18164.935
7.9 299.85275 299.77271 48142.536 -57820.6 5860.07 -63680.7 17940.795
7.91 297.82292 -574.62147 48167.732 -57791.1 5820.4 -63611.5 17961.518
7.92 305.86075 -1054.4061 48744.811 -57531.5 5977.49 -63509 18098.167
7.93 294.8356 -1194.8629 48621.71 -57936.4 5762.02 -63698.4 18122.243
7.94 302.00682 -1387.971 48808.3 -57731.6 5902.17 -63633.7 18235.651
7.95 296.81664 -1231.636 48663.214 -58013.4 5800.74 -63814.2 18186.827
7.96 299.38739 -1072.6143 48448.914 -57547.4 5850.98 -63398.4 18181.016
7.97 299.11969 -1208.0323 48703.887 -57615.1 5845.75 -63460.8 18277.049
7.98 305.83159 -828.32655 48682.568 -57975 5976.92 -63951.9 18292.499
7.99 299.78478 -1321.5375 48683.316 -57792 5858.74 -63650.7 18300.717
8 302.33023 -1202.0338 48790.594 -57379.5 5908.49 -63288 18330.737
8.01 296.85644 -1956.2015 48989.451 -57736.3 5801.52 -63537.8 18374.483
8.02 296.03447 -869.86662 48444.123 -58187.6 5785.45 -63973.1 18270.603
8.03 296.26759 -888.63362 48684.001 -57871.3 5790.01 -63661.3 18337.597
8.04 297.35835 -1145.4863 48684.002 -58057 5811.32 -63868.3 18358.128
8.05 292.19476 -976.63514 48495.097 -57925 5710.41 -63635.5 18350.325
8.06 297.35002 -1402.2885 48741.291 -57884.7 5811.16 -63695.9 18432.885
8.07 295.50628 -1366.9911 48590.312 -57860.4 5775.13 -63635.5 18401.521
8.08 302.59617 70.00734 47900.95 -57665.2 5913.69 -63578.9 18251.788
8.09 301.60048 -1412.9874 48535.548 -57543.8 5894.23 -63438 18438.592
8.1 291.95524 -1440.3863 48652.502 -57811.4 5705.73 -63517.1 18495.699
8.11 293.75343 -1470.8822 48346.415 -58104.1 5740.87 -63844.9 18444.111
8.12 288.51948 -488.86248 48579.342 -57747.6 5638.58 -63386.2 18500.859
8.13 291.79209 -1617.5517 49345.59 -57849.7 5702.54 -63552.2 18678.194
8.14 306.74222 -510.97975 48159.485 -57500.2 5994.71 -63494.9 18419.311
8.15 305.17937 -519.15435 48469.07 -57141 5964.17 -63105.1 18497.656
8.16 292.52726 -591.3901 48885.821 -57871.8 5716.91 -63588.7 18641.275
8.17 302.81634 -1013.7292 48649.072 -57909.8 5917.99 -63827.8 18566.787
8.18 301.77002 -1069.9506 48204.286 -57216.7 5897.54 -63114.2 18494.726
8.19 294.75813 -1606.0348 48774.252 -58037.3 5760.51 -63797.8 18663.485
8.2 308.48633 -363.42085 48239.212 -57668.6 6028.8 -63697.4 18555.213
8.21 292.54956 -918.40245 48925.089 -58208.3 5717.35 -63925.7 18768.944
8.22 297.38642 -1189.3598 49058.745 -57710 5811.87 -63521.9 18817.939
8.23 291.77818 -1094.2516 48901.471 -58101.6 5702.27 -63803.9 18820.695
8.24 292.09708 -772.33745 48514.13 -57767.6 5708.5 -63476.1 18711.105
8.25 305.71281 -1186.5288 49027 -57446 5974.6 -63420.6 18867.051
8.26 302.6992 -726.43136 48670.47 -57780.9 5915.7 -63696.7 18801.065
8.27 296.63609 -1550.4713 48477.294 -58037.7 5797.21 -63835 18774.611
8.28 303.38738 -921.6311 49122.407 -57516 5929.15 -63445.2 18951.144
8.29 304.62299 -1159.2453 48667.563 -57688.5 5953.3 -63641.8 18868.01
8.3 295.12379 -1659.5773 48333.515 -57985.6 5767.65 -63753.3 18829.253
8.31 300.50142 -627.5801 49042.382 -57686 5872.75 -63558.8 19052.778
8.32 285.97032 -1065.4023 48496.25 -58090.9 5588.77 -63679.7 18947.511
8.33 306.28215 -670.33149 48420.041 -57774.2 5985.72 -63759.9 18960.327
8.34 298.75339 -780.45832 48875.613 -57888.6 5838.59 -63727.2 19085.202
8.35 296.68747 -660.6582 48619.805 -57877.1 5798.21 -63675.3 19064.79
8.36 298.55851 -800.13712 48798.323 -57680.5 5834.78 -63515.3 19145.318
8.37 309.55616 -1197.0102 48412.849 -57867.3 6049.71 -63917 19078.735
8.38 295.5117 -938.05491 48834.392 -57809.7 5775.24 -63585 19224.425
8.39 303.08642 -673.3654 48613.338 -57481.1 5923.27 -63404.4 19227.598
8.4 294.81421 -599.65239 48834.395 -58070.4 5761.6 -63832 19280.396
8.41 296.20082 -468.19078 48813.116 -57796.3 5788.7 -63585 19303.088
8.42 304.20085 -1153.4629 48587.23 -57362.2 5945.05 -63307.3 19240.056
8.43 290.33413 -1131.5331 48237.498 -58029.9 5674.05 -63703.9 19193.702
8.44 296.70896 -930.96001 48431.328 -57672.8 5798.63 -63471.5 19286.841
8.45 307.36486 -677.38174 49253.424 -57678.2 6006.88 -63685 19530.228
8.46 297.32044 -300.32106 48639.026 -57866.9 5810.58 -63677.5 19361.264
8.47 301.16716 -550.07602 48503.213 -57642.6 5885.76 -63528.4 19339.821
8.48 300.33433 -1409.1846 48344.846 -57760.3 5869.48 -63629.8 19319.649
8.49 302.55839 -508.51516 48630.411 -57787 5912.95 -63699.9 19447.177
8.5 303.46732 -894.9547 49085.564 -57607.6 5930.71 -63538.3 19613.858
8.51 302.31262 -766.33371 48149.322 -57580.9 5908.15 -63489 19398.287
8.52 298.66396 -1449.7986 48719.625 -57614.9 5836.84 -63451.7 19580.543
8.53 290.56987 -1479.88 48906.953 -58020.1 5678.66 -63698.7 19632.659
8.54 302.07438 -939.65799 48756.967 -57785.1 5903.49 -63688.6 19594.97
8.55 296.4635 -799.41629 48644.463 -57457.5 5793.84 -63251.3 19570.174
8.56 301.42127 -924.99679 48596.2 -57666.1 5890.73 -63556.9 19583.924
8.57 292.09454 -601.13343 48280.615 -57993.6 5708.45 -63702.1 19532.877
8.58 294.82401 -1050.3384 48612.134 -57587.7 5761.8 -63349.5 19653.809
8.59 295.82851 -1487.8603 48759.895 -57948.8 5781.43 -63730.3 19724.406
8.6 301.4253 -1151.2761 48535.136 -57997.2 5890.81 -63888 19689.399
8.61 295.50684 -1069.0272 48387.973 -57864.1 5775.14 -63639.2 19691.161
8.62 306.67413 -897.45896 48411.933 -57538.9 5993.38 -63532.3 19697.314
8.63 298.13572 -535.14017 48555.787 -57707.7 5826.52 -63534.2 19754.986
8.64 300.00094 -810.16019 48268.314 -57657.1 5862.97 -63520.1 19736.429
8.65 293.70797 -1100.9361 48458.391 -57749.5 5739.98 -63489.5 19820.608
8.66 310.26985 -1226.8003 48667.807 -57397.4 6063.66 -63461 19909.915
8.67 303.15246 -1374.3452 48532.682 -57716.4 5924.56 -63641 19914.564
8.68 300.75746 -864.99675 48509.096 -57591 5877.75 -63468.7 19894.918
8.69 295.48051 -1259.0191 48445.444 -57946.7 5774.63 -63721.3 19891.563
8.7 294.96277 -1113.8201 48273.451 -57889.5 5764.51 -63654 19899.082
8.71 301.53338 -1618.439 49071.773 -57088.7 5892.92 -62981.6 20093.174
8.72 302.90134 -776.24788 48543.954 -57510.2 5919.65 -63429.9 19986.398
8.73 307.16806 -1207.2423 48692.522 -57985.1 6003.04 -63988.1 20075.028
8.74 300.92267 -1449.6724 48450.495 -57583.4 5880.98 -63464.4 20038.784
8.75 300.60512 -1435.1354 48526.061 -57902.1 5874.78 -63776.9 20094.451
8.76 300.04864 -564.25586 48415.555 -57874.3 5863.9 -63738.2 20093.745
8.77 303.88396 -1632.6338 49066.346 -57540.9 5938.86 -63479.7 20292.745
8.78 292.13011 -1210.4197 48533.073 -58183.3 5709.15 -63892.5 20151.783
8.79 304.58444 -1223.7817 48652.288 -57604.8 5952.55 -63557.3 20205.386
8.8 290.48507 -85.710388 48237.439 -57996.8 5677 -63673.7 20119.021
8.81 295.52622 -1906.3081 48914.787 -57817.3 5775.52 -63592.8 20334.506
8.82 296.82199 -1291.046 48864.968 -57575.2 5800.84 -63376.1 20342.059
8.83 301.26877 109.30053 48308.183 -57843.5 5887.75 -63731.2 20220.003
8.84 308.20654 -592.02932 48463.786 -57746.8 6023.33 -63770.1 20236.61
8.85 300.19992 -1988.519 48596.937 -57586.3 5866.86 -63453.1 20287.618
8.86 296.03614 -799.98292 48030.798 -58087.6 5785.48 -63873.1 20155.58
8.87 303.17616 -724.56144 48541.606 -57403.7 5925.02 -63328.7 20332.72
8.88 299.89575 -1751.1269 48931.9 -57747.9 5860.91 -63608.8 20467.635
8.89 305.27686 -556.3643 48188.183 -57832.2 5966.08 -63798.3 20287.587
8.9 307.59296 -679.98031 48399.727 -57894.6 6011.34 -63906 20370.246
8.91 299.28418 -994.28287 48430.634 -57664.8 5848.96 -63513.8 20418.823
8.92 300.41917 -806.29874 48756.713 -57771.2 5871.14 -63642.3 20504.17
8.93 309.1332 -707.3754 48404.039 -57452.2 6041.44 -63493.7 20424.49
8.94 295.37256 -498.5727 48564.245 -58158.2 5772.52 -63930.7 20512.759
8.95 306.67747 -652.28072 48260.326 -57586.1 5993.45 -63579.6 20418.965
8.96 292.81933 -1509.6757 48353.671 -57995.5 5722.62 -63718.1 20485.619
8.97 298.79123 -1340.7396 48490.289 -57791.8 5839.33 -63631.1 20576.838
8.98 298.15096 -954.83536 49096.42 -57492.1 5826.81 -63318.9 20774.923
8.99 296.38273 -1711.9354 48872.52 -57688 5792.26 -63480.2 20737.848
9 291.32932 -734.58934 48825.604 -57865.5 5693.5 -63559 20730.145
9.01 298.71929 -214.05134 48225.647 -57471 5837.92 -63308.9 20570.266
9.02 298.51358 -1466.0776 48441.928 -57635.3 5833.9 -63469.2 20626.371
9.03 298.70191 -1234.1849 48517.369 -58121.7 5837.58 -63959.3 20666.775
9.04 296.08715 -812.42102 48640.822 -57700.8 5786.48 -63487.3 20734.185
9.05 288.24122 -1403.8966 48743.13 -57661.6 5633.15 -63294.7 20807.893
9.06 298.31768 -1028.8906 48372.474 -57631.3 5830.07 -63461.4 20747.955
9.07 299.49717 -967.93944 48428.169 -57741.5 5853.12 -63594.7 20795.994
9.08 286.5234 -1018.8801 48551.14 -58504.9 5599.58 -64104.5 20817.27
9.09 296.72989 -1007.7965 48751.157 -57874.2 5799.04 -63673.2 20902.957
9.1 296.10183 -584.6402 48598.96 -57910 5786.77 -63696.8 20873.922
9.11 297.6814 -868.37729 48458.909 -57739.9 5817.64 -63557.5 20830.938
9.12 295.40365 -1126.1001 48459.08 -58039.1 5773.12 -63812.3 20830.574
9.13 295.65843 -866.03668 48556.015 -57956.6 5778.1 -63734.7 20865.136
9.14 309.76551 -1049.8896 49026.177 -57460.3 6053.8 -63514.1 20989.727
9.15 300.79397 -910.0408 48612.233 -58102.9 5878.47 -63981.4 20915.255
9.16 290.0101 -896.38017 48273.431 -57747.5 5667.72 -63415.2 20843.634
9.17 303.69648 -948.84427 48541.65 -57459.7 5935.19 -63394.8 20993.81
9.18 302.11333 -873.20456 48318.17 -57531.7 5904.25 -63436 20935.458
9.19 296.56477 -1816.8199 48638.832 -57795.9 5795.82 -63591.7 21018.423
9.2 294.34204 -1709.2151 48556.628 -57879.9 5752.38 -63632.2 21007.905
9.21 299.5705 -1054.5012 48378.732 -57578.3 5854.56 -63432.9 21000.901
9.22 299.18801 -1121.8393 48744.151 -57683.5 5847.08 -63530.6 21134.222
9.23 299.26632 -876.99434 48686.838 -57869.6 5848.61 -63718.2 21116.485
9.24 297.81411 -766.27616 47618.65 -57953.3 5820.23 -63773.6 20855.511
9.25 309.35428 -1324.8137 49058.573 -57435.8 6045.76 -63481.6 21316.037
9.26 291.77841 -1137.3552 49003.88 -58092.2 5702.27 -63794.5 21334.171
9.27 307.0744 -404.21336 48723.368 -57507.6 6001.21 -63508.8 21308.128
9.28 300.88223 -2069.0462 49053.479 -57607.2 5880.19 -63487.4 21415.208
9.29 288.83895 -892.53371 48512.956 -58079.9 5644.83 -63724.7 21261.35
9.3 299.24203 -951.68281 48478.282 -57648.4 5848.14 -63496.5 21269.781
9.31 294.31377 -1113.9045 48605.411 -58157 5751.82 -63908.8 21297.55
9.32 295.36012 -1623.0894 49139.281 -57843.8 5772.27 -63616.1 21509.485
9.33 296.72518 -1142.7675 48300.405 -58126.4 5798.95 -63925.3 21281.927
9.34 298.46489 -1132.846 48803.058 -57899.6 5832.95 -63732.5 21465.015
9.35 302.36654 -1607.0602 48574.751 -57867.8 5909.2 -63777 21445.152
9.36 299.1213 -968.4969 48457.643 -57974.1 5845.78 -63819.9 21433.575
9.37 294.43448 -1074.0163 48639.331 -57985.6 5754.18 -63739.8 21503.814
9.38 295.93968 -1086.6826 48671.302 -57780.3 5783.6 -63563.9 21532.419
9.39 308.98751 -764.36291 48796.956 -57374 6038.59 -63412.6 21616.436
9.4 303.78966 -895.01934 48431.155 -57950.7 5937.01 -63887.7 21546.406
9.41 306.18435 -1234.0137 48641.226 -57228.7 5983.81 -63212.5 21634.952
9.42 304.15691 -1513.0504 48315.33 -57691.8 5944.19 -63636 21609.848
9.43 301.82765 -964.30709 48620.342 -57498.5 5898.67 -63397.2 21722.448
9.44 295.27656 -1290.1019 48750.406 -57828 5770.64 -63598.6 21749.816
9.45 303.5736 -512.78281 47979.653 -57859.8 5932.79 -63792.6 21568.697
9.46 303.51407 -1078.9493 48363.447 -57440.6 5931.63 -63372.2 21709.629
9.47 288.00201 -1370.2185 48862.91 -57928.9 5628.47 -63557.3 21853.93
9.48 294.62733 -1331.1478 48292.573 -58149.9 5757.95 -63907.9 21723.385
9.49 310.98288 -249.32112 47990.724 -57719.2 6077.59 -63796.8 21626.553
9.5 286.72421 -1228.707 48772.323 -58079.9 5603.5 -63683.4 21873.923
9.51 310.06284 -646.27881 48382.35 -57582.7 6059.61 -63642.3 21800.425
9.52 300.57314 -1304.8982 48851.804 -57663.3 5874.15 -63537.4 21962.252
9.53 301.32416 -1051.3148 48709.028 -57595.7 5888.83 -63484.6 21975.15
9.54 299.39205 -838.1055 49223.803 -57445 5851.07 -63296.1 22153.715
9.55 290.31516 -747.57022 48576.171 -57699.1 5673.68 -63372.7 21969.265
9.56 295.34657 -787.42627 48545.875 -57939.7 5772.01 -63711.7 21991.022
9.57 299.25297 -767.13463 48387.34 -57996.6 5848.35 -63844.9 21989.602
9.58 308.67366 -1338.7305 48428.26 -57516.5 6032.46 -63548.9 22024.611
9.59 303.84441 -1128.3322 48195.369 -57976.1 5938.08 -63914.2 21948.158
9.6 296.60068 -497.78444 48616.085 -57729.3 5796.52 -63525.8 22093.732
9.61 305.11007 -1014.9959 48226.627 -57603.9 5962.82 -63566.8 21970.222
9.62 304.61194 -800.47529 48670.75 -57977.8 5953.08 -63930.9 22096.923
9.63 291.65963 -612.21099 48671.409 -58080.4 5699.95 -63780.4 22054.799
9.64 304.8705 -1591.6402 48617.738 -57539.1 5958.14 -63497.2 22062.295
9.65 296.96302 -1027.5169 48937.881 -57575 5803.6 -63378.6 22190.681
9.66 299.55953 29.817097 48383.685 -57981.8 5854.34 -63836.2 22033.597
9.67 297.99194 -1528.5207 48291.48 -57838.3 5823.71 -63662.1 22023.723
9.68 296.13832 -935.17471 48302.466 -57830.8 5787.48 -63618.2 22052.169
9.69 304.92244 -1106.8059 48530.021 -57599.6 5959.15 -63558.7 22119.019
9.7 295.14565 -1576.544 48397.1 -57981.3 5768.08 -63749.3 22098.237
9.71 307.1294 -936.5884 48702.119 -57774.4 6002.28 -63776.7 22259.915
9.72 297.56676 -776.33398 48308.633 -57662.2 5815.4 -63477.6 22176.493
9.73 307.17337 -864.27692 48894.496 -57694.4 6003.14 -63697.5 22359.447
9.74 300.19154 -1251.4801 48645.043 -57367.5 5866.69 -63234.2 22315.923
9.75 298.46271 -1358.843 48689.319 -57730.7 5832.91 -63563.7 22376.657
9.76 294.23245 -988.87045 48322.238 -57778.2 5750.23 -63528.4 22299.532
9.77 301.63445 -1302.5039 48616.368 -57838.1 5894.89 -63732.9 22384.391
9.78 299.95597 -1261.1533 48830.749 -57883.4 5862.09 -63745.5 22465.12
9.79 303.01572 -1334.3014 48579.961 -57779.7 5921.89 -63701.6 22409.747
9.8 291.47355 -1531.2594 48793.026 -57735.6 5696.32 -63431.9 22490.033
9.81 290.76171 -1163.2217 48339.253 -58185 5682.41 -63867.5 22409.126
9.82 301.08292 -770.08872 48755.724 -57682.3 5884.11 -63566.4 22568.22
9.83 291.91737 -1419.457 48517.744 -57833.1 5704.99 -63538.1 22551.082
9.84 303.97251 -1015.4015 48832.559 -57653.2 5940.59 -63593.8 22675.967
9.85 300.80652 -667.96636 48936.087 -58009 5878.71 -63887.7 22735.877
9.86 285.92636 -1404.8524 48762.593 -57822.1 5587.91 -63410 22666.033
9.87 297.06306 -1139.5031 49023.14 -57496.9 5805.55 -63302.5 22744.478
9.88 304.67701 -1339.991 48849.937 -57593 5954.35 -63547.4 22716.677
9.89 294.8526 -1249.2033 48656.372 -57733.9 5762.35 -63496.3 22680.856
9.9 299.98375 -462.97924 47986.146 -57902.4 5862.63 -63765.1 22492.722
9.91 316.99839 -653.16714 48404.281 -57286 6195.15 -63481.2 22652.184
9.92 297.49983 -868.57184 47939.561 -57805.4 5814.09 -63619.5 22567.046
9.93 302.50292 -1236.1917 48152.459 -57549.6 5911.87 -63461.5 22675.898
9.94 297.58764 -752.59763 48653.757 -58004.7 5815.81 -63820.5 22890.23
9.95 298.5095 -1180.3976 48965.731 -57579.3 5833.82 -63413.1 23021.193
9.96 301.39015 -2042.2422 48634.02 -57871.7 5890.12 -63761.8 22992.057
9.97 307.9445 -898.27828 48434.851 -57591.9 6018.21 -63610.1 22978.588
9.98 300.12024 -1750.5332 49293.782 -57883.3 5865.3 -63748.6 23263.826
