0 304.18504 -1188.4788 50220.598 -60719.7 5876.45 -66596.2 9.7391407
0.01 288.08012 -402.80613 49468.492 -61233.3 5565.33 -66798.6 20.636965
0.02 301.15827 -1376.6278 49945.909 -60939.3 5817.98 -66757.2 28.186118
0.03 297.69958 -711.60627 49515.038 -60906.7 5751.16 -66657.9 38.173106
0.04 290.12763 -1229.4933 49788.137 -61247.4 5604.88 -66852.2 45.425472
0.05 290.17669 -1171.4377 49769.303 -61350.5 5605.83 -66956.3 53.043868
0.06 306.49313 -817.09047 49887.779 -61212.7 5921.04 -67133.7 60.756898
0.07 300.69086 -1711.112 49919.035 -61277.9 5808.95 -67086.9 67.679812
0.08 308.79294 -1022.9256 49656.886 -60807.2 5965.47 -66772.7 73.167762
0.09 306.06461 -1149.5472 49790.815 -61080.3 5912.76 -66993 80.950466
0.1 297.01772 -693.29143 49716.073 -61507.7 5737.99 -67245.7 87.127937
0.11 302.39468 -1416.1778 49819.559 -60855.4 5841.87 -66697.3 95.544859
0.12 288.90227 -1372.9108 49862.363 -61356.7 5581.21 -66937.9 101.27465
0.13 297.22053 -1260.1989 49614.894 -61253.8 5741.91 -66995.7 107.51759
0.14 307.63355 -827.21118 49616.825 -60813.6 5943.07 -66756.7 115.78393
0.15 305.8781 -536.2695 49250.978 -60893.3 5909.16 -66802.4 123.61017
0.16 295.70474 -1474.2606 49879.879 -61217.1 5712.62 -66929.7 131.91364
0.17 296.12462 -865.49454 49516.222 -61338.2 5720.74 -67059 139.79473
0.18 298.88669 -717.6946 49560.806 -61569.5 5774.1 -67343.6 144.6112
0.19 303.05712 -909.34887 49980.199 -61303.9 5854.66 -67158.5 154.23433
0.2 307.37904 -791.72302 49800.631 -61609.2 5938.16 -67547.4 161.5397
0.21 286.26849 -764.35832 49578.024 -61476.4 5530.33 -67006.8 166.35164
0.22 306.2201 -803.93682 49588.35 -61373.8 5915.77 -67289.6 171.73126
0.23 312.23888 -1002.0302 49733.533 -61464.5 6032.04 -67496.5 179.27515
0.24 302.21974 -662.03577 49975.667 -61470.3 5838.49 -67308.8 186.06545
0.25 312.42992 -652.48413 49625.387 -61656.6 6035.73 -67692.4 192.74757
0.26 303.97566 -1243.8317 49795.1 -61370.6 5872.41 -67243 198.69174
0.27 297.91442 -1152.3612 49882.894 -61518.8 5755.31 -67274.1 201.92353
0.28 304.38029 -1500.7488 50054.936 -61248.3 5880.22 -67128.6 209.15251
0.29 296.52476 -902.44058 49789.408 -61835.9 5728.47 -67564.3 213.23244
0.3 308.1404 -448.69744 49618.339 -61330.3 5952.87 -67283.2 217.89224
0.31 308.4279 -1236.5836 49775.386 -61646 5958.42 -67604.5 224.50237
0.32 304.8223 -668.92314 49682.984 -61273.7 5888.76 -67162.4 227.62442
0.33 302.40991 -1231.1479 49975.786 -61612.8 5842.16 -67454.9 232.51193
0.34 300.36532 -1270.9298 49895.327 -61625.8 5802.66 -67428.5 239.95928
0.35 302.3242 -1204.6065 50087.182 -61161.2 5840.5 -67001.7 249.82218
0.36 301.60631 -522.82681 49889.899 -61323.4 5826.64 -67150 256.83492
0.37 294.42575 -1199.7498 49954.244 -61314.4 5687.92 -67002.4 260.81337
0.38 299.13094 -830.58008 49522.102 -61020.9 5778.81 -66799.7 268.70061
0.39 295.97065 -296.33901 49553.296 -61491.2 5717.76 -67209 275.32517
0.4 295.98677 -1064.9839 49727.724 -61328.9 5718.07 -67047 282.84416
0.41 305.07366 -1120.2802 49697.079 -61070 5893.62 -66963.6 290.19352
0.42 300.2863 -1497.7693 50082.535 -61293.1 5801.13 -67094.2 296.56787
0.43 292.79955 -1112.9249 49486.039 -61198.5 5656.5 -66855 302.63264
0.44 291.88513 -1009.5898 49430.523 -61105.2 5638.83 -66744.1 310.29129
0.45 292.33927 -836.301 49781.5 -60858.6 5647.61 -66506.2 319.25404
0.46 302.5165 -862.02898 49332.534 -61056.7 5844.22 -66900.9 325.20245
0.47 314.21321 -910.73813 49446.632 -60526.2 6070.18 -66596.4 332.21802
0.48 299.41998 -912.99549 49345.222 -61017.7 5784.4 -66802.1 336.73848
0.49 302.75586 -974.98175 49758.36 -60672.5 5848.84 -66521.4 347.91567
0.5 286.83221 -1079.9723 49371.301 -60982.4 5541.22 -66523.6 353.41702
0.51 315.74573 -981.11813 49593.495 -60699.5 6099.79 -66799.3 365.68893
0.52 294.39758 -778.00744 49328.982 -61271.6 5687.37 -66958.9 373.07025
0.53 306.89495 -1091.2029 49821.723 -60655.5 5928.8 -66584.3 383.94644
0.54 296.73129 -1700.415 50042.495 -60956.7 5732.46 -66689.2 392.50427
0.55 296.43685 -712.76855 48991.769 -60789.5 5726.77 -66516.2 395.13102
0.56 295.62407 -863.80417 49814.272 -60924.9 5711.07 -66636 408.28421
0.57 312.20841 -564.23351 49195.119 -60521.8 6031.45 -66553.2 413.64425
0.58 306.49964 -648.57604 49590.542 -61084.2 5921.17 -67005.4 423.26538
0.59 298.18335 -388.77389 49398.17 -60960.1 5760.51 -66720.6 426.02677
0.6 299.19257 -1030.3612 49942.357 -60880.7 5780 -66660.7 436.30413
0.61 295.65539 -1518.6667 49827.612 -60871.2 5711.67 -66582.9 444.27656
0.62 295.01348 -1378.8015 49623.33 -60269.7 5699.27 -65968.9 447.87121
0.63 307.0457 -1272.3849 49499.393 -60510.9 5931.72 -66442.6 452.40117
0.64 301.06988 -1494.9398 49555.211 -60072.1 5816.27 -65888.3 460.96702
0.65 299.53707 -854.73458 49444.899 -60488.4 5786.66 -66275.1 473.75841
0.66 290.61349 -859.47877 49311.086 -60740.7 5614.27 -66355 479.20117
0.67 303.1597 -773.00566 49777.516 -60025.5 5856.64 -65882.2 490.99615
0.68 296.39603 -845.3171 49315.078 -60433.2 5725.98 -66159.1 499.21225
0.69 292.875 -1243.0449 49266.564 -60155.6 5657.96 -65813.6 508.74158
0.7 303.92193 -1367.3706 49678.292 -59894.3 5871.37 -65765.6 520.99226
0.71 296.86186 -759.6287 49488.88 -60369.6 5734.98 -66104.6 525.47407
0.72 299.60217 -447.88703 49337.699 -60011.6 5787.92 -65799.5 531.55312
0.73 303.88059 -622.50004 49023.64 -59609.1 5870.57 -65479.6 534.34943
0.74 304.70253 -1171.3134 49368.934 -59278.1 5886.45 -65164.5 544.59856
0.75 299.10155 -923.06749 49387.671 -59446.9 5778.25 -65225.1 558.13839
0.76 297.61368 -1122.5131 49174.169 -59752.1 5749.5 -65501.6 569.13846
0.77 298.00812 -926.3412 49232.935 -59046.2 5757.12 -64803.3 573.16346
0.78 295.57906 -1010.0358 49063.611 -59518.1 5710.2 -65228.3 585.35693
0.79 306.62672 -946.16141 49195.464 -59077.1 5923.62 -65000.7 599.76662
0.8 296.50049 -1220.8676 49000.341 -58643.4 5728 -64371.4 605.16013
0.81 294.81494 -183.17216 48324.971 -58405.8 5695.43 -64101.2 617.39832
0.82 307.51002 -1613.2635 48789.223 -57738.7 5940.69 -63679.4 635.55496
0.83 304.65995 -1086.5533 48281.112 -57136.2 5885.63 -63021.9 649.65718
0.84 289.51882 -955.82836 48198.584 -56869.3 5593.12 -62462.4 678.9225
0.85 299.4136 -690.90742 48109.731 -57003.1 5784.27 -62787.3 703.9889
0.86 313.05583 -1104.6312 48207.228 -56563.7 6047.82 -62611.5 725.9637
0.87 295.0716 -1367.9586 48092.499 -57165.1 5700.39 -62865.5 744.79564
0.88 289.86883 -18.874873 47767.583 -57299.5 5599.88 -62899.4 768.12195
0.89 307.12524 -1010.0708 47857.19 -56739.3 5933.25 -62672.5 790.04543
0.9 297.6985 -746.01448 48041.371 -57095.1 5751.14 -62846.2 815.95771
0.91 296.0664 -1265.4211 47779.531 -57324 5719.61 -63043.6 838.79202
0.92 313.25805 -724.50169 48208.233 -56907.7 6051.73 -62959.4 865.82692
0.93 293.91329 -699.27835 47863.584 -56984.5 5678.02 -62662.5 886.47765
0.94 305.19039 -1434.2711 48436.771 -57135 5895.87 -63030.8 911.84711
0.95 307.40114 -1281.4597 48020.554 -57198 5938.58 -63136.6 928.01298
0.96 296.44256 -1048.0997 48500.982 -57018.3 5726.88 -62745.1 955.34868
0.97 292.50818 -789.87609 47825.003 -57325.9 5650.87 -62976.8 982.19003
0.98 292.63498 -710.2704 48011.318 -57380.2 5653.32 -63033.5 1004.4452
0.99 305.54583 -423.51109 47907.524 -56833.4 5902.74 -62736.2 1029.4393
1 297.61212 -1971.2993 48434.251 -56830.9 5749.47 -62580.4 1069.0913
1.01 296.51225 -1062.6606 48200.524 -57253.5 5728.22 -62981.7 1088.9926
1.02 301.38986 -744.569 48019.553 -56956.3 5822.45 -62778.7 1111.5562
1.03 286.77009 -984.42833 47814.391 -57370.4 5540.02 -62910.4 1137.2485
1.04 299.87689 -1108.9115 48686.103 -56952.2 5793.22 -62745.4 1176.4382
1.05 284.79619 -1078.4572 48047.674 -57355.2 5501.89 -62857 1188.0053
1.06 292.56852 -525.74787 47834.387 -56915.2 5652.04 -62567.2 1208.5708
1.07 290.48871 -119.68526 47349.612 -57458.7 5611.86 -63070.6 1226.6906
1.08 298.90293 -648.25222 47786.95 -57147.8 5774.41 -62922.2 1259.2787
1.09 307.97526 -849.39407 48120.258 -56617.7 5949.67 -62567.4 1283.6415
1.1 302.55417 -1028.8028 47609.909 -57060.3 5844.95 -62905.3 1311.3324
1.11 303.0108 286.50704 47126.266 -56901.2 5853.77 -62755 1328.1837
1.12 308.79608 -1012.4899 48008.426 -56955.5 5965.53 -62921.1 1364.832
1.13 296.28672 -1457.5755 47684.216 -57093.3 5723.87 -62817.2 1385.092
1.14 307.73926 -328.49991 47611.995 -56538.6 5945.12 -62483.7 1418.6031
1.15 301.70697 -1996.5298 48227.505 -57055.1 5828.58 -62883.7 1453.3287
1.16 291.81346 -681.22287 48091.855 -57378.1 5637.45 -63015.6 1473.6734
1.17 301.31924 -818.04463 48016.754 -57091 5821.09 -62912.1 1492.0014
1.18 315.56955 -495.58001 47811.147 -56921.7 6096.39 -63018.1 1517.7911
1.19 306.35578 -601.74284 48066.33 -56956.5 5918.39 -62874.9 1536.7345
1.2 303.13164 -1026.5853 48178.823 -56902.4 5856.1 -62758.5 1572.6002
1.21 297.79426 -924.59944 47902.193 -57442.7 5752.99 -63195.7 1592.5851
1.22 295.80458 -1654.4916 48256.325 -57068.4 5714.55 -62782.9 1621.8897
1.23 298.47026 -567.96964 48127.861 -56973.1 5766.05 -62739.1 1646.5245
1.24 310.2075 -541.1565 47586.365 -56691.8 5992.8 -62684.6 1659.5452
1.25 298.1798 -888.41222 48341.66 -57158.5 5760.44 -62918.9 1687.9212
1.26 293.4066 -652.82034 47576.004 -56984.5 5668.23 -62652.8 1704.0871
1.27 303.81921 -961.65552 47880.736 -56817.9 5869.39 -62687.3 1733.9948
1.28 294.73218 -1537.8942 48474.948 -57235.5 5693.84 -62929.4 1769.3167
1.29 294.84302 -991.3951 47652.417 -56772 5695.98 -62468 1765.1525
1.3 297.083 -946.70937 47636.551 -57255.5 5739.25 -62994.7 1793.5863
1.31 296.92411 -1053.6118 48348.614 -56712.4 5736.18 -62448.6 1850.7245
1.32 291.05977 -1756.8316 47983.349 -57140.1 5622.89 -62763 1863.0567
1.33 300.43551 -660.84709 47873.02 -56666 5804.02 -62470 1885.4964
1.34 302.2108 -973.51299 47671.88 -57028.7 5838.31 -62867 1890.8402
1.35 302.48089 -1240.5259 48277.749 -57048.9 5843.53 -62892.5 1935.5604
1.36 304.06754 -727.43962 47894.931 -56858.7 5874.18 -62732.9 1947.3131
1.37 302.82923 -1085.7599 48621.669 -56694.9 5850.26 -62545.2 1994.8119
1.38 316.15335 -791.12983 47892.014 -56396.9 6107.66 -62504.5 2011.2177
1.39 301.53964 -637.02294 47215.121 -57078 5825.35 -62903.4 2009.3969
1.4 291.6365 -1703.2984 47907.563 -57206.6 5634.03 -62840.7 2056.7491
1.41 299.50734 -510.22251 47702.505 -56934 5786.09 -62720 2081.2331
1.42 295.92244 -671.89484 47470.76 -57559.4 5716.83 -63276.2 2093.4192
1.43 303.2924 -205.43018 47815.25 -56930 5859.21 -62789.2 2116.8364
1.44 303.49705 -1762.0795 48278.224 -56900.4 5863.16 -62763.5 2166.0747
1.45 305.69855 -724.62493 47997.888 -56763.5 5905.69 -62669.2 2197.3549
1.46 303.55755 -1783.0604 47730.776 -56993.6 5864.33 -62858 2219.2006
1.47 309.53919 -330.93457 48165.664 -57062 5979.89 -63041.9 2251.2024
1.48 304.39084 -10.803924 47513.436 -56880.1 5880.43 -62760.6 2259.9064
1.49 312.3169 -839.4265 47645.23 -56953.5 6033.55 -62987 2293.5349
1.5 304.60368 -1021.859 47694.481 -57162.9 5884.54 -63047.4 2320.3767
1.51 313.41113 -604.49594 47666.566 -56743.1 6054.69 -62797.8 2340.832
1.52 298.23877 87.220254 47920.517 -57022.2 5761.58 -62783.8 2371.0634
1.53 306.54801 -1349.9923 48156.487 -56907.8 5922.1 -62829.9 2403.8263
1.54 297.61347 -1179.2141 48120.267 -57335.8 5749.5 -63085.3 2426.7745
1.55 296.39617 -266.88581 47774.473 -56975.7 5725.98 -62701.6 2449.6474
1.56 307.69539 -762.12594 48413.483 -56919.9 5944.27 -62864.2 2486.2696
1.57 294.4498 -360.88352 47723.9 -57102.9 5688.38 -62791.3 2502.0499
1.58 302.94106 -750.64962 47926.915 -56982.5 5852.42 -62834.9 2548.4274
1.59 303.29571 -1624.3404 47731.647 -57083.7 5859.27 -62942.9 2556.1576
1.6 286.55225 -2108.4631 48308.593 -56840.9 5535.81 -62376.8 2600.6965
1.61 294.38899 -775.8204 47963.937 -57064.3 5687.21 -62751.5 2608.4225
1.62 292.36948 -422.17973 47647.455 -57423.2 5648.19 -63071.4 2616.1375
1.63 306.05706 -1449.9481 48051.75 -56712 5912.62 -62624.7 2656.7297
1.64 289.26157 -706.45206 47736.295 -57190.1 5588.15 -62778.3 2666.5057
1.65 305.2245 -795.67068 47675.846 -56764.6 5896.53 -62661.1 2682.1738
1.66 293.13527 -1311.9385 47946.775 -57223.7 5662.99 -62886.7 2725.5817
1.67 296.0089 -1302.2621 48461.225 -57199.8 5718.5 -62918.3 2774.0531
1.68 305.57199 -1187.0423 47607.456 -56926.4 5903.25 -62829.6 2763.5782
1.69 305.03198 -923.16334 47885.035 -57046.3 5892.81 -62939.1 2811.2576
1.7 303.53749 -1104.9483 48092.706 -57073.4 5863.94 -62937.4 2817.9812
1.71 304.40188 -1249.3721 48173.505 -56798.4 5880.64 -62679 2838.5847
1.72 292.28966 -1331.3641 48474.312 -57150.6 5646.65 -62797.3 2861.6442
1.73 292.0597 -877.75583 47755.593 -57366 5642.21 -63008.3 2853.9029
1.74 292.93311 -1489.9251 47725.543 -57022.6 5659.08 -62681.7 2888.9411
1.75 292.05428 -1287.39 48159.219 -56943.3 5642.1 -62585.4 2930.875
1.76 301.4279 -1330.6471 47852.165 -57021 5823.19 -62844.2 2963.3807
1.77 292.76483 -1747.5542 48029.888 -57074.7 5655.83 -62730.6 3001.709
1.78 305.86108 -1725.8739 48238.914 -57178 5908.83 -63086.8 3032.9231
1.79 306.47288 -1090.1975 48024.961 -57086.7 5920.65 -63007.3 3041.4413
1.8 299.52506 -1512.0581 48079.574 -57148.8 5786.43 -62935.2 3054.5716
1.81 305.42949 -1279.6057 47854.503 -56940.4 5900.49 -62840.9 3068.1246
1.82 294.76028 -1573.1394 47963.006 -57320 5694.38 -63014.4 3105.6024
1.83 303.44215 -766.90822 47622.853 -56781.4 5862.1 -62643.5 3098.2381
1.84 307.57357 -1136.8098 48193.654 -57170.1 5941.91 -63112 3152.0734
1.85 304.24406 -898.77784 47779.356 -57106.8 5877.59 -62984.4 3159.5878
1.86 292.87593 -811.1994 48006.769 -57111.7 5657.98 -62769.7 3186.6658
1.87 291.64581 -128.58537 47934.86 -57047 5634.21 -62681.2 3206.7764
1.88 313.41114 -566.1064 47546.088 -56911.7 6054.69 -62966.4 3213.827
1.89 294.79483 -1659.3466 48697.851 -56986.4 5695.05 -62681.5 3290.8547
1.9 310.24781 -1452.3924 48382.336 -56788 5993.58 -62781.6 3302.5425
1.91 305.40756 -653.26058 47788.141 -56964.8 5900.07 -62864.9 3308.5277
1.92 299.74456 -333.70283 47830.916 -56615.5 5790.67 -62406.2 3339.8185
1.93 304.03749 -1398.3833 48296.393 -57064.2 5873.6 -62937.8 3390.0328
1.94 304.80054 -868.37051 47816.381 -57167.5 5888.34 -63055.9 3388.797
1.95 307.15447 -765.8561 48429.014 -56852.1 5933.82 -62785.9 3449.034
1.96 297.97283 -1668.3352 48373.254 -57179.5 5756.44 -62936 3481.0304
1.97 309.17637 -968.87032 48027.413 -57040.6 5972.88 -63013.4 3483.2164
1.98 310.28744 -867.38217 47771.056 -56894.4 5994.34 -62888.7 3499.4099
1.99 304.5922 -1568.0308 48567.52 -57206.9 5884.32 -63091.2 3559.3755
2 299.38734 -1276.0495 47835.944 -56865.6 5783.77 -62649.4 3548.4661
2.01 293.94388 -1180.3119 48403.373 -57162.6 5678.61 -62841.2 3591.9398
2.02 297.92892 -1222.7797 47856.638 -57372 5755.59 -63127.6 3581.9383
2.03 307.01203 -1132.8671 48230.561 -56849.6 5931.07 -62780.7 3617.0944
2.04 298.94897 -1259.3096 47827.751 -56931.6 5775.3 -62706.9 3614.0707
2.05 305.5002 -647.84053 47717.886 -56960.4 5901.86 -62862.3 3649.9486
2.06 296.51806 -138.34337 47737.676 -56965.4 5728.34 -62693.7 3673.5608
2.07 301.45813 -711.18847 47301.357 -56909.8 5823.77 -62733.6 3683.6286
2.08 299.81162 -1054.4859 47801.829 -57186.6 5791.96 -62978.5 3729.6944
2.09 294.62221 -581.55293 47752.722 -57099.4 5691.71 -62791.1 3745.6679
2.1 294.92053 -1951.6007 48618.227 -57020.2 5697.47 -62717.6 3800.8714
2.11 299.58967 -1059.0718 48319.654 -57051.6 5787.68 -62839.2 3809.2886
2.12 293.09043 -1190.8277 47926.601 -57231.7 5662.12 -62893.8 3814.7623
2.13 301.48345 -1337.8384 48067.887 -56814.4 5824.26 -62638.7 3842.0186
2.14 293.42257 -712.1402 48100.324 -56979.7 5668.54 -62648.2 3858.3105
2.15 292.76397 -917.99309 48067.163 -57354.9 5655.81 -63010.7 3874.0895
2.16 305.77615 -1126.1562 48055.748 -57149.1 5907.19 -63056.3 3919.2705
2.17 284.32729 -2073.0285 48053.687 -57349 5492.83 -62841.8 3938.6614
2.18 298.1423 -1770.1208 48374.024 -57062.3 5759.71 -62822 3988.2434
2.19 309.00155 -757.23624 47604.551 -56896 5969.5 -62865.5 3969.3513
2.2 305.37121 -357.40043 47978.35 -56854.3 5899.37 -62753.6 4013.3286
2.21 292.78119 -2183.9631 47841.909 -57032.5 5656.15 -62688.7 4042.9623
2.22 293.03473 -1237.5907 48350.564 -57444.5 5661.04 -63105.5 4098.7538
2.23 292.62953 -989.96255 48119.035 -56897.6 5653.22 -62550.9 4115.7148
2.24 294.51813 -1119.0177 48379.087 -56996.6 5689.7 -62686.3 4151.2832
2.25 300.89791 -980.26403 48305.996 -56901.1 5812.95 -62714.1 4179.8802
2.26 299.07923 -1128.2472 47964.051 -56853.7 5777.82 -62631.5 4200.9841
2.27 304.66818 -867.53293 47978.966 -56942 5885.79 -62827.8 4213.9432
2.28 300.50453 -1008.8867 47808.841 -57156.6 5805.35 -62962 4231.5671
2.29 303.94835 -1252.8197 48237.23 -57250.7 5871.88 -63122.5 4263.9214
2.3 306.3567 -568.35797 47627.683 -56850.4 5918.41 -62768.8 4255.2278
2.31 296.75368 -1158.4024 48093.102 -57353.9 5732.89 -63086.7 4297.5911
2.32 313.54379 17.419479 47515.636 -56877.7 6057.25 -62934.9 4283.3834
2.33 309.3719 -991.56791 47869.765 -57075.9 5976.66 -63052.6 4335.1581
2.34 292.5793 -1276.1485 48042.971 -57326.2 5652.25 -62978.4 4369.5748
2.35 310.02743 -1229.1524 48441.253 -56902.8 5989.32 -62892.1 4423.4342
2.36 308.37641 -1352.1077 47965.36 -56994.2 5957.42 -62951.6 4413.6353
2.37 307.64134 -858.12244 47962.269 -57012.4 5943.22 -62955.7 4432.9571
2.38 296.30767 -1112.7068 47852.174 -57188.6 5724.27 -62912.9 4440.9815
2.39 304.73105 -832.8513 48079.558 -56720.5 5887 -62607.5 4480.8886
2.4 288.77994 -1100.196 47930.463 -57113.4 5578.85 -62692.2 4487.3147
2.41 291.67951 -1222.5983 48315.395 -57318.1 5634.86 -62953 4535.2129
2.42 302.36593 -716.95141 47654.927 -57083.6 5841.31 -62924.9 4531.9536
2.43 299.04719 -688.11163 48276.98 -56885.4 5777.2 -62662.6 4595.6074
2.44 295.89324 -971.06572 47924.205 -56928.3 5716.27 -62644.5 4589.609
2.45 287.19734 -832.834 47827.524 -57199 5548.27 -62747.3 4618.47
2.46 295.34403 -478.02175 47942.926 -56887.1 5705.66 -62592.7 4654.3896
2.47 310.07337 -773.26374 48090.981 -56377 5990.21 -62367.2 4693.562
2.48 302.49965 -1780.0566 48406.03 -56935.1 5843.89 -62779 4738.5848
2.49 285.54771 -1068.1367 47583.663 -57563.7 5516.4 -63080.1 4694.373
2.5 299.83806 -723.05174 47941.634 -56914.4 5792.47 -62706.9 4744.0054
2.51 294.31297 -888.01814 47868.422 -57501 5685.74 -63186.7 4763.8412
2.52 298.73172 -1393.169 48238.042 -56924.2 5771.1 -62695.3 4796.8721
2.53 306.50052 -1061.4239 48109.169 -56795.9 5921.18 -62717.1 4809.9912
2.54 290.79028 -1040.3959 48306.231 -57256.9 5617.68 -62874.6 4856.5082
2.55 305.30313 -631.9882 47760.31 -57073.3 5898.05 -62971.4 4828.6512
2.56 308.57198 -890.88241 48390.185 -57002.8 5961.2 -62964 4928.5214
2.57 292.38984 -785.80713 48027.497 -57450.5 5648.58 -63099.1 4924.7238
2.58 299.89859 -1385.9119 48321.998 -56895.9 5793.64 -62689.5 4971.9062
2.59 301.15022 -683.57409 47823.151 -56983.4 5817.82 -62801.2 4955.9755
2.6 296.67245 -707.09403 47685.635 -57016.1 5731.32 -62747.4 4984.6712
2.61 305.41264 -764.35202 48688.962 -56705 5900.17 -62605.2 5077.9699
2.62 288.95882 -1155.6049 48193.664 -57115.5 5582.3 -62697.8 5088.7603
2.63 310.0823 -1449.12 48011.544 -56717 5990.38 -62707.4 5105.5704
2.64 304.97705 -1311.1433 47992.759 -57121.1 5891.75 -63012.9 5150.2507
2.65 302.03425 -1176.6228 47919.433 -56895.4 5834.9 -62730.3 5183.7227
2.66 296.34934 -1043.9807 47880.884 -56935.6 5725.08 -62660.7 5224.5837
2.67 295.3624 -1061.4278 47838.491 -56549.5 5706.01 -62255.5 5254.2483
2.68 290.2981 -1251.6627 48094.102 -57175.9 5608.18 -62784.1 5316.5033
2.69 299.98967 -783.16222 48088.177 -56758.8 5795.4 -62554.2 5330.1952
2.7 294.47655 -1118.0129 47884.278 -57093.2 5688.9 -62782.1 5344.8504
2.71 299.17382 -1036.4373 48387.715 -56588.4 5779.64 -62368 5408.7133
2.72 293.79939 -1035.5184 47858.222 -57293.8 5675.82 -62969.6 5371.315
2.73 294.09741 -470.16188 48633.901 -56966.1 5681.57 -62647.7 5445.547
2.74 299.23969 -541.45008 48226.527 -57167.6 5780.92 -62948.5 5433.691
2.75 302.73323 -1029.0976 47641.401 -57181.7 5848.41 -63030.1 5413.6128
2.76 293.29955 -1179.7934 47769.195 -56995.3 5666.16 -62661.5 5450.3266
2.77 291.50102 -1143.4119 47759.976 -57182.8 5631.41 -62814.2 5474.9602
2.78 305.64227 -958.43053 47729.465 -56844.8 5904.6 -62749.4 5512.9952
2.79 289.44815 -1450.6028 48009.079 -57218.6 5591.76 -62810.3 5552.3555
2.8 293.49018 -1649.2284 48148.222 -57481.4 5669.84 -63151.3 5588.4231
2.81 306.86585 -1036.0195 47839.274 -57059.2 5928.24 -62987.4 5564.3714
2.82 296.89705 -1009.2736 47690.099 -57086.7 5735.66 -62822.3 5557.4032
2.83 286.90826 -926.89911 48271.098 -57459.3 5542.69 -63002 5631.7465
2.84 303.85679 -953.47431 47669.624 -56931.2 5870.11 -62801.4 5628.8132
2.85 303.29477 -1218.9813 48407.17 -56983 5859.25 -62842.3 5709.6714
2.86 291.27975 -1190.3607 47827.149 -57151.4 5627.14 -62778.6 5693.1458
2.87 306.35487 -1456.6936 48243.855 -56748.5 5918.37 -62666.9 5772.1352
2.88 301.51982 -668.16215 48003.767 -56913 5824.96 -62738 5779.85
2.89 305.17719 -1089.2172 47889.844 -56785.3 5895.62 -62680.9 5813.5226
2.9 300.0768 -371.64181 47473.018 -56927.4 5797.09 -62724.5 5821.7523
2.91 288.94062 -892.28818 47991.916 -57246.4 5581.95 -62828.3 5874.4467
2.92 301.54837 -315.28786 47874.879 -57258.2 5825.52 -63083.7 5878.27
2.93 300.8292 -1380.2716 48283.221 -57082.2 5811.62 -62893.8 5933.3587
2.94 307.09346 -1760.4548 47987.517 -56981.1 5932.64 -62913.8 5934.4174
2.95 311.9557 -450.17458 47835.467 -56974.1 6026.57 -63000.7 5946.8084
2.96 299.58036 -1386.6848 48044.215 -57187.6 5787.5 -62975.1 5990.637
2.97 304.97223 -708.94547 48030.216 -56922.2 5891.66 -62813.8 6021.5198
2.98 302.53679 -276.28992 48632.842 -56937.3 5844.61 -62781.9 6099.3177
2.99 295.27629 -1232.465 48812.103 -57398.7 5704.35 -63103 6136.8523
3 302.99815 -1776.5624 48413.127 -57016.1 5853.52 -62869.6 6136.0688
3.01 297.11331 -1231.9596 48040.376 -57528.8 5739.84 -63268.6 6129.1037
3.02 305.57704 -1022.8408 48442.704 -56874 5903.34 -62777.3 6193.8799
3.03 296.39829 -977.98015 47902.604 -57293.1 5726.02 -63019.2 6196.2696
3.04 320.15563 -469.75442 47530.971 -56730.2 6184.98 -62915.2 6185.5656
3.05 298.98935 -1006.8314 48340.165 -57172.1 5776.08 -62948.1 6284.601
3.06 304.62295 -1043.6526 48287.758 -57011.6 5884.91 -62896.5 6296.5338
3.07 291.28735 -1455.2152 48277.732 -56921.2 5627.29 -62548.4 6326.6826
3.08 302.39022 -1769.3166 48189.629 -56872 5841.78 -62713.8 6333.2109
3.09 297.64767 -1690.2663 48336.803 -57293.5 5750.16 -63043.6 6345.2778
3.1 301.87243 -1058.5447 47831.005 -56978.4 5831.78 -62810.2 6322.8209
3.11 300.05146 -1298.5737 47838.588 -57076.9 5796.6 -62873.5 6330.6469
3.12 292.12861 -1014.0995 48002.715 -57511.1 5643.54 -63154.6 6376.5382
3.13 313.01528 -580.34406 47788.983 -56939.6 6047.04 -62986.6 6397.9939
3.14 306.15603 -954.4589 47691.104 -57177.3 5914.53 -63091.9 6424.3943
3.15 311.62144 -533.59843 48531.299 -56612.7 6020.11 -62632.8 6539.5713
3.16 285.8935 -1673.1247 48070.055 -57139.4 5523.08 -62662.5 6523.6103
3.17 303.95015 -314.15371 48016.799 -56782.9 5871.92 -62654.9 6554.8066
3.18 301.09015 -1301.2189 48120.363 -57124.2 5816.66 -62940.9 6569.3194
3.19 317.21483 -504.73456 47579.278 -56692.1 6128.17 -62820.3 6561.0509
3.2 303.86812 -1219.2462 47914.366 -57068.4 5870.33 -62938.7 6620.8683
3.21 304.4902 -670.22012 48188.571 -56826.2 5882.35 -62708.5 6668.3492
3.22 302.57952 -1223.7635 48084.42 -57250.9 5845.44 -63096.3 6674.6263
3.23 306.74925 -790.01007 47892.848 -56826.7 5925.99 -62752.7 6689.2065
3.24 303.68516 -845.20771 47903.849 -56658.6 5866.8 -62525.4 6706.4516
3.25 298.43537 -1234.5257 47505.194 -56968.9 5765.38 -62734.3 6690.8337
3.26 311.74721 -1050.1607 48010.826 -56615.7 6022.54 -62638.2 6771.8937
3.27 289.90421 -1608.6984 47934.721 -57194.4 5600.57 -62794.9 6795.1028
3.28 300.44809 -620.70446 47984.134 -56865.2 5804.26 -62669.4 6820.7922
3.29 305.92982 -1569.4793 48497.222 -56786.4 5910.16 -62696.6 6895.1497
3.3 307.5532 -893.02667 48186.595 -56866.9 5941.52 -62808.5 6885.2453
3.31 293.23213 -1363.0728 48273.757 -57269 5664.86 -62933.9 6911.2274
3.32 293.61563 -1096.9414 47978.436 -57188.1 5672.27 -62860.4 6900.3825
3.33 302.58605 -1257.8818 47798.359 -57295.6 5845.56 -63141.2 6888.117
3.34 302.28547 -923.61693 47910.233 -56988 5839.76 -62827.8 6917.8019
3.35 299.82794 -1449.4248 48397.028 -57199.6 5792.28 -62991.9 6994.7846
3.36 308.23111 -844.93005 48056.62 -56907.7 5954.62 -62862.3 6973.8181
3.37 286.21762 -1282.7772 47954.566 -57324.2 5529.35 -62853.5 6968.9698
3.38 306.90479 -643.32888 47255.689 -57111.1 5928.99 -63040.1 6929.8115
3.39 298.38911 -2036.3448 48006.646 -57345.9 5764.48 -63110.4 7042.7508
3.4 297.60636 -1406.4347 47583.093 -57205.5 5749.36 -62954.8 7049.6972
3.41 304.52119 -1227.4893 48229.462 -56937.3 5882.95 -62820.3 7121.0642
3.42 302.71007 -1346.365 47925.119 -56980.4 5847.96 -62828.3 7112.2364
3.43 304.17937 -107.84419 47338.48 -57104.1 5876.34 -62980.5 7077.3048
3.44 302.04196 -1107.014 48144.148 -56802.4 5835.05 -62637.4 7172.9624
3.45 291.36309 -1549.0955 47941.729 -57128 5628.75 -62756.8 7174.1933
3.46 312.59098 -1386.3996 48336.922 -56792.2 6038.84 -62831 7241.776
3.47 296.78963 -1823.3356 48407.723 -57034.2 5733.58 -62767.8 7292.8023
3.48 310.33206 -776.81502 47981.092 -56899.5 5995.21 -62894.7 7284.6786
3.49 295.31922 -825.59536 47831.956 -57354 5705.18 -63059.2 7319.1325
3.5 299.13945 -1335.8962 48522.623 -56920.8 5778.98 -62699.8 7401.7497
3.51 295.09113 -1130.7538 48275.17 -57291 5700.77 -62991.7 7418.2555
3.52 306.67365 -1140.0033 47990.387 -57090.7 5924.53 -63015.3 7418.3332
3.53 297.23148 -638.20186 47958.665 -57192.3 5742.12 -62934.4 7454.8134
3.54 308.88495 -1109.9366 48236.738 -56821.4 5967.25 -62788.6 7524.9287
3.55 294.55753 -650.36485 48502.682 -56986.2 5690.46 -62676.7 7571.3261
3.56 305.91916 -317.72354 47806.676 -57274.9 5909.95 -63184.8 7519.4162
3.57 292.16967 -1067.5428 47994.73 -56918.2 5644.33 -62562.5 7563.5059
3.58 301.28969 -1205.9502 47781.403 -57307.1 5820.52 -63127.6 7567.897
3.59 287.89565 -1308.6248 48228.661 -57425.5 5561.76 -62987.3 7661.8185
3.6 311.07965 -838.59441 47816.992 -56567 6009.65 -62576.6 7660.3844
3.61 300.99541 -1568.9994 47929.963 -57023.8 5814.83 -62838.6 7700.8842
3.62 297.73489 -913.58716 48373.268 -57225.9 5751.84 -62977.8 7751.0235
3.63 305.44943 -281.7122 48102.047 -57045.8 5900.88 -62946.7 7733.4514
3.64 297.58754 -1777.1243 48460.458 -56935.8 5749 -62684.8 7799.031
3.65 295.7823 -691.48388 47980.223 -57150.3 5714.12 -62864.4 7765.6686
3.66 318.42193 -576.69691 47617.103 -56598.7 6151.49 -62750.2 7723.7134
3.67 306.21805 -595.08137 48039.639 -57137.2 5915.73 -63052.9 7807.1739
3.68 299.0767 -1526.5639 48094.433 -56976.4 5777.77 -62754.2 7837.9654
3.69 311.55108 -270.36011 47537.3 -56810.4 6018.76 -62829.2 7786.0087
3.7 305.57191 -588.71254 47806.15 -56918.9 5903.25 -62822.1 7838.0995
3.71 305.92301 -514.20288 47733.031 -56911.6 5910.03 -62821.7 7849.1365
3.72 299.99146 -1447.5946 47718.729 -57052.5 5795.44 -62848 7856.9679
3.73 286.79475 -1379.5031 47786.61 -57272.1 5540.5 -62812.6 7906.6417
3.74 304.4706 -1335.6778 48162.439 -57367.1 5881.97 -63249.1 8002.5851
3.75 298.36169 -1283.1535 48404.428 -57018 5763.95 -62782 8082.7641
3.76 307.312 -777.85634 47966.56 -57000.1 5936.86 -62937 8072.8797
3.77 297.5473 -1601.5483 48322.931 -57241 5748.22 -62989.2 8156.6294
3.78 304.78433 -1266.1246 48163.035 -56812.4 5888.03 -62700.4 8186.6604
3.79 300.60843 -1350.7499 48277.295 -57133.2 5807.36 -62940.6 8219.1656
3.8 298.25006 -1645.3441 48514.517 -56998.2 5761.8 -62760 8258.8307
3.81 302.5256 -1148.6244 48113.254 -56911.2 5844.39 -62755.6 8244.9333
3.82 303.20658 -675.72254 48104.448 -56874.6 5857.55 -62732.2 8263.1542
3.83 292.99246 -1363.9104 48564.027 -57332.2 5660.23 -62992.4 8328.3755
3.84 289.07064 -1780.7748 48380.64 -56803.7 5584.46 -62388.2 8350.8994
3.85 303.30923 -1195.8541 48181.37 -56821.8 5859.53 -62681.3 8334.6728
3.86 305.72316 -1114.2987 48455.174 -57089.7 5906.17 -62995.8 8399.7321
3.87 296.5435 -548.9432 48093.241 -57203.8 5728.83 -62932.6 8393.543
3.88 293.42261 -1151.1633 48114.513 -57146.6 5668.54 -62815.2 8415.1125
3.89 295.57726 -1709.996 47848.372 -56958.6 5710.16 -62668.8 8408.044
3.9 289.72415 -1851.3218 48171.747 -57274.5 5597.09 -62871.6 8474.6482
3.91 307.18026 -1146.8795 47816.016 -56902.9 5934.32 -62837.2 8475.8423
3.92 301.81789 -1153.7708 48205.939 -57266.4 5830.72 -63097.1 8557.801
3.93 300.51916 -828.7651 47695.867 -57222.4 5805.63 -63028 8512.4123
3.94 296.31885 -561.03666 47928.475 -56933.9 5724.49 -62658.4 8573.2497
3.95 300.55222 -802.4775 47640.189 -57009.9 5806.27 -62816.1 8561.1422
3.96 291.91868 -133.88525 47932.706 -57238.2 5639.48 -62877.7 8607.6562
3.97 301.45655 -1567.2664 48226.658 -56609.2 5823.74 -62432.9 8638.091
3.98 295.32903 -635.45176 48069.355 -57271 5705.37 -62976.3 8670.3317
3.99 299.96421 -1920.724 48461.021 -56901.7 5794.91 -62696.6 8729.8671
4 317.64127 -622.71624 47779.871 -56787.2 6136.41 -62923.6 8693.3627
4.01 289.65489 -1353.7405 47886.365 -57307.5 5595.75 -62903.2 8733.3058
4.02 298.22698 -16.283871 47751.931 -57265.4 5761.35 -63026.8 8726.3509
4.03 293.3166 -712.05157 47931.752 -57180.4 5666.49 -62846.8 8777.6736
4.04 304.36361 -586.00617 48327.359 -56962.3 5879.9 -62842.2 8849.7571
4.05 304.11018 -1477.1108 48341.362 -56476.8 5875.01 -62351.8 8892.8727
4.06 308.02472 -821.78972 48415.976 -56727.3 5950.63 -62677.9 8914.0265
4.07 298.49769 -851.59034 47747.521 -57129.1 5766.58 -62895.7 8859.7601
4.08 305.541 -364.19553 47951.527 -57183.3 5902.65 -63086 8884.8982
4.09 308.18872 -1215.1025 48230.629 -56843.8 5953.8 -62797.6 8953.084
4.1 302.60601 -563.44354 47663.128 -57154.8 5845.95 -63000.8 8901.6083
4.11 301.53311 -1413.7604 47831.343 -57208.8 5825.22 -63034 8925.7077
4.12 290.34813 -1727.0615 48357.487 -57382.5 5609.14 -62991.6 9036.3742
4.13 296.95221 -434.90701 47760.69 -56957.1 5736.72 -62693.8 8970.728
4.14 291.60426 -1200.7121 47710.447 -57335.4 5633.41 -62968.8 8956.4603
4.15 301.02965 -828.69773 48481.124 -56905.9 5815.49 -62721.4 9073.158
4.16 298.23497 -664.95824 48157.588 -56918.7 5761.51 -62680.2 9069.2586
4.17 307.4784 -1462.993 48054.688 -56585.2 5940.08 -62525.2 9044.511
4.18 307.26243 -1558.5135 48252.243 -56858.2 5935.9 -62794.1 9067.2158
4.19 299.94381 -1137.3826 48006.221 -56845.4 5794.52 -62639.9 9075.8715
4.2 313.08926 -1234.6414 48184.125 -56786.3 6048.47 -62834.8 9119.0983
4.21 294.57821 -608.04422 47647.031 -57105.9 5690.86 -62796.7 9070.4859
4.22 295.89103 -745.61758 47703.928 -57078.9 5716.22 -62795.1 9108.5492
4.23 297.42398 -331.89885 47631.149 -56937 5745.84 -62682.9 9137.5736
4.24 284.76528 -840.18547 48005.428 -57373.9 5501.29 -62875.1 9210.4984
4.25 303.3749 -1297.7542 48034.254 -56755.7 5860.8 -62616.5 9252.5768
4.26 297.851 -1094.9084 48078.44 -57181.8 5754.09 -62935.9 9296.4326
4.27 302.28629 -1121.4507 47966.125 -57101.9 5839.77 -62941.6 9310.1796
4.28 299.48107 -1411.8279 48466.521 -57088.2 5785.58 -62873.8 9387.6992
4.29 312.68894 -1091.0045 48291.934 -56584.1 6040.74 -62624.8 9382.3601
4.3 293.77579 -443.70983 47902.991 -57113.5 5675.36 -62788.8 9365.6029
4.31 292.48866 -1062.6563 48273.157 -57374.4 5650.49 -63024.9 9431.0526
4.32 302.89813 -1580.1721 48178.323 -57046.6 5851.59 -62898.2 9435.2668
4.33 310.16418 -500.70504 48146.508 -57011.7 5991.96 -63003.7 9476.0653
4.34 303.63421 -371.27166 48043.586 -57060.8 5865.81 -62926.6 9471.8064
4.35 307.42265 -715.13988 48270.173 -56887.7 5939 -62826.7 9511.9045
4.36 307.28637 -752.23218 48206.713 -56891.7 5936.37 -62828.1 9534.5432
4.37 297.69361 -1165.7761 47839.258 -57186.1 5751.05 -62937.2 9500.1581
4.38 301.19754 -250.82493 48103.341 -57129.5 5818.74 -62948.3 9526.6821
4.39 298.17749 -898.72313 48125.021 -56878.2 5760.39 -62638.6 9545.0199
4.4 296.49743 -173.88041 47904.573 -56955.9 5727.94 -62683.8 9531.177
4.41 290.0853 -1156.1406 48431.255 -57065.1 5604.06 -62669.1 9619.9528
4.42 290.58704 -1180.3282 47990.81 -57295.3 5613.76 -62909 9579.6254
4.43 305.7509 -1003.2738 47858.524 -56858.2 5906.7 -62764.9 9608.6497
4.44 305.76737 -857.656 47885.169 -56899.2 5907.02 -62806.3 9642.4484
4.45 293.67355 -691.28846 47601.097 -57344.7 5673.38 -63018.1 9663.0252
4.46 297.15594 -1580.1824 48057.526 -56882 5740.66 -62622.6 9776.6573
4.47 296.42309 -1393.2639 48122.595 -56982.2 5726.5 -62708.7 9773.6782
4.48 295.68281 -795.98178 47916.413 -57228.1 5712.2 -62940.3 9776.4098
4.49 301.98424 -452.55574 47929.007 -57027.4 5833.94 -62861.4 9795.7372
4.5 289.15499 -1911.3059 48177.906 -57176.7 5586.09 -62762.8 9859.5421
4.51 305.97441 -837.01415 48123.975 -56928.1 5911.02 -62839.1 9864.32
4.52 298.90118 -1011.5058 48206.158 -56790.8 5774.38 -62565.2 9899.4944
4.53 309.39276 -129.94995 47827.777 -56914.6 5977.06 -62891.6 9890.7959
4.54 301.68817 -29.129654 47820.848 -57119.9 5828.22 -62948.1 9920.7399
4.55 303.75654 -1940.3986 48268.521 -57068.6 5868.17 -62936.8 10022.877
4.56 303.94083 -282.74835 47859.091 -57188.7 5871.73 -63060.4 9987.9688
4.57 297.81288 -1086.6627 47773.691 -57334.3 5753.35 -63087.7 10009.106
4.58 294.42835 -786.07542 48121.942 -56877.8 5687.97 -62565.8 10086.889
4.59 306.88064 -1064.652 47929.568 -57092.3 5928.53 -63020.9 10076.968
4.6 290.14537 -1692.7011 48231.528 -57494.1 5605.22 -63099.4 10137.372
4.61 299.36984 -992.2397 48096.894 -57028.5 5783.43 -62811.9 10169.739
4.62 304.2352 -1640.7947 48138.356 -56922.4 5877.42 -62799.8 10193.008
4.63 298.58754 -1507.4955 48158.276 -57011.1 5768.32 -62779.4 10222.753
4.64 303.73432 -1211.7854 47831.223 -56909.3 5867.75 -62777 10202.684
4.65 295.96495 -937.81316 47848.784 -56938.8 5717.65 -62656.4 10250.6
4.66 290.15973 -1154.0482 47875.862 -57342.6 5605.5 -62948.1 10260.191
4.67 302.9303 -1059.1779 48034.186 -56558.7 5852.21 -62410.9 10299.482
4.68 303.01183 -706.35594 48178.829 -57127.4 5853.79 -62981.2 10374.2
4.69 304.96247 -949.99786 48001.325 -56823 5891.47 -62714.5 10390.493
4.7 304.67934 -1691.4041 48386.833 -57013.4 5886 -62899.4 10469.594
4.71 289.61348 -1277.7927 48529.678 -56902.6 5594.95 -62497.5 10476.103
4.72 300.2519 -1010.1697 48127.845 -57171.6 5800.47 -62972 10473.73
4.73 308.72152 -1237.7783 47760.112 -56957 5964.09 -62921.1 10441.354
4.74 300.86229 -143.67138 47430.373 -57493 5812.26 -63305.2 10443.61
4.75 300.81222 -1534.1808 47991.337 -56959.3 5811.29 -62770.6 10560.004
4.76 308.00168 -1274.8025 48087.598 -56975.1 5950.19 -62925.3 10594.075
4.77 305.5766 -663.38358 48125.147 -56740.4 5903.34 -62643.7 10625.043
4.78 297.62681 -959.92413 48060.365 -57040.2 5749.76 -62789.9 10646.773
4.79 299.82226 -425.62416 47812.884 -57142.9 5792.17 -62935 10620.772
4.8 304.22219 -1030.9872 47748.312 -56889 5877.17 -62766.1 10629.395
4.81 304.78941 -999.58351 48194.391 -56788.3 5888.13 -62676.4 10735.299
4.82 284.80488 -1894.0066 48407.009 -56991.1 5502.05 -62493.1 10762.443
4.83 294.37513 -188.63634 48237.034 -57509.3 5686.94 -63196.2 10758.557
4.84 303.08155 -886.74233 48084.338 -56886.2 5855.13 -62741.3 10746.664
4.85 303.38462 -1432.2839 48028.532 -56999.9 5860.99 -62860.9 10754.597
4.86 295.96922 -1663.9637 48028.002 -56959 5717.73 -62676.8 10766.036
4.87 304.44442 -511.25278 48574.215 -57172.1 5881.46 -63053.5 10879.856
4.88 298.14615 -1061.3934 47924.2 -56968.7 5759.79 -62728.5 10794.704
4.89 299.47157 -865.86662 48186.817 -57318.5 5785.39 -63103.9 10836.068
4.9 303.95155 -1877.3606 47885.553 -57020.3 5871.94 -62892.3 10812.263
4.91 306.52922 -2064.3147 47942.546 -56849.9 5921.74 -62771.6 10856.633
4.92 292.73953 -765.11717 47724.46 -57257.3 5655.34 -62912.6 10839.26
4.93 301.86019 -1335.6143 48191.13 -56989.6 5831.54 -62821.1 10948.942
4.94 303.88765 -709.9996 47593.62 -56947.8 5870.71 -62818.5 10870.568
4.95 303.04794 -795.454 47890.704 -57023.9 5854.49 -62878.4 10934.22
4.96 304.89794 -953.70034 48132.76 -56674.3 5890.23 -62564.5 10969.232
4.97 299.37923 -1398.9438 48149.276 -57179.2 5783.61 -62962.8 10963.193
4.98 297.42021 -825.79059 47646.418 -57198.7 5745.77 -62944.5 10898.311
4.99 305.68318 -798.67077 48508.878 -56614.1 5905.39 -62519.5 11070.402
5 293.29363 -814.46826 48359.607 -57069.5 5666.05 -62735.5 11072.467
5.01 298.91365 -958.28792 47791.611 -57071.5 5774.62 -62846.2 11026.725
5.02 294.96519 -625.45825 47429.127 -57223.6 5698.34 -62921.9 10995.084
5.03 296.01057 -1218.3252 47850.974 -57278.3 5718.53 -62996.8 11080.695
5.04 297.74123 -571.26302 47892.433 -57035.8 5751.97 -62787.7 11110.341
5.05 300.1927 -984.26113 48205.351 -57226.6 5799.33 -63025.9 11167.872
5.06 293.45616 -492.7184 48774.246 -57240.1 5669.18 -62909.3 11272.428
5.07 295.47861 -1472.053 48176.248 -56923.9 5708.26 -62632.2 11181.22
5.08 292.24254 -1381.9888 47959.138 -57025.9 5645.74 -62671.7 11143.263
5.09 296.59005 -2096.5384 48380.766 -57246.5 5729.73 -62976.2 11219.841
5.1 305.50607 -1524.0547 47819.21 -56968.6 5901.97 -62870.6 11131.146
5.11 302.00176 -637.69516 48211.097 -56943.5 5834.27 -62777.8 11192.112
5.12 296.34629 -1394.7347 48134.504 -57079.7 5725.02 -62804.7 11195.185
5.13 304.80763 -939.68377 48656.018 -56848.2 5888.48 -62736.7 11300.463
5.14 289.02599 -1173.7414 48304.413 -57619.9 5583.6 -63203.5 11269.182
5.15 296.30616 -429.66642 47537.329 -57443.1 5724.24 -63167.4 11158.227
5.16 302.1641 -1850.8068 47956.636 -57185.9 5837.41 -63023.3 11228.347
5.17 299.40023 -1015.0543 47917.575 -57038.4 5784.02 -62822.4 11250.721
5.18 303.17843 12.117421 47707.046 -57136.1 5857.01 -62993.1 11232.741
5.19 295.52615 -171.202 47613.918 -56813.8 5709.17 -62523 11228.46
5.2 300.024 -375.0069 47759.618 -56915.2 5796.07 -62711.3 11290.655
5.21 314.5872 -772.1141 48024.942 -56550.3 6077.41 -62627.7 11353.196
5.22 297.99774 -1154.6528 48173.779 -57091.4 5756.92 -62848.3 11404.971
5.23 304.94133 -139.9127 48093.249 -56823.4 5891.06 -62714.5 11415.705
5.24 300.80562 -132.35344 47874.875 -56777.4 5811.17 -62588.6 11402.665
5.25 299.92756 -466.69159 48160.304 -57323.9 5794.2 -63118.1 11468.214
5.26 303.61378 -607.57231 47718.045 -56931.8 5865.42 -62797.2 11401.776
5.27 285.69329 -867.96249 47772.391 -57638.2 5519.22 -63157.4 11424.992
5.28 294.89783 -1301.3913 48094.935 -57206.2 5697.04 -62903.2 11496.394
5.29 299.2039 -922.76736 48126.374 -57010.5 5780.22 -62790.8 11499.758
5.3 307.16083 -436.98831 47876.111 -56795.2 5933.94 -62729.1 11505.61
5.31 303.30289 -915.3591 48221.794 -57044.2 5859.41 -62903.6 11631.328
5.32 295.6424 -1223.9911 48329.05 -56907.2 5711.42 -62618.6 11662.535
5.33 301.30994 -1074.6151 48211.212 -56818.9 5820.91 -62639.8 11667.688
5.34 293.64129 -489.11748 47708.356 -57297.7 5672.76 -62970.5 11633.109
5.35 306.82162 -1123.5841 48350.411 -57104.8 5927.39 -63032.2 11775.133
5.36 289.89237 -1446.4561 47845.588 -57378.5 5600.34 -62978.9 11745.77
5.37 298.5059 -1455.9228 48376.499 -57054.3 5766.74 -62821 11858.549
5.38 296.84532 -1033.0277 47894.333 -56991.7 5734.66 -62726.4 11799.241
5.39 306.50536 -558.54745 47801.781 -57243.2 5921.28 -63164.5 11819.348
5.4 315.20312 -701.24523 47934.284 -56840.4 6089.31 -62929.7 11846.564
5.41 303.85101 -684.68827 48014.93 -56893.5 5870 -62763.5 11896.929
5.42 304.21733 -1305.4766 48022.744 -57116.7 5877.08 -62993.8 11939.942
5.43 309.71386 -518.91702 47893.07 -56942 5983.26 -62925.3 11908.665
5.44 300.70572 -338.71378 47939.109 -57313.2 5809.24 -63122.5 11963.206
5.45 289.59686 -1548.6778 48321.048 -57440.4 5594.63 -63035 12054.736
5.46 297.44167 -1127.6334 47704.471 -57167.5 5746.18 -62913.7 11978.999
5.47 307.18195 -1088.7767 48143.506 -56554.5 5934.35 -62488.9 12048.961
5.48 305.2307 -1009.7519 47735.606 -57129 5896.65 -63025.6 11992.933
5.49 308.83213 -726.9436 47716.737 -56870.6 5966.23 -62836.9 11996.063
5.5 299.11012 -1946.9354 48260.242 -56992.3 5778.41 -62770.7 12126.427
5.51 285.61955 -1042.9162 48234.016 -56938.8 5517.79 -62456.6 12155.105
5.52 297.98085 -952.96896 48012.817 -57176.3 5756.6 -62932.9 12144.17
5.53 303.96855 -933.35712 47734.908 -56920.8 5872.27 -62793 12128.593
5.54 299.2494 -769.15704 48257.297 -57008.2 5781.1 -62789.3 12241.904
5.55 289.32918 -500.23729 48226.6 -57229.6 5589.46 -62819.1 12259.119
5.56 298.02011 -1315.3571 48290.958 -57079.4 5757.35 -62836.8 12281.66
5.57 291.64458 -1480.4444 47685.491 -57154 5634.19 -62788.1 12193.427
5.58 299.70964 -1074.6627 48272.982 -57017.1 5789.99 -62807.1 12324.363
5.59 292.36398 -1113.3816 48139.571 -57209.7 5648.09 -62857.8 12355.132
5.6 305.56678 -296.94251 48023.35 -56893.1 5903.15 -62796.2 12349.836
5.61 291.86129 -874.84536 47935.417 -56973.2 5638.37 -62611.6 12353.968
5.62 301.97976 -1224.1152 48118.824 -56773.3 5833.85 -62607.1 12410.053
5.63 296.50258 -1304.4608 47931.747 -57308.8 5728.04 -63036.9 12427.773
5.64 295.62564 -700.41985 48226.006 -57251.2 5711.1 -62962.3 12496.592
5.65 293.07215 -759.61715 48353.759 -56943 5661.77 -62604.7 12516.729
5.66 291.14044 -1133.3849 47804.301 -57276.9 5624.45 -62901.4 12466.072
5.67 300.03422 -837.95501 48005.351 -57257.4 5796.26 -63053.6 12540.705
5.68 302.93945 -1506.4199 47735.584 -56949.4 5852.39 -62801.8 12525.475
5.69 289.6191 -1147.8036 48447.55 -57279.1 5595.06 -62874.2 12680.817
5.7 293.68115 -767.55149 47930.303 -57352.9 5673.53 -63026.5 12595.681
5.71 302.68371 -723.47728 48311.583 -56854.8 5847.45 -62702.3 12684.501
5.72 300.43922 -356.30461 47773.066 -57133.7 5804.09 -62937.8 12626.375
5.73 293.49404 -1172.1969 47651.663 -56967.3 5669.92 -62637.2 12614.756
5.74 305.88246 -829.44322 48152.093 -56805.3 5909.24 -62714.5 12758.878
5.75 309.61853 -560.36728 47714.603 -56831.6 5981.42 -62813 12732.108
5.76 304.18535 -2678.8087 48971.436 -56869.1 5876.46 -62745.5 12978.433
5.77 295.83134 -1253.3932 48398.148 -57074.5 5715.07 -62789.6 12906.724
5.78 303.45421 -934.06443 48337.818 -56859.5 5862.33 -62721.9 12916.697
5.79 307.09862 -1301.2897 48125.164 -57131.3 5932.74 -63064 12881.156
5.8 294.99588 -637.06467 48122.169 -56880.5 5698.93 -62579.4 12921.364
5.81 280.44477 -1172.9227 48020.743 -57009.7 5417.82 -62427.5 12938.097
5.82 286.7625 -933.85723 47369.516 -57594.3 5539.87 -63134.2 12835.178
5.83 293.38161 -1606.4339 48031.108 -56940.2 5667.74 -62608 12982.499
5.84 297.22143 -1041.4357 47739.122 -57010.9 5741.92 -62752.8 12966.327
5.85 305.0318 -695.92779 48271.895 -57115.9 5892.81 -63008.8 13081.757
5.86 305.56237 -786.54433 47715.024 -56828.4 5903.06 -62731.4 13026.549
5.87 299.15603 -1106.3043 48277.667 -57012.4 5779.3 -62791.7 13153.581
5.88 300.68614 -748.51844 47815.922 -56967.8 5808.86 -62776.6 13108.282
5.89 298.92595 -1193.1132 47702.081 -57000 5774.85 -62774.8 13093.2
5.9 305.65784 -971.5572 47819.893 -56987.4 5904.91 -62892.3 13124.885
5.91 288.82316 -1850.599 47934.382 -57729.6 5579.68 -63309.3 13184.96
5.92 305.14384 -928.36895 48213.919 -57038.8 5894.98 -62933.8 13293.074
5.93 293.57825 -915.7643 48428.382 -56776.8 5671.54 -62448.3 13400.211
5.94 292.61319 -1769.511 48179.003 -57008.1 5652.9 -62661 13400.958
5.95 313.27449 -1036.87 47911.167 -56691 6052.05 -62743 13395.939
5.96 294.76749 -769.73341 48094.856 -57192.7 5694.52 -62887.2 13443.276
5.97 306.42031 -1608.3621 48056.605 -56895.4 5919.64 -62815 13455.633
5.98 296.54071 -1201.3021 48147.234 -56961 5728.77 -62689.8 13482.742
5.99 291.33203 -547.43533 48002.102 -57474.9 5628.15 -63103.1 13504.401
6 297.02436 -934.98966 48351.277 -57241.5 5738.12 -62979.6 13590.764
6.01 294.80945 -1145.469 47942.798 -57086.5 5695.33 -62781.8 13518.958
6.02 297.82565 -457.63527 47978.919 -57164.7 5753.6 -62918.3 13550.809
6.03 305.83489 -235.18747 47841.781 -56946.1 5908.33 -62854.5 13544.389
6.04 314.22591 -1258.0384 47870 -56838.4 6070.43 -62908.8 13563.382
6.05 300.23265 -588.4371 47957.455 -57145.8 5800.1 -62945.9 13640.56
6.06 318.32002 -910.99464 48194.017 -56622.8 6149.52 -62772.3 13728.218
6.07 298.03758 -1153.06 47833.266 -57018.8 5757.69 -62776.5 13714.258
6.08 313.94827 -515.21765 48719.661 -56532.2 6065.07 -62597.2 13869.026
6.09 302.38919 -465.74231 47923.746 -56929.2 5841.76 -62770.9 13778.246
6.1 296.80147 -707.71529 47738.79 -57565.8 5733.81 -63299.6 13780.675
6.11 296.92621 -1313.6725 47881.559 -56921.9 5736.22 -62658.1 13838.37
6.12 307.65468 -1055.8752 47899.623 -56659.2 5943.48 -62602.7 13878.163
6.13 290.72106 -1312.8358 48013.911 -57281.8 5616.35 -62898.2 13957.77
6.14 297.02698 -1485.2197 48264.319 -56938.7 5738.17 -62676.8 14047.87
6.15 297.06385 -1352.5681 47655.744 -57041.1 5738.88 -62780 13966.579
6.16 302.74247 -701.39372 47823.743 -57335 5848.58 -63183.6 14040.176
6.17 300.01283 -1603.559 48054.135 -57103.1 5795.85 -62899 14097.429
6.18 300.2635 -2303.323 48430.915 -56639 5800.69 -62439.7 14201.427
6.19 302.24568 -2122.9909 48310.038 -56957.8 5838.99 -62796.7 14196.21
6.2 300.68099 -1769.414 47690.418 -57010.6 5808.76 -62819.4 14104.157
6.21 308.74976 -973.57339 47975.583 -56717.8 5964.64 -62682.5 14196.434
6.22 300.10859 -139.97776 47568.11 -57137.8 5797.7 -62935.5 14139.599
6.23 304.72149 -1426.3033 47754.835 -56733.2 5886.82 -62620 14219.575
6.24 296.80371 -1071.4479 48256.468 -57273.3 5733.86 -63007.2 14319.189
6.25 298.70372 -641.54887 47910.65 -57112.7 5770.56 -62883.2 14245.384
6.26 305.05294 -1211.8335 48157.512 -56791.3 5893.22 -62684.5 14331.618
6.27 302.9398 -957.15041 47635.669 -57016.2 5852.4 -62868.6 14239.68
6.28 297.83672 -748.59261 47835.217 -57335.2 5753.81 -63089 14292.959
6.29 297.2992 -1560.8316 47766.9 -56889.6 5743.43 -62633 14324.945
6.3 294.73489 -941.40536 47882.172 -57152.4 5693.89 -62846.3 14367.868
6.31 298.046 -907.07799 47997.194 -56835.8 5757.85 -62593.7 14433.826
6.32 299.30789 -1123.243 48100.737 -57066 5782.23 -62848.3 14444.168
6.33 297.44445 -783.15239 47724.594 -57251.1 5746.23 -62997.4 14400.163
6.34 287.95197 -661.85191 47861.031 -57727.3 5562.85 -63290.1 14449.335
6.35 297.34265 -587.64803 48198.707 -57166 5744.27 -62910.2 14519.373
6.36 277.03186 -1746.4718 48161.348 -57456.3 5351.89 -62808.2 14548.293
6.37 295.95773 -1634.299 48278.462 -57037.3 5717.51 -62754.8 14600.865
6.38 314.02418 -859.09466 48025.768 -56725.9 6066.53 -62792.5 14559.63
6.39 291.49252 -1004.1277 48158.073 -57460.8 5631.25 -63092 14608.648
6.4 304.11259 -1029.916 47919.971 -57285.2 5875.05 -63160.3 14584.936
6.41 292.11954 -1784.711 47977.563 -57208.1 5643.36 -62851.5 14644.824
6.42 295.73593 -616.92831 47852.57 -57228.8 5713.23 -62942 14659.655
6.43 298.04228 -676.63005 47755.664 -57089 5757.78 -62846.8 14680.891
6.44 292.83684 -339.11631 47803.1 -57295.5 5657.22 -62952.8 14693.358
6.45 292.90823 -941.06444 47876.635 -57155.5 5658.6 -62814.1 14719.448
6.46 309.37931 -625.26787 47942.644 -57157.3 5976.8 -63134.1 14752.39
6.47 286.032 -621.76001 48214.63 -57265 5525.76 -62790.7 14851.156
6.48 294.42812 -788.01693 48078.408 -56803.5 5687.96 -62491.5 14822.628
6.49 309.42084 -1021.0695 47866.222 -57024.7 5977.6 -63002.3 14811.249
6.5 304.62847 -703.03974 47640.921 -56961.8 5885.02 -62846.8 14776.669
6.51 290.38166 -1170.2333 48004.372 -57342.5 5609.79 -62952.3 14851.544
6.52 290.34223 -1043.1832 48082.431 -57247.7 5609.03 -62856.7 14853.505
6.53 290.85672 -357.97157 47951.437 -57340.3 5618.97 -62959.2 14826.696
6.54 307.27886 -1185.4136 47914.512 -57033.4 5936.22 -62969.6 14839.308
6.55 289.03404 -2052.5108 48043.218 -57146.6 5583.76 -62730.3 14896.604
6.56 288.60263 -1365.7936 48647.084 -57199.7 5575.42 -62775.2 15055.689
6.57 301.19372 -1188.1307 47714.672 -57163.8 5818.66 -62982.5 14928.706
6.58 306.9627 -916.73601 47932.844 -56729.9 5930.11 -62660 14992.379
6.59 299.73583 -751.28946 47738.526 -57155 5790.5 -62945.5 14959.593
6.6 296.65026 -1512.325 48570.739 -57005.4 5730.89 -62736.3 15141.132
6.61 298.54267 -1701.6239 48129.856 -56862.4 5767.45 -62629.9 15079.256
6.62 308.44709 -922.19534 47945.16 -56805.7 5958.79 -62764.5 15077.433
6.63 297.31163 -1803.9863 47899.501 -57177.7 5743.67 -62921.4 15097.999
6.64 295.23766 -860.3621 48284.74 -57049.3 5703.6 -62752.9 15186.982
6.65 296.81645 -608.84844 47345.765 -57131 5734.1 -62865.1 15021.88
6.66 297.56544 -570.77211 47448.446 -57098.7 5748.57 -62847.2 15078.187
6.67 296.11257 -218.77041 47854.13 -57126.3 5720.5 -62846.8 15147.791
6.68 296.05973 -860.90267 48021.631 -57202 5719.48 -62921.5 15194.719
6.69 297.17131 -115.09294 47776.919 -57450.9 5740.96 -63191.9 15174.643
6.7 307.11559 -1020.3484 47905.215 -56900.7 5933.07 -62833.7 15219.486
6.71 294.51792 -1188.9131 47928.404 -56835.9 5689.7 -62525.6 15246.175
6.72 298.72824 -709.96092 48144.021 -56682.7 5771.03 -62453.7 15295.283
6.73 300.23834 -1767.3885 48270.166 -56915 5800.21 -62715.3 15338.944
6.74 290.69806 -575.34594 47760.929 -57126.3 5615.9 -62742.2 15228.985
6.75 307.78886 -446.91152 47931.077 -56882.3 5946.07 -62828.3 15289.71
6.76 307.20468 -725.40306 48168.159 -56636 5934.79 -62570.8 15359.779
6.77 300.75738 -412.33654 48071.042 -57018.9 5810.24 -62829.1 15347.464
6.78 292.74879 -1003.203 47876.859 -57486.9 5655.52 -63142.4 15342.61
6.79 297.7962 -1448.2137 48320.472 -57138.5 5753.03 -62891.5 15455.351
6.8 303.91531 -585.94305 47938.277 -56966 5871.24 -62837.3 15397.875
6.81 292.43584 -1232.0377 48095.03 -57061.4 5649.47 -62710.9 15448.821
6.82 301.28914 -1354.0555 48129.249 -56905.2 5820.51 -62725.7 15484.019
6.83 301.8893 -1792.2366 48019.7 -57178.5 5832.1 -63010.6 15504.093
6.84 293.41919 -1439.3297 47842.494 -57505.7 5668.47 -63174.1 15493.249
6.85 305.31059 -1022.7065 48152.752 -56835.3 5898.2 -62733.5 15595.745
6.86 303.37999 -812.95456 47983.04 -57187 5860.9 -63047.9 15574.957
6.87 306.14641 -979.43045 48038.927 -56802.9 5914.34 -62717.2 15603.747
6.88 299.93703 -1421.2368 48036.96 -57062.7 5794.39 -62857 15634.631
6.89 292.41354 -1047.1484 48074.201 -57212.1 5649.04 -62861.1 15670.514
6.9 293.88376 -1607.6514 48295.95 -56817.5 5677.45 -62495 15757.751
6.91 305.31364 -602.38748 47932.778 -56861.9 5898.26 -62760.2 15720.087
6.92 304.28199 -1381.697 47873.724 -56889.7 5878.33 -62768.1 15717.446
6.93 294.91008 -1149.021 47805.238 -57132.7 5697.27 -62829.9 15723.345
6.94 301.97407 -979.4776 47956.257 -57062.4 5833.74 -62896.1 15777.258
6.95 296.8986 -813.19188 48398.407 -57460 5735.69 -63195.7 15900.594
6.96 310.39708 -1460.8171 47829.83 -57167.4 5996.46 -63163.9 15806.649
6.97 313.00742 -1370.5658 47888.695 -56692.4 6046.89 -62739.3 15840.045
6.98 299.12948 -990.91408 48142.379 -57061.9 5778.79 -62840.7 15891.639
6.99 289.00488 -991.61957 48047.554 -57355.5 5583.19 -62938.6 15861.455
7 312.77028 -869.1054 47984.101 -56820.5 6042.31 -62862.8 15865.321
7.01 308.1318 -938.99963 47829.381 -56856.8 5952.7 -62809.5 15880.976
7.02 301.08502 -1123.3657 47598.933 -56813.3 5816.56 -62629.8 15857.466
7.03 289.3172 -1098.9641 48068.113 -57213.5 5589.23 -62802.7 15987.004
7.04 298.86143 -893.39839 48170.892 -56884.7 5773.61 -62658.3 16026.147
7.05 305.54011 -1202.2017 47779.028 -56826.5 5902.63 -62729.2 15958.288
7.06 299.8295 -1034.9553 47638.759 -57156.3 5792.31 -62948.6 15976.54
7.07 308.96706 -1432.9918 48305.095 -56820.7 5968.83 -62789.6 16124.998
7.08 290.57899 -1488.4947 48758.665 -56821.2 5613.6 -62434.8 16239.697
7.09 295.23332 -1278.2176 48047.833 -57062.1 5703.52 -62765.6 16109.979
7.1 286.1842 -1795.6893 48147.604 -57330.3 5528.7 -62859 16152.78
7.11 299.30229 -1163.783 48065.03 -56993.7 5782.12 -62775.8 16129.333
7.12 302.22333 -1408.914 48057.956 -56954.8 5838.56 -62793.3 16163.872
7.13 289.05261 -1372.9041 48287.817 -56924.9 5584.11 -62509 16226.105
7.14 306.52679 -814.93491 47760.704 -56817.1 5921.69 -62738.8 16158.087
7.15 311.36025 -1130.5438 47961.072 -56909.3 6015.07 -62924.4 16209.865
7.16 306.6151 -1199.7139 48507.054 -56896.1 5923.4 -62819.5 16392.69
7.17 295.84228 -237.68685 48260.818 -57291.4 5715.28 -63006.7 16339.941
7.18 305.2099 -987.21087 48184.272 -57239.9 5896.25 -63136.1 16331.184
7.19 302.57374 -1152.6977 48687.711 -56964.2 5845.32 -62809.6 16438.279
7.2 306.08373 -1295.376 47985.693 -57211.2 5913.13 -63124.3 16311.678
7.21 298.95223 -1097.9098 48266.601 -56924.8 5775.36 -62700.1 16414.722
7.22 307.05407 -1001.1178 47995.713 -56999.5 5931.88 -62931.4 16380.536
7.23 292.86482 -187.25792 47857.076 -57225.7 5657.76 -62883.5 16369.792
7.24 298.23273 -919.6039 48029.099 -57376.1 5761.46 -63137.6 16422.004
7.25 304.61692 -392.48461 48355.695 -57196.8 5884.8 -63081.6 16507.024
7.26 295.30271 -799.18072 48170.457 -56884.9 5704.86 -62589.7 16453.601
7.27 300.29499 -780.46778 48112.339 -57074.4 5801.3 -62875.7 16503.586
7.28 308.74879 -1532.6705 47938.571 -57126.5 5964.62 -63091.1 16516.605
7.29 307.85667 -502.43065 47388.842 -56937 5947.38 -62884.4 16404.501
7.3 294.59599 -941.95617 47928.69 -56823.6 5691.2 -62514.8 16552.949
7.31 296.10514 -1501.325 47817.79 -56984.4 5720.36 -62704.8 16563.172
7.32 288.71543 -1170.4874 48103.565 -57305.5 5577.6 -62883.1 16631.845
7.33 297.81538 -680.78073 47742.729 -57209.8 5753.4 -62963.1 16588.603
7.34 312.56755 -1047.5467 48289.446 -56779.9 6038.39 -62818.3 16755.544
7.35 306.36576 -366.52387 47888.608 -56995.8 5918.58 -62914.4 16668.735
7.36 291.1042 -1188.9296 48358.829 -57311.3 5623.75 -62935.1 16782.03
7.37 290.49243 -1161.2611 47879.746 -57227.7 5611.93 -62839.6 16659.063
7.38 301.073 -1045.3626 47978.522 -56976.4 5816.33 -62792.7 16716.979
7.39 301.55894 -1186.4583 48463.517 -57075.5 5825.72 -62901.2 16847.284
7.4 308.76962 -1157.7331 48149.577 -56666.9 5965.02 -62631.9 16803.004
7.41 292.7917 -1126.6583 47871.401 -57290.7 5656.35 -62947.1 16785.227
7.42 293.92131 -1796.2778 48204.995 -56805.9 5678.17 -62484.1 16887.31
7.43 305.52924 -540.81423 47848.611 -56992.6 5902.42 -62895 16833.247
7.44 288.68929 -1715.3871 48351.518 -57537.3 5577.1 -63114.4 16952.287
7.45 301.17595 226.73274 47665.726 -57273.3 5818.32 -63091.7 16812.499
7.46 295.95448 -1730.8432 48390.872 -56728.4 5717.45 -62445.8 17021.619
7.47 303.81323 -810.119 47991.295 -57169.6 5869.27 -63038.9 16929.391
7.48 309.45843 -1616.8011 48416.802 -56481.4 5978.33 -62459.7 17067.507
7.49 299.02615 -1289.0538 48050.674 -57076.9 5776.79 -62853.7 17010.663
7.5 294.74035 -1217.4694 48229.932 -57103.4 5693.99 -62797.4 17097.983
7.51 298.84127 -1553.2314 48181.359 -57277.9 5773.22 -63051.1 17093.315
7.52 300.31077 -1357.1567 47868.594 -56894 5801.61 -62695.6 17075.102
7.53 305.74234 -546.29187 48078.248 -56975 5906.54 -62881.5 17136.98
7.54 289.63633 -447.99159 47716.899 -57430.5 5595.39 -63025.9 17116.049
7.55 296.44326 -979.41174 47740.905 -57282.9 5726.89 -63009.7 17136.063
7.56 301.40849 -1361.7666 47782.536 -57003.2 5822.81 -62826 17156.172
7.57 299.34989 -2009.391 48459.737 -56902.7 5783.04 -62685.8 17353.604
7.58 289.44071 -1420.068 47717.16 -57076.9 5591.61 -62668.5 17204.305
7.59 305.76396 -1766.0825 48468.197 -56890 5906.96 -62797 17411.472
7.6 315.02636 -673.99284 47627.435 -56775.7 6085.89 -62861.6 17257.799
7.61 305.54013 -708.49389 47959.819 -56980.6 5902.63 -62883.3 17383.948
7.62 292.08213 -675.70936 47631.651 -57400.4 5642.64 -63043 17321.151
7.63 305.17714 -711.37403 47862.948 -57120.9 5895.62 -63016.5 17413.584
7.64 297.52986 -1181.4434 48219.205 -57091.1 5747.88 -62839 17509.796
7.65 305.07543 -1281.3891 48142.773 -56752 5893.65 -62645.7 17517.764
7.66 304.88379 -843.55448 48093.491 -57056.3 5889.95 -62946.2 17524.991
7.67 294.03085 -609.95216 48015.733 -57260.8 5680.29 -62941.1 17515.109
7.68 295.95484 -805.55724 47807.364 -56888.8 5717.46 -62606.3 17506.543
7.69 305.04925 -463.45859 47866.017 -56920.4 5893.15 -62813.5 17528.453
7.7 309.01753 -873.88366 47940.198 -56667.8 5969.81 -62637.6 17568.177
7.71 310.18605 -518.099 48194.938 -57055.5 5992.38 -63047.9 17660.848
7.72 295.25278 -550.98506 47869.544 -56896.1 5703.89 -62599.9 17599.774
7.73 302.94522 -1241.4458 48162.119 -56938.3 5852.5 -62790.8 17666.8
7.74 297.16571 -1267.0241 48135.273 -57126.8 5740.85 -62867.7 17696.329
7.75 307.07838 -1332.6654 47955.049 -57154.1 5932.35 -63086.5 17682.855
7.76 304.99653 -1106.7908 48073.984 -56848.6 5892.13 -62740.7 17754.136
7.77 298.17054 -1146.6575 48094.477 -57108.2 5760.26 -62868.4 17805.497
7.78 300.22356 -1085.9786 48026.707 -56598.5 5799.92 -62398.4 17812.703
7.79 307.65858 -981.25218 47943.81 -56737 5943.56 -62680.6 17782.214
7.8 303.99792 -903.67559 47898.958 -56980 5872.84 -62852.8 17803.155
7.81 307.25217 -1065.939 47988.641 -57099.7 5935.71 -63035.4 17861.576
7.82 301.81871 -874.44466 47649.675 -57069.2 5830.74 -62899.9 17854.794
7.83 301.1267 -343.14374 47642.283 -57359 5817.37 -63176.3 17868.769
7.84 305.65999 -730.29399 47847.107 -56854.8 5904.95 -62759.8 17952.348
7.85 300.58256 -1204.096 48041.875 -56968.9 5806.86 -62775.7 18044.539
7.86 290.42649 -1976.7086 48077.043 -57071.3 5610.66 -62682 18070.51
7.87 295.37978 -1506.3841 48370.481 -57401.6 5706.35 -63107.9 18191.212
7.88 310.47739 -1400.4717 47979.186 -57149.9 5998.01 -63147.9 18088.781
7.89 296.2823 -726.69309 48095.907 -56784.3 5723.78 -62508.1 18144.578
7.9 298.7508 -835.478 47942.088 -56959.4 5771.47 -62730.9 18140.448
7.91 300.37107 -1051.4819 48307.692 -56954.3 5802.77 -62757 18248.17
7.92 299.63392 -2038.577 47911.944 -56912.6 5788.53 -62701.1 18169.18
7.93 306.4803 -1698.2747 48328.163 -56721.2 5920.79 -62642 18287.315
7.94 297.49332 -1199.7772 48353.062 -57147.8 5747.18 -62895 18317.723
7.95 309.58308 -1670.5771 48310.977 -56784.5 5980.74 -62765.3 18338.099
7.96 294.31581 -820.25358 47936.014 -57229.9 5685.79 -62915.7 18253.378
7.97 318.30534 -610.62305 48140.549 -56819.5 6149.24 -62968.7 18327.542
7.98 294.96558 -1740.3534 47956.852 -57249.3 5698.35 -62947.7 18317.409
7.99 299.62127 -682.70842 47887.185 -56852.8 5788.29 -62641 18332.007
8 303.97164 -1191.0059 48184.138 -56723.8 5872.33 -62596.2 18426.905
8.01 301.11319 -771.03813 48163.662 -56777.3 5817.11 -62594.4 18454.213
8.02 299.16489 -1394.8009 48164.36 -56898.1 5779.47 -62677.5 18463.29
8.03 308.50627 -1109.4641 48312.455 -56597.9 5959.93 -62557.8 18516.942
8.04 303.25496 -518.39067 47603.63 -56906.3 5858.48 -62764.8 18359.184
8.05 300.74395 -683.9563 48230.495 -56943.4 5809.98 -62753.4 18495.035
8.06 286.47599 -1765.4826 48291.196 -57255.8 5534.34 -62790.1 18513.196
8.07 298.50059 -929.29152 48117.436 -57074.2 5766.64 -62840.9 18500.961
8.08 302.28452 -459.59444 47427.14 -56834 5839.74 -62673.7 18360.621
8.09 298.57304 -962.85333 47981.099 -57483.1 5768.04 -63251.1 18553.72
8.1 287.55367 -869.53078 47952.421 -56781 5555.16 -62336.2 18570.529
8.11 298.4813 -620.13503 48167.003 -57181.9 5766.26 -62948.2 18609.509
8.12 296.95442 -1286.7703 48026.089 -56727.4 5736.77 -62464.2 18613.381
8.13 295.80468 -947.96001 47722.287 -57007.6 5714.56 -62722.1 18598.154
8.14 305.92069 -1380.5223 48213.536 -56772 5909.98 -62682 18771.434
8.15 305.27782 -779.75327 47947.863 -56710.1 5897.56 -62607.7 18721.59
8.16 294.62525 -796.41153 47906.714 -57174.2 5691.77 -62866 18694.828
8.17 306.74118 -971.56059 47701.399 -57040.7 5925.83 -62966.5 18672.594
8.18 301.22743 -681.54992 47806.334 -57145.6 5819.32 -62964.9 18713.393
8.19 297.10216 -807.22555 47681.551 -57315.8 5739.62 -63055.4 18721.318
8.2 301.68794 -1319.8266 48033.438 -57047.6 5828.21 -62875.8 18844.436
8.21 298.94485 -1103.9465 47966.117 -56976.4 5775.22 -62751.6 18842.857
8.22 300.09678 -806.83209 47786.941 -57173.7 5797.47 -62971.1 18842.867
8.23 295.58502 -761.40155 47738.419 -56855.9 5710.31 -62566.3 18848.701
8.24 290.06865 -972.00613 48209.46 -56884.3 5603.74 -62488 18987.913
8.25 306.13045 -74.177815 47588.213 -57034.1 5914.04 -62948.1 18857.349
8.26 300.1636 -899.39314 47763.897 -57118.8 5798.76 -62917.6 18916.915
8.27 309.92409 -213.04842 48132.685 -56776.5 5987.32 -62763.8 19006.255
8.28 301.69128 -1560.9141 48302.524 -57512.9 5828.28 -63341.1 19061.246
8.29 300.03432 -1055.5775 47503.203 -57014.6 5796.27 -62810.9 18886.721
8.3 302.21121 -1562.9372 48134.575 -57055.3 5838.32 -62893.6 19109.472
8.31 297.02739 -256.0639 47547.787 -57125.2 5738.18 -62863.3 18946.202
8.32 291.14765 -196.62692 47811.098 -57200.3 5624.59 -62824.9 19067.176
8.33 292.23298 -979.42556 47801.792 -57098.5 5645.55 -62744 19084.039
8.34 311.01889 -635.18537 47883.559 -56603.2 6008.47 -62611.6 19128.882
8.35 296.44884 -1083.6355 47779.01 -57109.9 5727 -62836.9 19136.889
8.36 291.29295 -939.98699 48383.392 -57033.1 5627.39 -62660.5 19294.554
8.37 287.54855 -661.48197 47671.261 -57146.1 5555.06 -62701.1 19129.676
8.38 306.37815 -1022.7439 48453.688 -56549.5 5918.82 -62468.3 19374.618
8.39 294.87584 -610.26484 47932.206 -57069.7 5696.61 -62766.3 19234.199
8.4 305.72514 -902.31205 48249.119 -57276.4 5906.21 -63182.6 19346.563
8.41 301.80843 -1417.1375 47867.063 -57086.2 5830.54 -62916.8 19250.747
8.42 307.856 -596.56362 47854.356 -56796.6 5947.37 -62744 19317.734
8.43 304.6958 -1289.3839 48044.692 -56946.5 5886.32 -62832.8 19411.408
8.44 292.58088 -602.66796 47683.478 -57403.7 5652.28 -63056 19343.28
8.45 296.2934 -1072.8761 47792.931 -57296.2 5724 -63020.2 19396.58
8.46 300.59368 -513.392 48129.517 -56937.9 5807.07 -62745 19492.727
8.47 301.66552 -484.88129 48016.098 -57011.8 5827.78 -62839.6 19435.358
8.48 302.10415 -1044.7738 48099.323 -57097.7 5836.25 -62934 19493.597
8.49 302.42018 -1398.0757 48141.759 -56987.5 5842.36 -62829.9 19530.028
8.5 286.44351 -1305.8834 48172.577 -57227.5 5533.71 -62761.2 19576.305
8.51 287.00917 -738.83487 47661.725 -57081.4 5544.64 -62626.1 19471.389
8.52 302.1289 -710.76312 47743.665 -56955.6 5836.73 -62792.4 19512.828
8.53 297.41971 -1534.3076 47731.461 -56852.5 5745.76 -62598.3 19514.876
8.54 308.01996 -964.33921 48174.343 -56931.3 5950.54 -62881.9 19682.051
8.55 296.02681 -1503.7661 47592.145 -57309.1 5718.85 -63028 19587.718
8.56 305.97077 -922.59292 48241.849 -56714.6 5910.95 -62625.5 19824.116
8.57 302.14899 -604.60063 47647.304 -57089.2 5837.12 -62926.3 19697.818
8.58 314.03796 -1385.3334 47916.914 -56990.1 6066.8 -63056.9 19828.143
8.59 296.72107 -1114.2474 47842.311 -57190.9 5732.26 -62923.2 19808.782
8.6 290.13875 -1049.328 48057.442 -57074.3 5605.1 -62679.4 19893.788
8.61 303.38489 -743.3638 48112.043 -57061.7 5860.99 -62922.7 19934.758
8.62 308.52774 -797.60151 48269.96 -56810.1 5960.35 -62770.4 19989.537
8.63 293.25449 -722.91567 47975.972 -57090.7 5665.29 -62756 19940.587
8.64 299.12528 -1358.2221 47894.923 -56681.4 5778.7 -62460.1 19917.249
8.65 302.71747 -110.57434 48002.13 -56978.9 5848.1 -62827 19963.016
8.66 298.82086 -1549.1279 47779.402 -57424.2 5772.82 -63197 19882.21
8.67 306.62959 -206.43227 47846.356 -56888.9 5923.68 -62812.5 19938.204
8.68 297.23405 -542.25529 48157.297 -57154.7 5742.17 -62896.9 20045.589
8.69 303.48811 -1194.0088 48302.833 -56881.6 5862.99 -62744.6 20132.007
8.7 294.79322 -1218.2286 48148.444 -57039.5 5695.02 -62734.5 20100.281
8.71 307.67584 -325.28894 47925.218 -56880.4 5943.89 -62824.3 20102.021
8.72 296.16507 -930.12969 47817.006 -57344.5 5721.52 -63066 20076.123
8.73 289.40144 -1436.4027 48357.855 -57025.1 5590.85 -62615.9 20249.396
8.74 294.97192 -1417.8919 48298.374 -56977.8 5698.47 -62676.2 20278.695
8.75 297.21775 -622.37696 48166.234 -57254.8 5741.85 -62996.7 20284.33
8.76 311.90405 -505.04496 48079.165 -56768.3 6025.57 -62793.9 20297.979
8.77 299.83999 -1230.9086 48360.772 -56910.8 5792.51 -62703.3 20372.441
8.78 299.7587 -1029.4451 48071.229 -57028.9 5790.94 -62819.9 20320.497
8.79 297.16465 -1119.7824 47972.588 -57237.2 5740.83 -62978 20333.505
8.8 303.24102 -845.68696 47965.228 -56653.2 5858.22 -62511.4 20349.082
8.81 299.06547 -876.98629 47684.233 -57015 5777.55 -62792.5 20258.354
8.82 298.88699 -1221.7554 48179.981 -57011.3 5774.1 -62785.4 20416.705
8.83 303.01683 -442.22036 48022.917 -56927.1 5853.88 -62781 20401.454
8.84 301.02834 -1255.3124 48279.882 -56714.3 5815.47 -62529.8 20459.907
8.85 295.04522 -813.00526 47661.87 -57375.5 5699.88 -63075.4 20326.497
8.86 307.37069 -676.18645 47959.321 -56900.2 5938 -62838.2 20422.572
8.87 299.60938 -1521.0238 48001.346 -57328.2 5788.06 -63116.3 20463.464
8.88 309.49879 -140.98779 47694.799 -56827.6 5979.11 -62806.7 20412.833
8.89 296.94649 -1273.7854 48223.657 -57294.3 5736.61 -63030.9 20582.77
8.9 290.34036 -1504.614 48295.682 -56929.1 5608.99 -62538.1 20588.873
8.91 307.83944 -776.99184 47727.269 -57145.1 5947.05 -63092.1 20409.743
8.92 293.68919 -1648.2365 48325.446 -57389.8 5673.69 -63063.4 20594.492
8.93 297.56202 -1358.9622 48343.136 -56670.1 5748.5 -62418.6 20639.854
8.94 291.30238 -1327.6782 48039.911 -57184.1 5627.58 -62811.6 20579.245
8.95 294.15382 -1536.2467 48463.378 -57244.7 5682.66 -62927.3 20734.952
8.96 310.29821 -1260.6649 47405.129 -56878.7 5994.55 -62873.2 20474.554
8.97 299.55033 -260.77773 47866.259 -56981.4 5786.92 -62768.3 20595.322
8.98 297.14226 -1817.4931 48620.347 -57024 5740.4 -62764.4 20898.259
8.99 305.79833 -332.64369 48381.674 -56748.4 5907.62 -62656 20825.023
9 294.47012 -1199.9027 48218.969 -57366.7 5688.77 -63055.5 20808.053
9.01 303.4932 80.669937 47636.839 -56896 5863.09 -62759.1 20676.267
9.02 304.43666 -1361.0309 47725.85 -57078.7 5881.31 -62960 20706.323
9.03 304.83176 -1921.5984 48623.283 -56698 5888.95 -62587 21021.915
9.04 297.81583 -1133.803 48087.29 -56802.8 5753.41 -62556.2 20897.065
9.05 295.95688 -979.49276 48057.068 -56722 5717.5 -62439.5 20910.609
9.06 309.40251 -491.5468 47919.457 -56624.1 5977.25 -62601.3 20910.745
9.07 294.28514 -560.45306 47867.729 -57042.6 5685.2 -62727.8 20918.328
9.08 293.93944 -868.08773 47968.692 -56805.3 5678.52 -62483.9 20964.207
9.09 293.81937 -1332.5749 48265.26 -57112.2 5676.2 -62788.4 21042.928
9.1 300.53619 -1371.1827 48142.08 -57045.7 5805.96 -62851.7 21010.57
9.11 302.00875 -1012.905 47963.539 -57044.4 5834.41 -62878.9 20994.6
9.12 294.87175 -1439.205 48464.253 -57026.6 5696.53 -62723.2 21165.163
9.13 303.93346 -447.59042 48248.367 -56834.2 5871.59 -62705.8 21119.722
9.14 296.25371 -730.69883 47823.222 -57399 5723.23 -63122.2 21022.415
9.15 298.91291 -1112.4304 48051.199 -56898.4 5774.6 -62673 21157.894
9.16 304.57081 -1932.8045 48197.176 -56909.1 5883.91 -62793 21213.65
9.17 286.2177 -1204.2876 47962.03 -57258 5529.35 -62787.3 21169.34
9.18 307.73108 -1686.6364 48244.884 -56961.5 5944.96 -62906.4 21286.764
9.19 299.57482 -1150.8463 48028.698 -57071.8 5787.39 -62859.2 21258.97
9.2 296.17662 -229.51985 47864.987 -56930.4 5721.74 -62652.1 21226.607
9.21 296.67292 -1219.5718 47868.402 -56735.5 5731.33 -62466.8 21219.958
9.22 289.08757 -898.66746 47883.185 -57318.3 5584.79 -62903.1 21259.773
9.23 305.94547 -725.69279 48014.121 -57080 5910.46 -62990.5 21321.58
9.24 308.35502 -1273.1589 47771.211 -56999.7 5957.01 -62956.7 21261.396
9.25 298.54862 -1497.7575 48311.9 -56834.1 5767.56 -62601.7 21444.882
9.26 308.8925 -642.43076 47968.961 -57148.5 5967.39 -63115.9 21380.369
9.27 290.77067 -443.91397 47620.959 -57254.7 5617.3 -62872 21280.911
9.28 294.35096 -1637.5482 48279.654 -56901.4 5686.47 -62587.8 21515.085
9.29 311.05716 -734.64793 48029.722 -56738.5 6009.21 -62747.7 21454.209
9.3 301.98295 -1493.4458 48379.182 -56924.2 5833.91 -62758.1 21565.008
9.31 290.79592 -1830.5315 48009.702 -57076.6 5617.79 -62694.4 21447.035
9.32 300.5219 -1461.6478 48067.241 -57050.8 5805.69 -62856.4 21482.181
9.33 296.36196 -1539.2348 47996.375 -57041.8 5725.32 -62767.1 21535.901
9.34 300.43461 -365.65269 47920 -57071.3 5804 -62875.3 21470.276
9.35 305.83423 -1129.5239 47847.229 -56744.4 5908.31 -62652.7 21499.632
9.36 289.055 -2128.0508 48319.314 -57136.4 5584.16 -62720.6 21654.218
9.37 304.30861 -1121.5741 47728.937 -57090.4 5878.84 -62969.2 21528.095
9.38 315.72591 -551.65255 47781.833 -56340.5 6099.41 -62439.9 21591.303
9.39 297.28949 -910.5526 48040.55 -56949 5743.24 -62692.2 21711.524
9.4 308.3031 -1310.9979 48146.005 -56515.8 5956.01 -62471.8 21778.156
9.41 305.76558 -461.63605 47990.595 -57000.9 5906.99 -62907.9 21717.382
9.42 290.43626 -1427.3939 48482.062 -57285.9 5610.84 -62896.8 21870.236
9.43 301.16563 -894.70515 48166.482 -56975 5818.12 -62793.1 21806.123
9.44 284.39714 -897.08362 47684.715 -57245.5 5494.18 -62739.7 21710.384
9.45 300.48519 -763.08109 47829.468 -57559.3 5804.98 -63364.3 21789.484
9.46 297.31436 -924.84544 47926.7 -56905.1 5743.72 -62648.8 21845.089
9.47 304.8632 -1261.6977 47855.333 -56859.5 5889.55 -62749 21852.42
9.48 295.64659 -1105.0341 47918.746 -57257.9 5711.5 -62969.4 21922.001
9.49 302.78015 -1347.3768 48304.4 -57075.6 5849.31 -62925 22066.548
9.5 297.47906 -1377.0444 47983.88 -57128.4 5746.9 -62875.3 21977.226
9.51 300.25104 -999.42825 47378.188 -56967.1 5800.45 -62767.5 21816.836
9.52 311.46274 -1198.0257 48073.794 -56427.2 6017.05 -62444.2 22042.099
9.53 302.44977 -679.42297 47675.621 -57110.7 5842.93 -62953.6 21912.939
9.54 299.24343 -1415.1403 48034.92 -57259.5 5780.99 -63040.4 22038.093
9.55 306.90802 -512.00707 48155.975 -57138.8 5929.06 -63067.9 22090.957
9.56 292.42145 -1189.6285 47609.199 -57239.9 5649.2 -62889.1 21957.335
9.57 306.11126 -126.33503 48203.134 -56974.7 5913.66 -62888.3 22135.546
9.58 307.32734 -1690.7568 48670.518 -57161.4 5937.16 -63098.6 22319.695
9.59 302.57889 -1037.859 47918.785 -56833.2 5845.42 -62678.6 22131.544
9.6 302.9333 -1487.3581 48023.589 -56812.5 5852.27 -62664.8 22227.831
9.61 300.1458 -753.81881 47432.707 -57159.5 5798.42 -62958 22070.93
9.62 290.82679 -555.97592 48142.892 -56961.9 5618.39 -62580.3 22339.365
9.63 302.01907 -1021.136 48208.105 -56637.5 5834.61 -62472.2 22418.717
9.64 295.10312 -1047.9564 48004.454 -56977.4 5701 -62678.4 22369.037
9.65 302.13792 -925.99164 48081.958 -57219.1 5836.91 -63056 22365.789
9.66 303.15718 -801.54858 47947.728 -56968.7 5856.6 -62825.3 22335.618
9.67 298.91785 -1542.7046 48231.182 -56973.2 5774.7 -62747.9 22451.879
9.68 290.76475 -1113.5812 48487.143 -57559.8 5617.19 -63176.9 22561.235
9.69 308.22887 -999.918 47998.891 -57087.1 5954.57 -63041.7 22438.66
9.7 300.7684 -1838.5473 48455.535 -56914.7 5810.45 -62725.1 22631.569
9.71 302.62868 -1076.3552 48029.642 -57035.6 5846.39 -62881.9 22504.255
9.72 306.2173 -1229.727 47903.374 -56931.3 5915.71 -62847 22524.257
9.73 312.90216 -759.00222 47548.414 -56941.2 6044.86 -62986.1 22390.017
9.74 305.82033 -1214.6359 47896.275 -56928.4 5908.04 -62836.4 22526.223
9.75 298.27498 -820.21175 48281.584 -56701.9 5762.28 -62464.1 22653.72
9.76 309.8905 -1482.6595 48170.011 -56842.7 5986.67 -62829.4 22611.343
9.77 293.23505 -741.68656 47972.537 -57033 5664.91 -62697.9 22562.43
9.78 297.83059 -1104.2705 47800.109 -56824.7 5753.69 -62578.4 22532.98
9.79 306.2879 -288.40992 48261.284 -56960.9 5917.08 -62878 22729.252
9.8 303.45704 -842.14005 47709.231 -57056 5862.39 -62918.4 22553.047
9.81 299.26722 -1722.8192 47744.809 -56906.8 5781.45 -62688.3 22580.065
9.82 288.74288 -799.85368 48196.483 -57297.1 5578.13 -62875.2 22736.489
9.83 297.97873 -948.54378 48236.03 -57221.9 5756.56 -62978.5 22772.027
9.84 295.09841 -311.37818 48196.01 -57266 5700.91 -62966.9 22804.47
9.85 295.554 -778.88462 47716.906 -56992.8 5709.71 -62702.6 22710.426
9.86 296.65397 -716.51082 48070.481 -56934.8 5730.96 -62665.8 22835.269
9.87 290.23008 -1185.0225 47384.638 -57355.6 5606.86 -62962.4 22662.862
9.88 304.50581 -712.91524 47974.957 -57028.9 5882.65 -62911.5 22896.66
9.89 297.57369 -642.7272 47841.665 -57206.4 5748.73 -62955.2 22917.309
9.9 304.5701 -1047.0547 48174.947 -56689.1 5883.89 -62573 23051.076
9.91 296.53172 -941.06404 47919.486 -57016.3 5728.6 -62744.9 23024.093
9.92 300.262 -1274.8985 48675.594 -56511.6 5800.66 -62312.3 23300.025
9.93 297.39025 -1257.144 47718.691 -57197.1 5745.19 -62942.3 22981.696
9.94 306.44258 -1273.6319 47922.876 -56786.6 5920.07 -62706.6 23089.822
9.95 306.749 -786.69119 48410.229 -56880.6 5925.98 -62806.6 23265.876
9.96 296.0658 -692.06017 48035.441 -57295.2 5719.6 -63014.8 23235.259
9.97 293.17882 -693.0957 48032.928 -57064 5663.83 -62727.9 23227.256
9.98 300.77709 -1481.7625 47723.863 -57131.9 5810.62 -62942.5 23139.928
