0 283.98596 -122.13171 48230.165 -61162.3 5447.27 -66609.5 10.678841
0.01 294.30385 93.646307 48252.72 -60918.7 5645.19 -66563.9 20.768338
0.02 296.38326 72.285574 48561.66 -61521.8 5685.07 -67206.9 30.234019
0.03 284.59145 -822.65986 48759.088 -61846.5 5458.89 -67305.3 36.38477
0.04 284.53568 -339.81353 48694.816 -62053.7 5457.82 -67511.6 44.210953
0.05 294.6292 -184.37009 48496.594 -62299.4 5651.43 -67950.9 49.967703
0.06 285.52539 354.57814 48648.884 -62484.4 5476.8 -67961.2 54.942709
0.07 290.441 313.75105 48710.141 -62105.6 5571.09 -67676.6 60.315133
0.08 275.37469 287.01296 48553.939 -62528.5 5282.1 -67810.6 64.752
0.09 291.8006 51.894611 48589.915 -62197.4 5597.17 -67794.6 68.963706
0.1 293.36014 -137.33542 48755.538 -62282.7 5627.08 -67909.8 73.218909
0.11 288.60163 -348.91855 48943.712 -62879.7 5535.81 -68415.5 77.364964
0.12 277.71157 -817.75715 49018.002 -63291.1 5326.92 -68618.1 79.194698
0.13 281.43897 -38.111178 49075.608 -63142.5 5398.42 -68540.9 82.095933
0.14 291.41761 -342.09996 49221.886 -63273.8 5589.82 -68863.6 85.953671
0.15 281.61669 -147.59848 49225.667 -63201 5401.83 -68602.8 87.774178
0.16 287.82613 611.97272 48877.486 -63573.1 5520.93 -69094 87.972752
0.17 289.85112 -5.0717157 49078.477 -63415.8 5559.78 -68975.6 90.847076
0.18 285.99755 -118.07435 49001.26 -63581.5 5485.86 -69067.3 93.445781
0.19 290.54471 677.98917 48709.742 -63415.5 5573.08 -68988.6 95.669051
0.2 287.57459 503.48277 48789.505 -63667.1 5516.11 -69183.2 97.72007
0.21 290.85481 212.95241 48793.936 -63310.3 5579.03 -68889.4 99.305744
0.22 296.11252 470.75054 48903.562 -63390.1 5679.88 -69070 101.18963
0.23 295.88589 -300.29892 49611.79 -63682.4 5675.53 -69357.9 106.42685
0.24 285.81013 -16.105369 49188.885 -63982.9 5482.26 -69465.1 108.05387
0.25 283.74387 -248.73244 49277.202 -64135.7 5442.63 -69578.3 109.61778
0.26 296.73767 -371.22061 49395.449 -63693.5 5691.87 -69385.3 111.71075
0.27 294.94571 804.58837 48855.194 -63967.3 5657.5 -69624.8 112.91422
0.28 292.04098 -327.64232 49337.598 -64297.3 5601.78 -69899 115.61376
0.29 279.24423 -161.02421 49382.495 -64303.7 5356.32 -69660 115.05814
0.3 290.79158 70.091606 49331.146 -64118.1 5577.82 -69695.9 115.93078
0.31 285.84394 44.600788 49389.203 -64393.6 5482.91 -69876.6 118.50004
0.32 295.73711 22.378318 49380.164 -64133.7 5672.68 -69806.4 119.00027
0.33 282.95649 -197.78294 49219.26 -64379.2 5427.53 -69806.8 121.40805
0.34 291.13781 65.65372 49120.778 -64262.5 5584.46 -69846.9 123.26395
0.35 292.55178 -368.59693 49362.552 -64151.3 5611.58 -69762.9 124.66462
0.36 282.45565 -421.88114 49389.857 -63864.1 5417.92 -69282 125.53422
0.37 281.53841 -289.12107 49317.456 -64241.2 5400.33 -69641.5 125.98851
0.38 286.78092 -115.16264 49529.241 -64215.7 5500.89 -69716.6 129.09135
0.39 292.95074 -142.33627 49257.779 -63897.8 5619.23 -69517.1 130.82086
0.4 283.82148 30.430036 49176.315 -64340 5444.12 -69784.1 130.90814
0.41 295.69897 84.808554 49272.123 -64420.1 5671.95 -70092.1 132.19014
0.42 284.593 668.76982 49018.338 -64592.4 5458.92 -70051.3 132.04716
0.43 285.50215 -141.69972 49402.15 -64292.9 5476.36 -69769.2 134.09323
0.44 294.85348 261.50911 49223.808 -64042.8 5655.73 -69698.5 134.61278
0.45 292.29457 215.56532 49300.194 -64214.2 5606.64 -69820.8 134.67481
0.46 286.1653 41.718715 49298.704 -63902.3 5489.08 -69391.4 135.81704
0.47 286.25884 92.454056 49214.995 -64253.1 5490.87 -69744 136.31836
0.48 292.39355 255.82323 49290.025 -64167.3 5608.54 -69775.8 138.29776
0.49 287.4889 163.98873 49394.485 -64587.6 5514.47 -70102.1 140.76203
0.5 297.58488 14.530686 49575.192 -64362 5708.12 -70070.1 140.71839
0.51 281.6017 -250.33731 49570.58 -64752.1 5401.54 -70153.7 141.71149
0.52 302.39931 370.77857 49449.072 -64423.2 5800.47 -70223.7 142.35845
0.53 286.07577 -678.18565 49764.364 -64643.6 5487.36 -70131 143.52666
0.54 286.33276 -398.89714 49422.436 -64341.4 5492.29 -69833.7 143.63204
0.55 296.84605 -656.2237 49590.614 -64033.1 5693.95 -69727 145.39601
0.56 284.13114 -59.659785 49397.122 -64437.2 5450.06 -69887.3 146.46573
0.57 280.83622 -96.658631 49196.71 -64423.7 5386.86 -69810.5 147.72848
0.58 296.21826 -118.3438 49348.274 -63967.2 5681.91 -69649.1 149.51527
0.59 292.16745 120.33859 49373.286 -64416.7 5604.21 -70020.9 151.52755
0.6 281.19093 -712.15981 49516.541 -64697.2 5393.66 -70090.9 151.98027
0.61 281.22009 888.93066 48892.938 -64397.4 5394.22 -69791.6 152.29807
0.62 291.09656 359.09786 49178.014 -64748.7 5583.67 -70332.4 154.04931
0.63 293.01133 -153.3473 49418.693 -64276.3 5620.39 -69896.7 155.23903
0.64 290.06203 -255.4311 49594.534 -64609.4 5563.82 -70173.3 157.02077
0.65 285.59969 -310.6887 49682.055 -65034.9 5478.23 -70513.1 158.8345
0.66 290.16575 134.30306 49436.124 -64657.7 5565.81 -70223.5 159.67177
0.67 286.90775 -78.997039 49428.843 -64787.8 5503.32 -70291.1 159.72803
0.68 282.41745 -89.223928 49463.408 -64808.3 5417.19 -70225.5 160.2706
0.69 294.88612 269.43433 49349.086 -64562 5656.35 -70218.3 160.0179
0.7 289.52963 121.55571 49206.311 -64330.2 5553.61 -69883.8 161.84499
0.71 276.69592 9.4672239 49406.001 -64727 5307.44 -70034.5 163.17684
0.72 288.42271 37.757385 49281.172 -64403.7 5532.38 -69936.1 164.75065
0.73 276.34172 456.37845 49229.267 -64726.3 5300.65 -70027 165.05497
0.74 289.82704 -128.54434 49497.055 -64548.8 5559.31 -70108.1 166.81266
0.75 283.99859 59.087702 49457.793 -64559.2 5447.52 -70006.8 167.74162
0.76 290.67894 -307.52849 49432.441 -64182.5 5575.65 -69758.1 168.95907
0.77 280.514 -118.74932 49436.24 -64392 5380.68 -69772.7 170.92706
0.78 284.03227 -166.77666 49489.295 -64793.5 5448.16 -70241.7 171.90187
0.79 283.90963 -116.99924 49255.915 -64560 5445.81 -70005.8 170.32895
0.8 300.76281 -176.27899 49583.326 -64288.7 5769.08 -70057.8 171.83266
0.81 291.20946 225.58154 49259.958 -64644.1 5585.83 -70229.9 169.93481
0.82 288.20275 -57.874289 49614.861 -64578.7 5528.16 -70106.8 170.94776
0.83 280.96394 291.63413 49373.011 -64926.1 5389.31 -70315.4 171.68925
0.84 300.54534 222.26372 49244.527 -64276.4 5764.91 -70041.3 172.98735
0.85 285.82467 212.17062 49361.488 -64555.1 5482.54 -70037.7 173.33949
0.86 290.89272 16.781532 49414.147 -64654.3 5579.76 -70234.1 175.0513
0.87 289.74711 -197.42947 49340.874 -64647.7 5557.78 -70205.5 175.48618
0.88 286.1656 67.545714 49216.301 -64498.4 5489.08 -69987.5 176.23724
0.89 281.69545 17.573022 49477.182 -64543.6 5403.34 -69946.9 175.94462
0.9 283.57682 -33.800763 49462.243 -64837.6 5439.43 -70277 176.67019
0.91 300.59061 142.93065 49204.837 -64423.2 5765.78 -70189 175.82091
0.92 284.24925 248.65534 49217.196 -64732.5 5452.32 -70184.8 175.71369
0.93 279.705 177.8796 49192.952 -64954.2 5365.16 -70319.3 176.774
0.94 281.49839 -941.89198 49899.728 -64479.9 5399.56 -69879.5 179.43472
0.95 299.70325 204.1074 49465.017 -64318 5748.75 -70066.8 181.11276
0.96 274.4862 -395.85683 49404.11 -64850.2 5265.05 -70115.2 179.60192
0.97 290.75093 -419.84711 49682.103 -64550.7 5577.04 -70127.8 181.02213
0.98 290.80044 -78.387661 49586.988 -64838.9 5577.99 -70416.9 181.5099
0.99 293.54461 -365.3975 49441.443 -64702.7 5630.62 -70333.3 182.9233
1 287.41499 -97.989009 49437.071 -64793.8 5513.05 -70306.9 184.21266
1.01 286.03165 -189.68684 49434.699 -64830.8 5486.51 -70317.3 184.72812
1.02 288.99553 -153.2808 49610.47 -64505.5 5543.36 -70048.8 184.88211
1.03 274.5423 60.610918 49710.727 -64723.3 5266.13 -69989.4 185.16206
1.04 289.90437 173.97062 49383.701 -64537.3 5560.8 -70098.1 184.95686
1.05 288.39964 256.59241 49428.845 -64740.4 5531.93 -70272.3 183.72505
1.06 283.87479 512.93742 49353.115 -65074.6 5445.14 -70519.8 184.46013
1.07 277.16606 -288.89691 49583.757 -64973.6 5316.46 -70290 185.09103
1.08 288.98672 43.796141 49521.714 -64722.1 5543.2 -70265.3 185.62728
1.09 301.72041 130.35708 49306.925 -64272.7 5787.45 -70060.1 186.51199
1.1 295.23799 -340.83454 49606.19 -64588.5 5663.1 -70251.6 185.62882
1.11 280.6342 270.1358 49308.835 -64981.2 5382.98 -70364.2 185.65145
1.12 302.14405 128.92448 49454.768 -64374.3 5795.57 -70169.9 187.10538
1.13 282.96482 -241.45496 49665.943 -64645.9 5427.69 -70073.6 188.51936
1.14 294.24436 -463.3021 49515.905 -64285.9 5644.04 -69930 189.42646
1.15 295.24259 125.5988 49241.542 -64279 5663.19 -69942.2 188.79836
1.16 292.46198 282.49107 49309.396 -64209.7 5609.86 -69819.6 189.88688
1.17 293.47271 -551.00975 49379.181 -64022.5 5629.24 -69651.7 191.20208
1.18 285.121 -263.65961 49586.058 -64554.1 5469.05 -70023.2 192.01667
1.19 301.65596 448.7932 49326.046 -64489.7 5786.21 -70275.9 193.16711
1.2 287.15838 -507.45107 49453.81 -64619.6 5508.13 -70127.7 193.59799
1.21 294.48897 -123.01392 49456.165 -64295.5 5648.74 -69944.2 193.88785
1.22 293.5365 69.045494 49520.322 -64682.8 5630.47 -70313.2 194.98524
1.23 290.02852 547.80001 49310.389 -64143.3 5563.18 -69706.5 195.16595
1.24 290.04033 -101.63387 49340.469 -64560.2 5563.41 -70123.6 196.16224
1.25 287.37544 356.32151 49222.499 -64780.8 5512.29 -70293.1 195.79276
1.26 285.80755 -419.92142 49608.053 -64491.6 5482.21 -69973.8 198.88441
1.27 295.357 -482.95319 49659.676 -64105.4 5665.39 -69770.8 200.17571
1.28 286.62972 -228.60501 49317.85 -64515.6 5497.98 -70013.6 201.65536
1.29 280.23828 341.57767 49292.61 -64853.4 5375.39 -70228.8 203.771
1.3 288.15197 50.05579 49273.26 -64387.3 5527.18 -69914.4 203.00867
1.31 288.92502 218.2838 49301.991 -64170.3 5542.01 -69712.3 205.58285
1.32 275.24403 247.63705 49162.793 -64514.6 5279.59 -69794.2 207.47401
1.33 285.54638 -79.220682 49438.198 -64252.9 5477.2 -69730.1 208.3242
1.34 282.00851 -3.7673041 49225.479 -64467.1 5409.34 -69876.4 209.71895
1.35 281.99765 -36.289528 49283.074 -64239.9 5409.13 -69649 211.80496
1.36 295.00632 -203.68826 49383.209 -64199.1 5658.66 -69857.8 213.0107
1.37 294.95394 -322.76639 49331.002 -64506.4 5657.66 -70164.1 213.33711
1.38 295.98901 323.61058 49375.483 -64177.9 5677.51 -69855.4 216.53234
1.39 280.79454 -174.74519 49455.962 -64415 5386.06 -69801.1 217.4727
1.4 295.25262 -588.42202 49419.651 -64264 5663.38 -69927.4 216.27175
1.41 284.37698 59.313776 49414.742 -64601.2 5454.77 -70055.9 216.58331
1.42 288.76232 286.11903 49404.916 -64582 5538.89 -70120.9 216.42454
1.43 290.07087 -52.60383 49549.25 -64495.9 5563.99 -70059.9 217.46087
1.44 287.7874 -724.2973 49809.042 -64923.8 5520.19 -70444 218.62126
1.45 289.47919 220.2438 49378.904 -64887.9 5552.64 -70440.5 219.04869
1.46 293.74127 287.89462 49278.11 -64439.6 5634.39 -70074 218.38424
1.47 287.04906 -521.49685 49712.114 -64783.4 5506.03 -70289.4 219.94439
1.48 284.30454 257.15114 49520.839 -65163.4 5453.38 -70616.7 220.66085
1.49 292.96927 -123.44315 49316.187 -64772 5619.59 -70391.6 220.33356
1.5 287.40371 -629.00863 49673.084 -64619.4 5512.83 -70132.2 220.65268
1.51 289.90402 -262.38841 49520.029 -64701.4 5560.79 -70262.1 221.89345
1.52 287.43385 -14.897934 49524.709 -64768.7 5513.41 -70282.2 222.49039
1.53 296.53657 -33.091649 49626.01 -64673 5688.01 -70361 224.53031
1.54 286.5841 -192.74512 49477.054 -64854 5497.11 -70351.1 225.68105
1.55 284.63098 -246.17263 49682.376 -64766.1 5459.65 -70225.8 226.97841
1.56 292.17028 258.94285 49350.609 -64676.2 5604.26 -70280.4 226.08445
1.57 273.71665 -352.19652 49591.651 -65092.4 5250.29 -70342.7 226.53887
1.58 280.99174 8.8811668 49435.783 -64753.5 5389.84 -70143.4 227.1838
1.59 279.96126 -32.022663 49695.623 -64839.4 5370.07 -70209.4 229.35456
1.6 286.0698 -190.94744 49672.375 -64995.5 5487.24 -70482.8 230.1129
1.61 305.03031 -353.11423 49777.129 -64373.5 5850.94 -70224.5 231.16548
1.62 286.26092 -44.021072 49533.246 -64880.9 5490.91 -70371.8 231.18148
1.63 290.52505 188.96617 49348.866 -64683.8 5572.7 -70256.5 232.13122
1.64 281.65212 69.614729 49349.948 -64861.3 5402.51 -70263.8 231.47014
1.65 287.94443 490.56652 49351.415 -65086.1 5523.2 -70609.3 232.59232
1.66 285.98612 -372.08163 49763.769 -64676.2 5485.64 -70161.9 233.64206
1.67 284.39349 145.74477 49234.966 -64632.6 5455.09 -70087.7 233.029
1.68 289.87699 139.47946 49095.931 -64183.2 5560.27 -69743.4 232.93847
1.69 282.91703 347.18173 49083.974 -64342.7 5426.77 -69769.4 233.34183
1.7 283.64795 12.220562 49459.484 -64741.5 5440.79 -70182.3 234.41856
1.71 291.34717 208.35638 49171.91 -64380.4 5588.47 -69968.9 234.78783
1.72 286.64061 -360.49364 49438.474 -64204.1 5498.19 -69702.3 235.87266
1.73 281.30412 -66.592086 49384.067 -64525.2 5395.83 -69921.1 237.10792
1.74 285.60859 -211.95512 49522.332 -64703.5 5478.4 -70181.9 238.45429
1.75 301.91783 -7.8013837 49483.279 -64262.4 5791.23 -70053.7 239.02438
1.76 284.45687 -802.50292 49864.016 -64792.7 5456.31 -70249.1 241.56153
1.77 289.82608 589.8446 49337.098 -64552.2 5559.3 -70111.5 242.66127
1.78 284.41576 2.474544 49311.666 -64209.3 5455.52 -69664.8 241.59449
1.79 284.0624 -3.2443803 49554.285 -64639.6 5448.74 -70088.3 243.38544
1.8 284.54271 254.954 49280.591 -64626.3 5457.95 -70084.2 242.7145
1.81 290.69272 -102.68114 49497.305 -64798.8 5575.92 -70374.7 243.85922
1.82 289.50857 190.13054 49538.475 -64813.3 5553.21 -70366.5 244.19848
1.83 288.91607 -236.49621 49709.459 -64400.4 5541.84 -69942.3 245.23917
1.84 277.61292 100.90288 49237.052 -64776.3 5325.03 -70101.3 245.20754
1.85 290.24577 -496.23854 49609.205 -64523.3 5567.35 -70090.6 246.20156
1.86 285.09921 -25.109829 49389.301 -64770.8 5468.63 -70239.4 247.24634
1.87 292.22501 -117.244 49514.611 -64439.9 5605.31 -70045.2 247.69159
1.88 278.39065 435.73984 49406.449 -64661.3 5339.95 -70001.2 249.95673
1.89 280.39508 316.74992 49296.773 -64735.8 5378.4 -70114.2 247.26594
1.9 287.95629 -104.79311 49408.342 -64785.8 5523.43 -70309.2 248.20486
1.91 288.73326 -512.7825 49698.154 -64393.7 5538.33 -69932 249.38873
1.92 292.47652 -69.271856 49569.747 -64534.6 5610.14 -70144.7 251.0405
1.93 282.99276 -48.032608 49488.382 -64682.8 5428.22 -70111 253.76959
1.94 290.79793 522.78867 49306.4 -64487.3 5577.94 -70065.2 254.74084
1.95 281.409 -322.58747 49581.29 -64706.8 5397.84 -70104.6 255.91748
1.96 284.2874 -294.83604 49485.078 -64831.7 5453.06 -70284.8 257.28778
1.97 277.52997 255.3572 49217.535 -64951.2 5323.44 -70274.6 257.80886
1.98 297.45923 -8.124001 49259.48 -64632 5705.71 -70337.7 258.2695
1.99 287.67464 -96.125438 49416.046 -65021.9 5518.03 -70539.9 259.52295
2 289.82161 274.66923 49396.762 -64306.8 5559.21 -69866 259.77626
2.01 287.60778 -660.22744 49695.344 -64641.3 5516.75 -70158 261.44242
2.02 290.97224 -184.35929 49367.629 -64579.5 5581.28 -70160.8 261.29173
2.03 293.3662 -320.94489 49337.618 -64443.8 5627.2 -70071 261.02492
2.04 287.26445 -851.49266 49635.925 -64481.2 5510.16 -69991.4 264.3626
2.05 283.51006 219.71185 49337.746 -64235.8 5438.15 -69674 264.39573
2.06 291.63626 -51.205441 49531.781 -64807.1 5594.02 -70401.1 264.37806
2.07 298.02179 148.76995 49472.943 -64560.1 5716.5 -70276.6 266.43774
2.08 284.25401 -414.71946 49567.815 -64979.2 5452.42 -70431.6 266.2073
2.09 286.24988 135.62252 49600.575 -64669.4 5490.7 -70160.1 267.92329
2.1 294.27597 31.019035 49454.103 -64777.3 5644.65 -70421.9 267.76904
2.11 282.94911 78.134981 49233.185 -64651.4 5427.39 -70078.8 268.33488
2.12 293.43257 621.84386 49247.406 -64397.9 5628.47 -70026.4 268.2546
2.13 283.18351 -111.64307 49567.969 -64476.8 5431.88 -69908.7 272.05542
2.14 291.16531 220.42585 49317.653 -64711.9 5584.98 -70296.9 273.41844
2.15 285.7795 -34.297333 49527.338 -64594.4 5481.68 -70076.1 273.22105
2.16 287.12105 25.36508 49538.83 -64870.8 5507.41 -70378.3 273.4042
2.17 281.62926 -388.97116 49503.87 -64846.1 5402.07 -70248.1 273.06482
2.18 297.05966 203.17557 49351.918 -64851.2 5698.05 -70549.2 274.94595
2.19 290.72029 -56.67439 49547.407 -64715.2 5576.45 -70291.7 277.36466
2.2 277.64152 553.96351 49218.185 -65037.2 5325.58 -70362.7 275.97154
2.21 280.25687 319.96564 49372.727 -65064.2 5375.74 -70439.9 277.11289
2.22 297.04275 160.56738 49283.144 -64564.1 5697.72 -70261.9 277.39626
2.23 296.14108 708.04442 49224.429 -64325.3 5680.43 -70005.7 278.62377
2.24 291.58224 -47.894948 49335.824 -64463.4 5592.98 -70056.3 278.16585
2.25 286.42572 2.2425651 49363.71 -64799.1 5494.07 -70293.2 277.93946
2.26 286.78493 -145.48432 49492.612 -64589.7 5500.96 -70090.6 278.85895
2.27 279.79402 -449.44102 49706.077 -65000.7 5366.87 -70367.5 279.984
2.28 275.17148 -407.55235 49585.367 -64758.4 5278.2 -70036.6 281.04629
2.29 293.8471 -469.3811 49750.9 -64648.8 5636.42 -70285.3 281.23266
2.3 283.97317 387.03433 49411.081 -65166.9 5447.03 -70613.9 281.76779
2.31 290.35801 -479.87041 49914.211 -64839.1 5569.5 -70408.6 283.10296
2.32 285.66385 291.25914 49323.671 -64978.4 5479.46 -70457.8 280.89164
2.33 285.39241 519.32943 49339.696 -64988.1 5474.25 -70462.3 282.84982
2.34 295.0426 76.309494 49448.172 -64527.5 5659.36 -70186.9 284.21845
2.35 286.55676 -116.61778 49436.247 -64740.8 5496.59 -70237.4 284.59896
2.36 287.35551 189.21863 49242.499 -64433.9 5511.91 -69945.8 284.55691
2.37 282.53634 282.13714 49265.602 -64475.9 5419.47 -69895.4 284.89425
2.38 287.74007 -911.31763 49905.208 -64881.9 5519.28 -70401.2 287.15165
2.39 287.91755 222.87622 49337.739 -64556.4 5522.69 -70079.1 287.86387
2.4 289.88363 526.82567 49172.019 -64301.7 5560.4 -69862.1 289.79073
2.41 281.32219 -209.37327 49124.389 -64548.9 5396.18 -69945.1 289.34305
2.42 293.71565 -17.466174 49287.833 -64454.6 5633.9 -70088.5 290.42287
2.43 285.44176 -317.87024 49570.439 -64579.4 5475.2 -70054.6 291.20291
2.44 285.77406 184.27426 49420.101 -64592 5481.57 -70073.6 292.58726
2.45 296.18468 494.0021 49274.086 -64814.3 5681.26 -70495.5 290.66477
2.46 291.81675 56.214793 49451.321 -64587.6 5597.48 -70185 293.05703
2.47 294.2598 196.63294 49426.427 -64627.1 5644.34 -70271.4 294.16499
2.48 280.51571 -122.26319 49473.932 -64993.1 5380.71 -70373.8 295.53069
2.49 292.14492 -71.726421 49568.832 -64671.4 5603.77 -70275.2 297.22142
2.5 281.27821 342.50411 49123.216 -64701.6 5395.33 -70096.9 294.94966
2.51 286.96992 -105.9545 49311.541 -64418.9 5504.51 -69923.4 296.44766
2.52 292.86947 -17.722779 49263.31 -64077.6 5617.67 -69695.3 298.05661
2.53 287.19049 -410.87455 49354.416 -64406.6 5508.74 -69915.4 297.55938
2.54 297.37407 377.71852 49084.29 -64271.4 5704.08 -69975.4 296.24542
2.55 284.39682 477.86063 49191.015 -64838.1 5455.15 -70293.2 297.46975
2.56 278.59387 -403.0044 49491.954 -64509.1 5343.85 -69853 301.84688
2.57 277.5051 -131.14599 49462.279 -64636.9 5322.96 -69959.8 300.25595
2.58 288.09939 -516.3888 49635.572 -64681.3 5526.18 -70207.5 302.00972
2.59 290.90954 -240.32996 49461.226 -64234.2 5580.08 -69814.3 301.05973
2.6 292.4839 655.30253 49032.917 -64446.1 5610.28 -70056.4 299.71706
2.61 283.27912 122.18476 49403.79 -64383 5433.72 -69816.8 302.66199
2.62 276.71675 -135.09813 49489.102 -64698.1 5307.84 -70006 302.88456
2.63 290.84452 117.35825 49273.35 -64246.8 5578.83 -69825.6 302.95132
2.64 283.04113 288.36541 49173.264 -64482.1 5429.15 -69911.2 306.07761
2.65 306.77813 -325.35708 49642.373 -64333.8 5884.46 -70218.3 307.46327
2.66 285.81965 -137.45396 49515.739 -64613.5 5482.45 -70096 309.32311
2.67 289.49117 156.62828 49500.6 -64300 5552.87 -69852.8 309.7704
2.68 292.17309 463.41509 49329.058 -64548.5 5604.31 -70152.8 308.38853
2.69 282.70857 311.14789 49271.216 -64491.1 5422.77 -69913.9 310.23327
2.7 293.73499 258.3594 49278.867 -64218.2 5634.27 -69852.5 312.04554
2.71 280.30736 20.963071 49291.266 -64367.6 5376.71 -69744.3 313.77966
2.72 281.34152 -461.79829 49411.918 -64691.4 5396.55 -70087.9 315.3838
2.73 283.49754 126.83312 49314.751 -64546 5437.91 -69983.9 314.72872
2.74 288.12257 391.57695 49152.011 -64468.3 5526.62 -69995 315.76817
2.75 289.9725 63.299071 49174.927 -64758.5 5562.1 -70320.6 315.32669
2.76 294.43686 349.59934 49317.975 -64315.3 5647.74 -69963 316.53752
2.77 285.81993 348.37529 49194.908 -64610.8 5482.45 -70093.2 316.61836
2.78 283.99933 -153.67659 49507.168 -64656.1 5447.53 -70103.6 319.64559
2.79 286.75097 -209.61749 49468.799 -64581.7 5500.31 -70082 319.16879
2.8 281.87121 -308.09404 49481.898 -64741 5406.71 -70147.7 319.2314
2.81 298.64468 -79.468605 49481.366 -64468.9 5728.45 -70197.4 320.9636
2.82 282.81276 -56.428213 49470.905 -64798.7 5424.77 -70223.5 321.04462
2.83 280.28803 330.02771 49278.317 -64714.9 5376.34 -70091.2 320.03974
2.84 284.57241 -35.372342 49516.439 -64696.9 5458.52 -70155.4 321.41689
2.85 288.23028 58.923359 49512.462 -64956.5 5528.69 -70485.2 320.45192
2.86 282.32025 -153.3768 49623.177 -65091.9 5415.32 -70507.2 320.49624
2.87 288.5379 337.8483 49511.344 -64916.8 5534.59 -70451.4 320.2602
2.88 286.2952 92.650223 49512.597 -64695.5 5491.57 -70187.1 320.95649
2.89 279.5032 -49.711884 49471.569 -65119.4 5361.29 -70480.7 320.17655
2.9 288.70749 351.03406 49440.971 -64750.8 5537.84 -70288.6 319.82883
2.91 286.92932 -497.25944 49755.117 -65178.7 5503.73 -70682.5 321.72649
2.92 282.5083 -434.85468 49621.45 -64906.3 5418.93 -70325.2 322.03968
2.93 289.75546 243.54705 49444.831 -64818.7 5557.94 -70376.7 322.92246
2.94 283.82031 678.42312 49117.151 -64772.1 5444.1 -70216.2 322.88905
2.95 285.99079 -117.84452 49692.376 -64849.2 5485.73 -70334.9 325.09313
2.96 278.40257 62.198651 49545.156 -65024.5 5340.18 -70364.6 325.86822
2.97 289.21469 -3.354227 49522.607 -64960.3 5547.57 -70507.9 325.23044
2.98 284.45882 610.09653 49260.94 -64596.4 5456.34 -70052.7 325.95783
2.99 285.14599 -311.66014 49427.621 -64447 5469.52 -69916.5 326.48634
3 277.84993 168.26543 49465.844 -64915.7 5329.58 -70245.3 326.85353
3.01 289.70397 -176.15439 49455.382 -64486.5 5556.95 -70043.5 326.17394
3.02 288.75175 500.86801 49332.012 -64725.4 5538.69 -70264.1 329.09997
3.03 282.3793 259.12024 49348.14 -64644.6 5416.46 -70061.1 331.52143
3.04 285.33888 -652.39255 49566.986 -64342.7 5473.22 -69816 332.72315
3.05 299.57066 225.60898 49455.599 -64212.5 5746.21 -69958.7 333.95294
3.06 281.6159 164.80169 49286.907 -64908.5 5401.81 -70310.4 335.47697
3.07 285.21377 -215.90449 49340.72 -64501.1 5470.82 -69971.9 335.8853
3.08 281.18465 399.07136 49160.659 -64778.3 5393.54 -70171.8 336.12358
3.09 302.11818 232.11336 49321.785 -64512.8 5795.08 -70307.9 339.29476
3.1 282.92384 -31.419452 49642.093 -64685.9 5426.9 -70112.8 343.14336
3.11 274.19343 321.10457 49402.711 -64891.8 5259.44 -70151.2 341.82595
3.12 297.26032 146.96722 49461.362 -64541.4 5701.9 -70243.2 341.13196
3.13 290.62482 177.40756 49411.952 -64565.2 5574.62 -70139.8 342.23339
3.14 299.33966 -137.21242 49485.734 -64419.7 5741.78 -70161.5 343.05116
3.15 277.11049 130.61467 49288.305 -65087.9 5315.39 -70403.3 341.75432
3.16 281.36356 -366.56537 49415.065 -64876.5 5396.97 -70273.5 342.12566
3.17 291.77466 -682.14956 49822.774 -64318.5 5596.67 -69915.2 345.31128
3.18 283.43535 -496.26502 49632.89 -64863 5436.71 -70299.8 345.69704
3.19 286.36511 119.70529 49312.612 -64533.9 5492.91 -70026.8 343.42092
3.2 286.13338 151.26487 49400.966 -64660.6 5488.46 -70149.1 344.01633
3.21 289.20903 -444.09287 49562.719 -64580.9 5547.46 -70128.4 344.1234
3.22 292.12702 -408.19888 49616.554 -64354.5 5603.43 -69958 345.04531
3.23 283.75808 134.13152 49274.347 -64579 5442.9 -70021.9 345.54413
3.24 285.98116 -307.71491 49685.574 -64666.1 5485.54 -70151.7 345.99056
3.25 292.42228 632.94717 49199.796 -64619.1 5609.09 -70228.2 345.01507
3.26 291.96485 9.6845316 49499.965 -64819.1 5600.32 -70419.5 346.92953
3.27 286.42149 132.59077 49362.139 -64559.9 5493.99 -70053.9 348.40571
3.28 286.27413 -183.36847 49487.269 -64482.3 5491.16 -69973.5 350.07408
3.29 293.84764 443.86379 49459.206 -64553.6 5636.44 -70190 349.71102
3.3 289.32467 325.045 49208.536 -64374.7 5549.68 -69924.4 346.74542
3.31 282.39797 163.91862 49215.98 -64718.5 5416.81 -70135.3 347.75588
3.32 295.07204 226.7132 49331.679 -64454.9 5659.92 -70114.9 348.08925
3.33 281.90448 -144.31752 49643.432 -64645.4 5407.35 -70052.7 349.555
3.34 292.16037 79.286763 49373.268 -64716.9 5604.07 -70321 348.14371
3.35 286.28259 437.40688 49186.281 -64795.3 5491.33 -70286.7 347.74404
3.36 297.94746 -137.47941 49413.626 -64555.7 5715.08 -70270.7 349.88841
3.37 297.1912 -116.63423 49385.826 -64328.2 5700.57 -70028.8 350.5808
3.38 276.04311 41.530797 49299.972 -65085.7 5294.92 -70380.7 349.97313
3.39 293.40362 233.85072 49343.094 -64520.7 5627.92 -70148.6 349.73555
3.4 280.45936 -123.63171 49419.62 -64993.9 5379.63 -70373.5 352.07396
3.41 291.94274 813.60324 49167.555 -64565.6 5599.9 -70165.5 351.44917
3.42 289.90671 224.47602 49213.046 -64491.6 5560.84 -70052.5 353.31797
3.43 295.62375 -518.29582 49660.462 -64385.3 5670.5 -70055.9 355.50269
3.44 293.80854 553.13382 49371.752 -64665.6 5635.69 -70301.2 355.90799
3.45 291.62393 228.2357 49390.297 -64469.8 5593.78 -70063.6 356.1159
3.46 288.50293 -90.154014 49649.275 -64850.7 5533.92 -70384.6 359.37781
3.47 280.93152 260.74956 49457.09 -64875.4 5388.68 -70264.1 358.40932
3.48 283.41343 -60.167909 49551.568 -65003.9 5436.29 -70440.2 360.70563
3.49 291.01408 -199.12434 49594.035 -64655.6 5582.08 -70237.7 360.68568
3.5 286.87799 -239.4545 49587.526 -64662.9 5502.75 -70165.6 362.0142
3.51 300.33322 44.571757 49434.972 -64210.2 5760.84 -69971 363.4057
3.52 289.35719 -336.12893 49412.523 -64476.7 5550.3 -70027 362.07602
3.53 286.07381 185.04752 49406.808 -64377.5 5487.32 -69864.8 361.16706
3.54 298.61508 -104.96228 49623.08 -64207.5 5727.88 -69935.3 364.1111
3.55 290.04369 12.416886 49441.417 -64502.1 5563.47 -70065.5 366.75266
3.56 288.03499 431.86276 49282.81 -64528.8 5524.94 -70053.7 367.52625
3.57 285.22287 186.83148 49318.656 -64010 5471 -69481 371.1431
3.58 290.25983 149.82137 49183.183 -63789.2 5567.62 -69356.8 374.47279
3.59 288.11914 -318.9446 49362.241 -64121.6 5526.55 -69648.1 374.82948
3.6 287.90893 501.60132 49215.339 -64227 5522.52 -69749.5 376.05059
3.61 284.68901 296.30246 49386.757 -64582.2 5460.76 -70043 378.54703
3.62 282.0509 119.4353 49428.09 -64261.6 5410.16 -69671.7 380.1313
3.63 279.22966 -266.64108 49551.962 -64670.6 5356.04 -70026.6 379.10205
3.64 283.78114 260.44926 49225.343 -64571.4 5443.34 -70014.8 378.85609
3.65 284.44289 -155.28256 49231.675 -64221.1 5456.04 -69677.2 379.30271
3.66 285.90037 -39.724134 49421.646 -64693.2 5483.99 -70177.1 377.17073
3.67 289.5344 87.733843 49346.044 -64334.5 5553.7 -69888.2 379.73562
3.68 290.7462 -216.17695 49339.432 -64014.2 5576.94 -69591.1 379.47033
3.69 286.83578 -99.292022 49151.729 -64022.3 5501.94 -69524.2 379.63693
3.7 296.25054 143.36832 49124.381 -64036.7 5682.53 -69719.2 381.41939
3.71 289.68956 -248.29857 49373.815 -64173.2 5556.68 -69729.8 384.11223
3.72 290.53896 74.66358 49445.025 -64111.9 5572.97 -69684.9 385.81579
3.73 286.33915 -8.6648181 49223.907 -64314.1 5492.41 -69806.5 387.10424
3.74 288.44698 526.70893 49114.317 -64129.2 5532.84 -69662 384.95674
3.75 287.91253 -276.7776 49583.82 -64162.9 5522.59 -69685.4 391.66286
3.76 281.16183 208.7105 49141.561 -64617.2 5393.1 -70010.3 391.2812
3.77 294.8065 -197.05074 49454.628 -64062.8 5654.83 -69717.6 390.41464
3.78 290.00556 16.45102 49276.389 -64395.2 5562.74 -69958 390.74484
3.79 291.31079 -367.11417 49637.788 -64335.2 5587.77 -69923 393.32108
3.8 276.33924 7.3636862 49287.486 -64823.9 5300.6 -70124.5 391.5232
3.81 285.51109 -371.62994 49784.046 -64446.8 5476.53 -69923.4 395.49983
3.82 284.25643 39.075729 49441.512 -64812.9 5452.46 -70265.3 393.88029
3.83 285.6062 297.81636 49390.772 -64535.5 5478.35 -70013.9 393.47844
3.84 298.7707 -545.7481 49604.157 -64311.1 5730.87 -70041.9 396.23153
3.85 266.39236 303.19493 49171.468 -65051.6 5109.8 -70161.4 394.93094
3.86 288.1946 211.6745 49370.158 -64424 5528 -69952 396.97826
3.87 294.69379 345.89282 49345.143 -64489.2 5652.67 -70141.9 399.07636
3.88 295.46614 78.152627 49355.313 -64440 5667.48 -70107.5 401.37644
3.89 279.44925 -416.31796 49700.963 -64836.1 5360.25 -70196.4 402.1895
3.9 298.26268 -560.67181 49617.702 -64321.7 5721.12 -70042.8 401.68006
3.91 286.76905 -38.155268 49452.191 -64786.6 5500.66 -70287.2 402.02248
3.92 284.02727 -124.4168 49488.617 -64852.1 5448.07 -70300.2 403.02668
3.93 289.78767 96.608782 49493.135 -64844.6 5558.56 -70403.1 403.48581
3.94 287.80283 -33.524171 49607.525 -64619.7 5520.49 -70140.2 403.72984
3.95 287.05042 -212.67644 49480.017 -64664.4 5506.05 -70170.5 404.78673
3.96 286.83096 -139.89496 49453.68 -64648.6 5501.84 -70150.4 405.93571
3.97 296.75721 -185.21058 49601.234 -64535.3 5692.24 -70227.5 407.29212
3.98 298.39216 75.246557 49500.475 -64084.9 5723.61 -69808.6 407.90539
3.99 289.31837 -233.83783 49489.184 -64327.3 5549.56 -69876.9 409.4563
4 289.92568 646.41311 49110.372 -64583.1 5561.21 -70144.4 410.02745
4.01 288.75322 -55.509278 49373.131 -64984.5 5538.72 -70523.2 411.95576
4.02 283.77543 -24.785262 49384.124 -64518.7 5443.24 -69961.9 411.18093
4.03 275.06616 -44.565759 49373.341 -64803.3 5276.18 -70079.5 411.0803
4.04 295.56496 718.29063 49294.425 -64603 5669.38 -70272.4 411.73776
4.05 286.97491 -23.56318 49543.595 -64738.8 5504.61 -70243.4 414.11956
4.06 289.29188 49.154373 49437.272 -64312.1 5549.05 -69861.1 413.93965
4.07 284.26048 86.915957 49361.421 -64701.9 5452.54 -70154.5 413.37623
4.08 303.71373 379.3093 49235.76 -64312.4 5825.68 -70138.1 413.37901
4.09 288.9198 -475.96944 49762.523 -64604.5 5541.91 -70146.4 416.26899
4.1 299.11106 363.77552 49165.167 -64254.4 5737.4 -69991.8 414.04345
4.11 290.20934 -684.17422 49812.25 -64426.3 5566.65 -69992.9 416.72764
4.12 294.47235 -117.85937 49424.863 -64486.2 5648.42 -70134.6 417.96209
4.13 290.29017 286.0967 49294.81 -64696.3 5568.2 -70264.5 416.39395
4.14 284.4141 -310.74693 49602.897 -64709.5 5455.49 -70165 419.40005
4.15 291.8303 -61.710316 49371.938 -64617.8 5597.74 -70215.6 419.89179
4.16 291.29852 -75.694673 49394.34 -64693.5 5587.54 -70281 420.17811
4.17 290.70176 300.94907 49253.668 -64471.5 5576.09 -70047.6 421.08228
4.18 283.00403 108.3937 49376.87 -64543.9 5428.44 -69972.3 422.67607
4.19 294.60791 275.62676 49312.302 -64548.1 5651.02 -70199.1 421.81184
4.2 294.76528 145.90568 49343.452 -64551.7 5654.04 -70205.7 423.53786
4.21 290.468 -54.728476 49497.119 -64911.8 5571.61 -70483.5 424.47925
4.22 289.18191 247.22138 49541.58 -64959.3 5546.94 -70506.2 425.69099
4.23 283.56754 589.42033 49064.691 -64881.8 5439.25 -70321 424.29987
4.24 290.53667 217.3966 49371.237 -64702.5 5572.93 -70275.5 427.31861
4.25 282.27506 32.519074 49400.892 -64958.1 5414.46 -70372.6 428.28529
4.26 276.4063 -472.9684 49627.52 -65093.6 5301.88 -70395.5 429.45682
4.27 284.57467 218.26902 49414.331 -64858.4 5458.57 -70317 427.12487
4.28 297.28811 -441.63357 49697.768 -64722.6 5702.43 -70425 428.91374
4.29 294.26156 599.7546 49366.014 -64744.1 5644.37 -70388.5 427.84684
4.3 278.40023 -493.90592 49453.68 -64649.5 5340.13 -69989.6 427.89345
4.31 288.86379 -28.304409 49632.841 -64488.4 5540.84 -70029.2 431.09997
4.32 283.30311 -378.0361 49516.136 -64549.1 5434.18 -69983.3 431.83528
4.33 286.40967 -511.1275 49562.038 -64347 5493.76 -69840.7 435.38844
4.34 283.22118 273.86427 49268.564 -64369.1 5432.6 -69801.7 436.17863
4.35 290.75265 -130.44157 49672.666 -64444.1 5577.07 -70021.2 436.90024
4.36 277.6892 -97.61151 49417.247 -64625 5326.49 -69951.5 435.39805
4.37 286.00808 -176.21173 49564.745 -64381.9 5486.06 -69868 435.41383
4.38 288.55556 131.00705 49295.553 -64333.3 5534.93 -69868.2 436.28304
4.39 284.85276 -303.46032 49311.181 -64321.1 5463.9 -69785 436.1504
4.4 280.62208 194.77222 48972.448 -64401.9 5382.75 -69784.6 436.24685
4.41 296.17136 -663.6252 49588.011 -64148.7 5681.01 -69829.7 441.12429
4.42 284.18645 -38.132705 49084.125 -64509.2 5451.12 -69960.4 439.80924
4.43 299.16143 -215.69821 49656.974 -64209 5738.36 -69947.3 443.63313
4.44 293.75276 -82.418188 49440.641 -64104.4 5634.62 -69739 441.85063
4.45 282.99533 -240.22507 49417.18 -64596.5 5428.27 -70024.8 443.90076
4.46 290.58366 130.68363 49337.94 -64141.3 5573.83 -69715.1 445.01106
4.47 284.77976 -427.50555 49545.104 -64603.3 5462.5 -70065.8 447.92004
4.48 292.97386 226.98362 49511.883 -64477.1 5619.67 -70096.8 449.34648
4.49 278.50524 -18.101381 49509.005 -64712.4 5342.15 -70054.6 450.61007
4.5 289.0389 437.72376 49085.37 -64368.7 5544.2 -69912.9 449.51062
4.51 286.47368 -455.29581 49661.759 -64174.6 5494.99 -69669.5 451.52463
4.52 298.59782 -44.56204 49592.704 -63967.6 5727.55 -69695.2 452.64352
4.53 282.86704 -400.14425 49523.461 -64431.5 5425.81 -69857.4 452.66974
4.54 300.8439 165.24059 49316.838 -64136.9 5770.63 -69907.5 452.00603
4.55 296.14171 225.30132 49166.064 -64308.7 5680.44 -69989.1 454.73281
4.56 286.4898 -72.54927 49386.166 -64667.5 5495.3 -70162.8 457.46269
4.57 292.69013 -20.444367 49406.438 -64495.8 5614.23 -70110 460.36577
4.58 287.87992 -179.64526 49525.955 -64653.3 5521.97 -70175.3 462.45297
4.59 279.49334 142.0409 49375.806 -65005.4 5361.1 -70366.5 462.13233
4.6 287.62814 110.97643 49217.8 -64566 5517.14 -70083.2 460.81309
4.61 282.787 221.04898 49503.621 -64985.2 5424.28 -70409.4 463.76588
4.62 294.76945 -252.67972 49559.53 -64702.4 5654.12 -70356.5 463.10623
4.63 280.59482 -113.76994 49533.171 -64891.4 5382.23 -70273.6 463.53555
4.64 288.40676 206.94663 49287.276 -64602.2 5532.07 -70134.3 463.5041
4.65 279.68694 -382.01795 49684.907 -65033.6 5364.81 -70398.4 469.53866
4.66 285.26742 -100.49319 49402.821 -64723.5 5471.85 -70195.3 467.39577
4.67 301.76638 43.831036 49304.413 -64309.5 5788.33 -70097.8 465.96685
4.68 278.7758 -25.888614 49326.645 -64618.1 5347.33 -69965.4 468.53172
4.69 289.37623 370.18859 49327.453 -64478.8 5550.67 -70029.5 468.22115
4.7 291.0412 -6.554339 49261.699 -64291.9 5582.6 -69874.5 468.32966
4.71 282.69007 -348.63616 49653.93 -64499.7 5422.42 -69922.1 473.96219
4.72 292.44879 78.998405 49364.838 -64063.8 5609.6 -69673.4 473.24824
4.73 276.77686 -468.95815 49320.856 -64607 5308.99 -69915.9 472.56461
4.74 283.25063 275.64383 49270.433 -64628 5433.17 -70061.2 473.15482
4.75 286.38161 273.13963 49459.971 -64548.7 5493.23 -70041.9 474.09297
4.76 289.91994 86.818953 49419.964 -64334.1 5561.1 -69895.2 474.22735
4.77 289.04867 -445.53985 49758.503 -64622.1 5544.38 -70166.5 477.53396
4.78 294.5493 -420.40183 49655.994 -64162.4 5649.89 -69812.3 479.9953
4.79 287.17258 -305.59804 49488.745 -64597.8 5508.4 -70106.2 479.89917
4.8 286.50533 -308.6379 49523.492 -64457.4 5495.6 -69953 481.65075
4.81 289.42017 136.84689 49167.211 -64195.4 5551.51 -69746.9 482.78953
4.82 278.95158 654.38372 48852.046 -64495.5 5350.71 -69846.2 481.94843
4.83 291.58992 -345.93221 49400.301 -64018.6 5593.13 -69611.8 487.85258
4.84 290.66221 -12.740413 49431.354 -64801.3 5575.33 -70376.6 488.39918
4.85 296.99292 82.047557 49248.627 -64381.8 5696.77 -70078.6 486.46769
4.86 276.09441 -744.89619 49821.893 -65024 5295.9 -70319.9 492.90154
4.87 294.89213 107.21402 49408.096 -64577.9 5656.47 -70234.4 492.53282
4.88 283.66853 -412.28703 49631.552 -64837.5 5441.18 -70278.7 494.34214
4.89 287.21603 183.82768 49376.864 -64753.8 5509.23 -70263 492.1811
4.9 287.53459 552.84336 49224.976 -64898.9 5515.34 -70414.2 493.14316
4.91 290.64357 -66.544993 49605.908 -64784.1 5574.98 -70359.1 496.06314
4.92 289.73152 -171.52726 49667.231 -64566.1 5557.48 -70123.6 495.97437
4.93 283.8324 -173.48557 49556.11 -64835.3 5444.33 -70279.6 496.62184
4.94 294.69718 250.1595 49505.856 -64669.4 5652.73 -70322.2 497.47173
4.95 283.62385 -536.91043 49694.04 -64940.5 5440.33 -70380.8 498.8887
4.96 298.22152 -382.84929 49659.112 -64643.6 5720.33 -70364 502.02832
4.97 282.77862 252.99987 49464.901 -65069.3 5424.12 -70493.4 501.03664
4.98 297.26119 284.93016 49528.376 -64683.8 5701.91 -70385.7 500.9659
4.99 288.52643 -318.31496 49624.931 -64929.9 5534.37 -70464.3 501.20147
5 288.64236 63.824517 49475.705 -64645.6 5536.59 -70182.2 500.09093
5.01 287.29759 -11.080025 49483.542 -64782.2 5510.8 -70292.9 499.56934
5.02 298.95531 231.04666 49314.867 -64117.5 5734.41 -69851.9 500.44339
5.03 280.37289 290.35933 49217.829 -64912.5 5377.97 -70290.4 500.68257
5.04 287.89654 -252.87657 49421.824 -64718.5 5522.28 -70240.8 502.14143
5.05 290.51478 -183.90041 49438.397 -64525.5 5572.51 -70098 503.77395
5.06 289.75698 271.06118 49352.859 -64696.1 5557.97 -70254 502.959
5.07 279.09953 -117.8099 49345.299 -64898.2 5353.54 -70251.7 504.79122
5.08 289.79664 -169.20778 49454.519 -64559.1 5558.73 -70117.9 504.76154
5.09 288.30652 116.73467 49296.941 -64636.7 5530.15 -70166.9 507.01905
5.1 274.00138 90.077526 49577.773 -65089.2 5255.75 -70345 509.27311
5.11 286.65198 -278.16365 49520.762 -64767.4 5498.41 -70265.8 509.98969
5.12 287.03976 -229.17471 49605.968 -64534.5 5505.85 -70040.3 512.45216
5.13 289.01582 -306.08657 49544.147 -64559.2 5543.75 -70103 513.38328
5.14 290.77834 -103.0303 49597.832 -64488 5577.56 -70065.6 514.35046
5.15 274.74189 -158.5744 49460.229 -64784.5 5269.96 -70054.4 516.40736
5.16 290.46032 -470.45867 49362.51 -64243.3 5571.46 -69814.7 513.03051
5.17 283.17454 18.103263 49185.254 -64380.1 5431.71 -69811.9 513.3131
5.18 290.43357 524.01576 49169.591 -64291.3 5570.95 -69862.2 516.21639
5.19 295.73613 454.02927 49137.609 -64022.8 5672.66 -69695.4 516.84824
5.2 286.25088 22.44758 49439.247 -64395.8 5490.72 -69886.5 519.04168
5.21 298.25551 -35.896322 49465.871 -63967.6 5720.98 -69688.6 521.92907
5.22 289.54542 -366.34729 49621.31 -64373.9 5553.91 -69927.8 524.11054
5.23 282.82254 -286.62426 49581.464 -64329.8 5424.96 -69754.7 521.05834
5.24 275.89393 -31.793708 49219.145 -64607.4 5292.06 -69899.5 519.86467
5.25 289.86861 -330.44461 49470.242 -64091.5 5560.11 -69651.6 522.89786
5.26 288.972 3.0206693 49230.417 -64317.8 5542.91 -69860.7 523.06677
5.27 289.25622 86.65685 49367.493 -63794.8 5548.36 -69343.2 523.80434
5.28 281.74836 302.14094 48996.057 -64140 5404.35 -69544.4 523.75351
5.29 283.41516 -375.0426 49216.22 -63780.6 5436.32 -69217 527.78128
5.3 284.1762 68.144887 49340.922 -64070.4 5450.92 -69521.3 527.66754
5.31 281.6905 175.07882 49190.007 -64494.6 5403.24 -69897.8 527.73414
5.32 292.09475 138.07725 49012.813 -64226.7 5602.81 -69829.5 528.92753
5.33 286.38214 -93.932475 49232.307 -64128.7 5493.24 -69621.9 531.0776
5.34 289.28081 382.84859 49130.865 -64423 5548.84 -69971.8 530.66807
5.35 292.0734 332.1837 49072.295 -64003.8 5602.4 -69606.2 532.2806
5.36 279.73542 -77.338351 49217.422 -64168.3 5365.74 -69534.1 533.67845
5.37 283.7288 -635.01453 49701.944 -64274 5442.34 -69716.3 539.17674
5.38 282.6553 127.38369 49233.58 -64133.5 5421.75 -69555.2 538.78462
5.39 282.63527 -149.27946 49278.088 -64656.4 5421.37 -70077.8 541.80006
5.4 284.35983 -416.19712 49461.203 -64390.2 5454.44 -69844.6 545.11099
5.41 288.59809 -457.38164 49641.345 -64466.3 5535.74 -70002 544.99327
5.42 281.29418 -723.31362 49663.597 -64634.5 5395.64 -70030.2 545.32112
5.43 299.73868 -150.12262 49308.477 -64089.4 5749.43 -69838.9 543.43798
5.44 285.05983 382.29791 49204.343 -64418.6 5467.87 -69886.4 544.22237
5.45 283.36623 80.39453 49447.204 -64600.3 5435.39 -70035.7 544.66799
5.46 292.74303 491.39337 49231.688 -64445.9 5615.25 -70061.2 546.21221
5.47 280.27631 382.0787 49225.489 -64860.9 5376.12 -70237 547.43146
5.48 285.1614 213.37355 49293.841 -64284.9 5469.82 -69754.7 547.52341
5.49 281.99864 -195.38791 49458.486 -64512 5409.15 -69921.2 553.47037
5.5 278.96763 -545.37663 49481.144 -64583.8 5351.01 -69934.8 557.43824
5.51 278.55437 435.57794 49027.341 -64506.9 5343.09 -69850 554.02533
5.52 280.25055 -488.86392 49438.015 -64741.6 5375.62 -70117.2 556.49533
5.53 296.719 123.48247 49433.785 -64353.4 5691.51 -70044.9 557.31263
5.54 281.95003 945.64323 48942.375 -64429.3 5408.22 -69837.5 555.25475
5.55 290.07265 -78.497896 49468.761 -64023 5564.03 -69587.1 561.60605
5.56 287.84314 -190.98634 49264.719 -64244 5521.26 -69765.3 560.89145
5.57 285.52091 479.99244 48854.367 -64459.2 5476.72 -69935.9 558.30464
5.58 287.84096 323.95841 49189.767 -64345 5521.22 -69866.2 559.74186
5.59 281.93012 68.88769 49209.558 -64585 5407.84 -69992.9 558.44552
5.6 288.18229 -77.137926 49247.09 -64472.2 5527.77 -70000 559.13951
5.61 294.54106 -678.60663 49729.807 -64359.2 5649.74 -70009 563.46542
5.62 289.83583 -110.677 49248.62 -64309.5 5559.48 -69869 561.52144
5.63 288.94593 -77.528466 49387.492 -64053.1 5542.41 -69595.5 563.52215
5.64 291.43963 -35.361409 49145.041 -64036.9 5590.25 -69627.1 566.53556
5.65 302.27667 -842.94286 49774.752 -63871.4 5798.12 -69669.5 572.59241
5.66 287.30275 421.55192 49047.751 -64075.8 5510.89 -69586.7 568.66006
5.67 283.05101 -316.7461 49446.594 -64583.4 5429.34 -70012.7 570.36405
5.68 288.43856 390.59616 49159.165 -63985.4 5532.68 -69518.1 569.06887
5.69 280.49425 476.6643 49027.782 -64253 5380.3 -69633.3 571.99985
5.7 279.32874 13.651581 49238.325 -64365.4 5357.94 -69723.3 578.68862
5.71 290.37348 83.401474 49380.689 -64520.5 5569.8 -70090.3 580.15025
5.72 291.06067 -130.99387 49380.581 -64332.8 5582.98 -69915.7 582.49349
5.73 294.25235 -188.44597 49431.767 -64075.7 5644.2 -69719.9 583.62479
5.74 291.26363 -109.86308 49379.903 -64156.9 5586.87 -69743.7 584.4967
5.75 279.10636 -140.69168 49343.707 -64459.9 5353.68 -69813.6 585.4958
5.76 298.85738 473.24619 49300.951 -64119.7 5732.53 -69852.2 586.40394
5.77 282.38216 -104.96721 49370.417 -64264.3 5416.51 -69680.8 588.69668
5.78 292.46046 748.10874 49050.599 -64096.1 5609.83 -69706 587.9899
5.79 291.51876 97.191302 49315.964 -64273 5591.76 -69864.8 588.73695
5.8 290.75652 -69.396528 49432.804 -64200.7 5577.14 -69777.8 590.89866
5.81 291.12415 23.349286 49311.185 -64298.4 5584.19 -69882.6 590.83364
5.82 287.7296 -288.52063 49575.086 -64371.1 5519.08 -69890.2 595.3846
5.83 290.84967 -396.07823 49438.739 -64701.9 5578.93 -70280.9 593.84169
5.84 287.64375 472.26645 49094.835 -64698.9 5517.44 -70216.3 592.6287
5.85 284.07781 -177.58809 49570.474 -64695.3 5449.04 -70144.3 596.81652
5.86 289.17624 -151.21687 49217.217 -64330.6 5546.83 -69877.4 596.88593
5.87 285.65359 131.92934 49521.613 -64567.5 5479.26 -70046.8 600.43945
5.88 288.06989 495.05967 49035.397 -64297.3 5525.61 -69822.9 599.76214
5.89 290.91001 -299.93753 49232.045 -64492.3 5580.09 -70072.4 602.75438
5.9 290.6844 -655.65374 49515.951 -64278 5575.76 -69853.8 608.37329
5.91 287.6996 50.656698 49293.271 -64673.3 5518.51 -70191.8 609.7078
5.92 298.58371 78.822994 49299.272 -64558.2 5727.28 -70285.5 611.41361
5.93 288.35993 322.43408 49168.882 -64968.9 5531.17 -70500.1 612.97312
5.94 300.15143 -318.22856 49549.989 -64559.5 5757.35 -70316.8 614.90293
5.95 290.81027 212.55179 49359.935 -64817.1 5578.17 -70395.3 614.45085
5.96 291.47737 -2.6675557 49508.231 -64689.3 5590.97 -70280.3 616.16211
5.97 289.81335 282.39183 49460.709 -64457.5 5559.05 -70016.6 615.70815
5.98 283.90371 360.55441 49347.137 -64629.7 5445.7 -70075.4 613.182
5.99 289.04801 288.32921 49401.929 -64570.7 5544.37 -70115 613.24467
6 296.55791 -31.092591 49548.919 -64364.6 5688.42 -70053 613.68844
6.01 286.06468 -412.94044 49610.608 -64744.2 5487.15 -70231.3 615.65677
6.02 286.82804 -123.73259 49256.587 -64507.3 5501.79 -70009.1 613.89315
6.03 280.82797 206.58013 49186.238 -64524.4 5386.7 -69911.1 615.85442
6.04 294.42362 614.808 49066.435 -64473.3 5647.48 -70120.8 613.65068
6.05 295.05896 366.29137 49242.519 -64492.2 5659.67 -70151.9 615.61903
6.06 288.98545 -154.1152 49488.833 -64206.8 5543.17 -69750 617.13322
6.07 295.54797 545.30961 49179.086 -64452.9 5669.05 -70121.9 614.6558
6.08 283.20436 -724.15286 49564.859 -64655.3 5432.28 -70087.6 617.40869
6.09 287.5998 -60.514381 49341.902 -64362.8 5516.59 -69879.4 616.978
6.1 288.37455 -213.97393 49406.031 -64776.3 5531.45 -70307.7 618.48227
6.11 278.51091 413.73058 49371.161 -64815.6 5342.25 -70157.9 617.25664
6.12 271.22863 -191.30658 49506.959 -64886.6 5202.57 -70089.1 617.90591
6.13 286.16445 212.87596 49283.786 -64503.8 5489.06 -69992.9 616.52866
6.14 282.19309 177.61406 49356.13 -64830.4 5412.88 -70243.3 618.25885
6.15 287.78131 -118.29429 49509.074 -64736.3 5520.07 -70256.4 622.36343
6.16 284.75352 59.430216 49378.734 -64896.6 5462 -70358.6 620.83836
6.17 291.63266 -472.05843 49796.945 -64649 5593.95 -70242.9 623.39289
6.18 274.0623 176.47558 49454.781 -64959.9 5256.92 -70216.8 621.67101
6.19 290.91422 -93.655255 49641.832 -64406.6 5580.17 -69986.7 624.62849
6.2 291.82105 477.74908 49271.662 -64697.4 5597.56 -70295 623.84605
6.21 284.44528 -170.32333 49553.9 -64503.3 5456.08 -69959.4 627.24845
6.22 295.07191 636.56974 49186.017 -64542.7 5659.92 -70202.6 625.49904
6.23 291.00329 38.357425 49321.56 -64574.5 5581.88 -70156.4 627.48812
6.24 302.00145 346.45649 49170.931 -64403.4 5792.84 -70196.2 627.12952
6.25 295.98348 3.8266308 49321.027 -64604.7 5677.4 -70282.1 629.34746
6.26 282.92372 -382.93812 49602.713 -64566.6 5426.9 -69993.5 629.22249
6.27 285.37937 -102.02045 49478.403 -64607 5474 -70081 629.08211
6.28 288.23787 -98.427181 49667.233 -64744.8 5528.83 -70273.6 631.76126
6.29 290.65802 -217.59537 49604.226 -64773.6 5575.25 -70348.9 631.39727
6.3 285.21543 -631.35827 49699.696 -64495.4 5470.86 -69966.3 633.71586
6.31 287.79101 -312.82522 49609.77 -64489.5 5520.26 -70009.8 633.38804
6.32 292.52457 -456.58751 49628.815 -64744 5611.06 -70355.1 632.98372
6.33 279.24845 -76.206517 49462.945 -64634.1 5356.4 -69990.5 631.53919
6.34 286.48829 -1140.8484 49810.41 -64727.3 5495.27 -70222.5 635.13213
6.35 299.89398 -37.160427 49397.971 -64312.4 5752.41 -70064.8 632.81191
6.36 283.98897 -36.79143 49431.936 -64739.5 5447.33 -70186.9 633.7325
6.37 289.76703 803.648 49027.035 -64565.4 5558.16 -70123.5 632.0722
6.38 282.63499 0.95936627 49310.662 -64912.2 5421.36 -70333.6 632.96977
6.39 304.17634 82.332105 49275.008 -64380.1 5834.55 -70214.7 635.66836
6.4 285.38384 221.15021 49445.448 -64613.3 5474.09 -70087.4 639.68588
6.41 280.06538 647.09823 49346.765 -64712.8 5372.07 -70084.8 639.69255
6.42 290.08047 60.568514 49429.598 -64611 5564.18 -70175.2 641.31158
6.43 282.72551 102.77863 49459.482 -64856.9 5423.1 -70280 644.91572
6.44 287.71189 -7.1000446 49429.905 -64767.5 5518.74 -70286.3 646.30771
6.45 291.01734 -360.27377 49640.261 -65024 5582.15 -70606.2 648.03746
6.46 290.92897 323.48419 49458.852 -64679.1 5580.45 -70259.6 645.69198
6.47 288.24406 -198.07636 49755.644 -65023.4 5528.95 -70552.4 647.58411
6.48 286.68913 78.677136 49496.476 -64766 5499.12 -70265.1 645.77358
6.49 277.48426 -117.06982 49541.847 -65056.1 5322.56 -70378.7 645.48593
6.5 285.04036 329.57733 49322.548 -64769.5 5467.5 -70237 644.53776
6.51 284.42072 -402.44699 49484.977 -64358.9 5455.61 -69814.5 649.14669
6.52 280.61342 -40.428153 49335.392 -64653.6 5382.58 -70036.2 649.35371
6.53 277.97586 745.11978 49031.186 -64450.1 5331.99 -69782.1 646.20971
6.54 290.93021 47.467563 49412.284 -64796.4 5580.47 -70376.9 650.15048
6.55 283.98179 98.544439 49523.476 -64927.9 5447.19 -70375.1 651.65548
6.56 283.16556 133.93909 49325.009 -64293 5431.54 -69724.5 649.23822
6.57 285.2564 520.18464 49155.035 -64580.3 5471.64 -70051.9 648.82051
6.58 289.75461 -351.39689 49462.261 -64605 5557.92 -70162.9 654.0075
6.59 288.20283 353.64894 49190.688 -64764.7 5528.16 -70292.9 651.26685
6.6 291.86494 -78.967559 49482.03 -64589.6 5598.4 -70188 653.42169
6.61 296.53338 -231.78074 49517.799 -64160.5 5687.95 -69848.5 653.76189
6.62 286.37823 -808.88726 49896.987 -64483.8 5493.16 -69976.9 657.94881
6.63 287.44753 24.721443 49591.481 -64677.2 5513.67 -70190.9 655.89172
6.64 290.00902 -7.2678709 49519.275 -64945.4 5562.8 -70508.2 654.38687
6.65 286.19119 249.09665 49405.239 -64618.6 5489.57 -70108.2 652.25242
6.66 297.85703 -65.623348 49537.83 -64854 5713.34 -70567.4 652.08697
6.67 293.80923 -157.95484 49777.931 -64742.7 5635.7 -70378.4 655.29682
6.68 289.83478 -14.953154 49342.999 -64822.4 5559.46 -70381.9 651.01661
6.69 284.78043 447.50677 49262.051 -64872.7 5462.51 -70335.2 652.19576
6.7 292.41888 -134.71399 49626.358 -64563 5609.03 -70172 656.35698
6.71 278.13458 138.92901 49379.102 -64838.7 5335.04 -70173.8 653.93564
6.72 288.43895 187.4133 49441.322 -64804.5 5532.69 -70337.2 656.24298
6.73 289.49092 -3.6189837 49513.513 -64604.4 5552.87 -70157.3 657.77609
6.74 284.12661 -501.70597 49648.833 -64857.7 5449.97 -70307.6 658.54203
6.75 297.7624 -3.8307287 49582.766 -64367.1 5711.53 -70078.6 659.20301
6.76 285.86555 -73.604574 49334.146 -64690.7 5483.33 -70174 658.23442
6.77 288.39397 -345.06959 49660.094 -64440.8 5531.83 -69972.6 662.73765
6.78 287.64947 382.49929 49141.353 -64658.8 5517.54 -70176.4 660.45041
6.79 275.17099 349.95597 49277.237 -65014.2 5278.19 -70292.4 662.97364
6.8 289.89505 -33.903058 49422.184 -64367.3 5560.62 -69927.9 663.28651
6.81 286.41309 -190.12445 49354.44 -64586.3 5493.83 -70080.1 664.74705
6.82 294.30416 -249.08976 49656.729 -64323.7 5645.19 -69968.9 669.71843
6.83 287.05284 392.87666 49280.582 -64683.3 5506.1 -70189.4 666.68173
6.84 287.97578 -245.87799 49402.252 -64683.3 5523.8 -70207.1 667.34236
6.85 290.44565 151.33599 49121.052 -64494.7 5571.18 -70065.9 664.41191
6.86 278.16675 -589.91674 49693.701 -64857.5 5335.65 -70193.2 668.93569
6.87 287.55239 -41.906916 49382.282 -64398.3 5515.68 -69914 666.95082
6.88 293.29885 259.49786 49430.983 -64400.5 5625.91 -70026.4 669.56119
6.89 296.85393 -117.50319 49312.108 -64236.3 5694.1 -69930.4 669.85605
6.9 289.92194 231.03356 49395.725 -64606.3 5561.13 -70167.4 671.92444
6.91 292.49332 -27.143298 49482.512 -64557.6 5610.46 -70168.1 673.07886
6.92 290.237 119.69175 49262.537 -64580.5 5567.18 -70147.7 674.59233
6.93 295.23288 195.78402 49483.1 -64422.5 5663.01 -70085.5 676.47986
6.94 277.32016 577.04699 49287.97 -65017.9 5319.41 -70337.3 674.15921
6.95 284.52341 -336.45062 49348.575 -64761.4 5457.58 -70218.9 677.2666
6.96 303.0044 233.6818 49391.743 -64388.4 5812.08 -70200.5 678.82349
6.97 279.4607 -142.84293 49633.414 -64889 5360.47 -70249.4 681.76325
6.98 285.40289 -236.22296 49530.332 -64679.9 5474.45 -70154.3 681.41856
6.99 289.24425 151.03995 49280.645 -64600.9 5548.14 -70149 679.54254
7 287.13562 306.01272 49447.367 -64961.1 5507.69 -70468.8 682.04417
7.01 293.23495 -9.9151022 49526.717 -64353.9 5624.68 -69978.6 681.16793
7.02 293.6051 -535.30159 49834.621 -64673.5 5631.78 -70305.3 685.19427
7.03 303.66434 -228.21343 49507.559 -64266.9 5824.73 -70091.6 681.41208
7.04 288.40082 91.792672 49441.631 -64453.1 5531.96 -69985.1 681.17386
7.05 288.02508 97.381349 49428.381 -64725.9 5524.75 -70250.6 682.56098
7.06 291.33011 -274.88043 49458 -64597.4 5588.15 -70185.6 684.71869
7.07 285.76567 363.06406 49211.794 -64695.5 5481.41 -70176.9 683.75042
7.08 293.18375 370.46759 49317.417 -64440.4 5623.7 -70064.1 686.39317
7.09 278.21099 162.37033 49157.288 -64807.2 5336.5 -70143.7 686.42433
7.1 293.31154 -681.955 49603.03 -64362.1 5626.15 -69988.3 692.1388
7.11 300.22293 420.92517 49227.15 -64151.8 5758.72 -69910.5 688.41934
7.12 283.27482 671.09522 49233.603 -64729.3 5433.63 -70162.9 690.25578
7.13 294.60642 72.139448 49416.944 -64441.8 5650.99 -70092.8 693.11085
7.14 286.8063 90.64699 49297.008 -64417.2 5501.37 -69918.6 692.19258
7.15 278.26587 83.441186 49280.088 -64717.7 5337.55 -70055.3 693.05873
7.16 284.26691 -42.90981 49499.059 -64137.5 5452.66 -69590.2 697.78614
7.17 282.5624 -57.698847 49477.362 -64665.7 5419.97 -70085.6 698.64268
7.18 286.60042 132.37249 49390.161 -64446.9 5497.42 -69944.3 697.38222
7.19 281.52018 -297.75426 49314.227 -64599.6 5399.98 -69999.6 697.21833
7.2 282.21435 -462.98972 49521.373 -64249.6 5413.29 -69662.9 697.64714
7.21 279.84015 258.31007 49211.201 -64607.8 5367.75 -69975.6 695.10344
7.22 283.00291 46.685493 49405.174 -64257.3 5428.42 -69685.7 698.57932
7.23 292.73476 256.44442 49167.306 -64658.6 5615.09 -70273.6 698.43892
7.24 282.89996 -372.68377 49695.488 -64659.6 5426.44 -70086 704.92
7.25 297.52636 344.45536 49318.706 -64147.5 5707 -69854.5 704.15883
7.26 284.14531 -158.13514 49541.752 -64572.1 5450.33 -70022.4 706.65634
7.27 288.41383 386.78179 49224.671 -64643.3 5532.21 -70175.5 705.11444
7.28 291.95129 -39.744774 49646.147 -64331.2 5600.06 -69931.2 708.42215
7.29 284.93426 522.48058 49262.56 -64614.3 5465.46 -70079.7 705.71913
7.3 299.09622 555.63148 49213.857 -64271.9 5737.11 -70009 707.72958
7.31 286.8252 -553.12604 49483.381 -64410.9 5501.73 -69912.6 710.78621
7.32 306.39164 77.754422 49448.412 -64072 5877.05 -69949 712.33835
7.33 290.09089 -272.40307 49551.161 -64535.2 5564.38 -70099.5 713.5449
7.34 290.84011 -368.05926 49602.02 -64369 5578.75 -69947.7 714.05293
7.35 290.65712 464.11732 49025.516 -64470.4 5575.24 -70045.6 711.15554
7.36 284.13126 547.52577 49112.07 -64304.8 5450.06 -69754.8 711.66755
7.37 282.06573 365.98631 49124.938 -64848 5410.44 -70258.4 715.00068
7.38 291.03396 504.92435 49046.515 -64513.5 5582.46 -70096 714.65707
7.39 287.69204 155.39817 49143.987 -64751.5 5518.36 -70269.9 715.2832
7.4 289.21147 487.55496 49097.821 -64837.1 5547.51 -70384.6 716.77563
7.41 296.29625 156.86129 49343.332 -64598.9 5683.4 -70282.3 718.4805
7.42 295.47858 573.46601 49250.651 -64403.9 5667.72 -70071.7 717.87304
7.43 289.77505 50.674493 49311.297 -64503.4 5558.32 -70061.8 719.33084
7.44 281.87414 -5.7833162 49309.426 -64694.9 5406.77 -70101.7 722.00034
7.45 281.24086 55.735968 49426.356 -64850 5394.62 -70244.6 724.78349
7.46 285.27512 -86.198724 49446.108 -64565.2 5472 -70037.2 724.87746
7.47 291.40307 181.97633 49370.336 -64462.2 5589.54 -70051.7 725.5152
7.48 287.33422 256.00735 49311.548 -64782.6 5511.5 -70294.1 724.35782
7.49 281.49601 -497.77724 49594.398 -64882.6 5399.51 -70282.1 726.75627
7.5 291.77664 -214.10188 49662.792 -64684.8 5596.71 -70281.5 726.43588
7.51 291.79302 -227.23352 49497.671 -64403.6 5597.02 -70000.6 724.49083
7.52 285.09475 -24.491499 49379.98 -64533.8 5468.54 -70002.3 724.74327
7.53 283.69718 125.61149 49452.227 -64534.2 5441.73 -69976 727.10469
7.54 300.18233 -45.569143 49785.272 -64736.9 5757.94 -70494.9 730.91535
7.55 301.47523 415.15539 49121.149 -64401.5 5782.74 -70184.2 723.71473
7.56 284.7829 -149.73665 49467.711 -64434.6 5462.56 -69897.1 726.95859
7.57 294.54041 356.99334 49472.972 -64811.1 5649.72 -70460.8 725.85481
7.58 291.78787 -129.741 49474.101 -64709.3 5596.93 -70306.2 726.06255
7.59 297.0934 156.73982 49291.849 -64490.1 5698.69 -70188.8 726.03734
7.6 295.07107 -168.71201 49374.607 -64318.8 5659.9 -69978.8 727.91226
7.61 295.84686 175.45031 49259.015 -64647.3 5674.78 -70322.1 728.69981
7.62 286.54737 172.3079 49416.964 -64854.5 5496.4 -70350.9 729.34115
7.63 291.4947 344.44375 49357.526 -64324.4 5591.3 -69915.7 730.06229
7.64 277.21533 -9.0857397 49375.451 -64904.4 5317.4 -70221.8 729.56156
7.65 287.47812 362.95921 49266.132 -64679.9 5514.26 -70194.2 729.86132
7.66 291.54712 -169.58774 49574.827 -64342.8 5592.31 -69935.1 733.61396
7.67 280.5713 -203.50878 49523.291 -64381.3 5381.78 -69763.1 733.21993
7.68 291.02093 -158.29973 49565.437 -64296.3 5582.21 -69878.5 733.34826
7.69 283.1177 214.90984 49173.359 -64426.8 5430.62 -69857.4 729.8624
7.7 285.43843 -323.69817 49369.209 -64112.4 5475.13 -69587.6 732.5858
7.71 290.32146 -120.64946 49409.95 -64152 5568.8 -69720.8 734.40155
7.72 286.79451 139.03771 49233.002 -64058.9 5501.15 -69560.1 736.83885
7.73 296.16952 330.03827 48923.324 -63888.1 5680.97 -69569.1 734.03439
7.74 300.22971 -309.86789 49282.215 -63921.4 5758.85 -69680.3 736.32703
7.75 285.19928 75.648646 49194.3 -64151.2 5470.55 -69621.7 735.94308
7.76 299.60606 404.46339 49090.317 -63784.9 5746.89 -69531.8 735.46446
7.77 286.14807 203.10176 49309.499 -64135.2 5488.75 -69623.9 739.97128
7.78 278.77596 451.69544 49010.145 -64266.3 5347.34 -69613.6 735.2776
7.79 282.22735 -35.632241 49363.047 -64449.9 5413.54 -69863.4 740.25054
7.8 297.21474 10.122397 49334.56 -64131.6 5701.02 -69832.6 742.99787
7.81 285.29139 -782.75259 49607.223 -64602.2 5472.31 -70074.5 747.69943
7.82 286.60617 -309.63949 49617.365 -64376.5 5497.53 -69874.1 748.63484
7.83 282.9031 254.03563 49308.138 -64753.1 5426.5 -70179.6 745.92629
7.84 285.7754 -143.92261 49651.136 -64658.2 5481.6 -70139.8 749.19271
7.85 284.78671 580.31752 49187.858 -64827.7 5462.63 -70290.4 745.38234
7.86 280.29032 -66.978707 49332.689 -64550.5 5376.39 -69926.9 748.48323
7.87 284.29585 -665.71608 49590.655 -64522 5453.22 -69975.3 749.70423
7.88 283.54356 88.264347 49277.299 -64759.4 5438.79 -70198.2 748.44711
7.89 288.58794 123.33402 49461.724 -64922.2 5535.55 -70457.8 752.89095
7.9 292.49796 -116.57242 49543.194 -64568.4 5610.55 -70178.9 753.8264
7.91 281.06361 -6.7663275 49328.153 -64838.7 5391.22 -70229.9 751.71094
7.92 302.65296 -489.34144 49669.084 -64315.5 5805.33 -70120.9 754.80154
7.93 282.69517 -236.51993 49551.065 -64847 5422.51 -70269.6 752.63405
7.94 283.5775 175.05688 49481.68 -64786.1 5439.44 -70225.5 753.59933
7.95 287.68373 338.99271 49320.091 -64546 5518.2 -70064.2 751.77528
7.96 301.50854 -570.73685 49724.076 -64746.1 5783.38 -70529.5 757.2921
7.97 282.72338 168.38094 49370.685 -64788.4 5423.06 -70211.5 754.8353
7.98 292.97153 -83.854137 49513.511 -64451 5619.63 -70070.6 760.01277
7.99 285.28595 141.52891 49568.8 -64702.8 5472.21 -70175 759.91672
8 280.01774 264.82818 49258.716 -64735.2 5371.16 -70106.3 759.24591
8.01 292.01296 122.19421 49291.499 -64243.1 5601.24 -69844.4 760.6414
8.02 293.85685 -113.19479 49423.008 -64042.2 5636.61 -69678.8 764.0743
8.03 284.92902 338.64711 49127.289 -64450.2 5465.36 -69915.5 762.63084
8.04 298.1437 151.34134 49408.789 -64288.1 5718.84 -70006.9 766.00803
8.05 289.83283 -73.50051 49459.212 -64537.6 5559.43 -70097 766.46898
8.06 286.7593 47.019981 49484.727 -64781.1 5500.47 -70281.5 768.2406
8.07 292.28151 -16.105387 49527.623 -64426.8 5606.39 -70033.2 769.44035
8.08 293.46412 135.42457 49231.032 -64453.1 5629.08 -70082.2 767.29833
8.09 284.42642 100.27207 49307.169 -64728.1 5455.72 -70183.8 768.36264
8.1 280.92237 -688.21759 49319.714 -64545.9 5388.51 -69934.5 768.89595
8.11 294.27734 -324.64865 49408.562 -64331.5 5644.68 -69976.2 769.58257
8.12 289.37184 -197.93341 49329.435 -64806 5550.58 -70356.6 770.92983
8.13 290.60703 -175.78195 49438.46 -64341.1 5574.28 -69915.4 771.691
8.14 285.83194 141.17908 49258.852 -64540 5482.68 -70022.7 770.72767
8.15 285.12651 369.2998 49257.053 -64708.2 5469.15 -70177.4 771.02497
8.16 286.11804 12.330166 49312.611 -64587.6 5488.17 -70075.7 772.00518
8.17 288.25094 -287.07846 49500.035 -64512.8 5529.08 -70041.8 773.56739
8.18 277.61583 316.42899 49295.31 -65050.4 5325.09 -70375.5 773.68409
8.19 283.75533 -344.64997 49538.067 -64534.5 5442.85 -69977.4 775.57968
8.2 287.16333 40.174214 49489.42 -64690.9 5508.22 -70199.2 777.04535
8.21 295.00913 78.266095 49579.323 -64433.1 5658.71 -70091.8 776.8111
8.22 291.53505 63.073269 49368.237 -64759.7 5592.08 -70351.8 776.46587
8.23 284.38289 -241.85423 49560.749 -64925.4 5454.89 -70380.3 777.43856
8.24 284.65791 -273.86381 49567.341 -64813.5 5460.16 -70273.6 778.89214
8.25 290.51628 -103.46871 49375.79 -64660.3 5572.53 -70232.9 779.10863
8.26 292.45865 -169.71699 49614.584 -64668.6 5609.79 -70278.4 782.95855
8.27 283.29605 -96.19948 49403.116 -64721.7 5434.04 -70155.8 780.36095
8.28 282.99617 -33.59195 49464.774 -64919.3 5428.29 -70347.6 781.37189
8.29 290.28024 15.6807 49400.085 -64803.9 5568.01 -70371.9 781.40179
8.3 284.31386 185.87541 49318.434 -64496.5 5453.56 -69950 784.03257
8.31 293.97185 114.5915 49351.762 -64400.4 5638.82 -70039.2 783.32315
8.32 297.66225 566.21063 49148.24 -64100.5 5709.61 -69810.1 780.97265
8.33 281.69109 156.12944 49413.291 -64529.2 5403.25 -69932.4 783.62855
8.34 282.5444 13.229363 49288.323 -64567.3 5419.62 -69987 781.66222
8.35 293.96418 -184.42697 49436.76 -64281.2 5638.67 -69919.9 785.39084
8.36 290.87008 162.54508 49226.895 -64021.3 5579.32 -69600.6 785.08487
8.37 287.7434 332.30314 49254.954 -64499.3 5519.35 -70018.6 788.86616
8.38 292.96254 -192.80733 49382.29 -64239 5619.46 -69858.5 788.93531
8.39 281.15399 288.33288 49409.808 -64658.4 5392.95 -70051.3 789.96631
8.4 286.32939 -276.35139 49538.617 -64825.7 5492.22 -70317.9 794.36641
8.41 278.56895 167.76015 49130.135 -64550 5343.37 -69893.3 789.99759
8.42 290.68896 347.62826 49312.014 -64833.7 5575.85 -70409.6 790.1053
8.43 289.24952 57.294834 49341.75 -64529.6 5548.24 -70077.8 791.14225
8.44 287.35195 -378.41866 49605.168 -64679.5 5511.84 -70191.3 796.19196
8.45 289.27132 -467.51997 49761.55 -64554.2 5548.65 -70102.9 798.89768
8.46 284.53867 -279.07282 49511.778 -64682.5 5457.88 -70140.4 798.64691
8.47 289.36724 9.052684 49376.255 -64598.6 5550.49 -70149.1 797.45425
8.48 284.39893 -283.04006 49500.075 -64679.6 5455.2 -70134.8 801.0257
8.49 283.78687 17.469555 49541.48 -64761.2 5443.45 -70204.6 803.17342
8.5 299.1636 11.008498 49366.595 -64290.7 5738.4 -70029.1 801.64885
8.51 291.5712 -19.859557 49330.86 -64426.8 5592.77 -70019.6 804.47499
8.52 285.26172 83.064165 49311.174 -64427.8 5471.74 -69899.5 805.85144
8.53 289.86027 -70.170221 49577.562 -64376.6 5559.95 -69936.5 810.84197
8.54 293.64211 -110.31608 49412.907 -64426.5 5632.49 -70059 811.66154
8.55 288.66029 655.98125 48938.04 -64546.4 5536.93 -70083.3 805.89655
8.56 284.68073 186.91464 49157.405 -64722.1 5460.6 -70182.7 808.73114
8.57 287.92432 -66.623648 49445.07 -64435.8 5522.82 -69958.6 813.17892
8.58 282.43333 146.8054 49308.978 -64912.6 5417.49 -70330.1 812.67617
8.59 285.4634 31.516928 49311.708 -64533.5 5475.61 -70009.2 812.61526
8.6 285.0502 245.18192 49433.536 -64777.2 5467.69 -70244.8 815.60129
8.61 296.68159 78.008681 49472.555 -64123.1 5690.79 -69813.9 817.78127
8.62 285.24066 -136.00511 49325.037 -64534.7 5471.34 -70006.1 814
8.63 292.41602 -219.35178 49397.523 -64239 5608.97 -69848 816.96015
8.64 292.37764 49.42871 49191.433 -64296.3 5608.24 -69904.6 816.01486
8.65 285.0966 160.93204 49322.271 -64529.5 5468.58 -69998.1 818.33621
8.66 285.19517 98.189327 49421.394 -64857.2 5470.47 -70327.7 820.43182
8.67 286.04638 143.63047 49512.736 -64813.9 5486.8 -70300.7 821.07018
8.68 294.09227 58.036273 49485.411 -64571.6 5641.13 -70212.7 821.5503
8.69 291.56778 907.77619 49169.653 -64594.9 5592.7 -70187.6 821.4149
8.7 291.25268 307.42438 49490.725 -64750.7 5586.66 -70337.3 824.56415
8.71 280.3685 -176.36737 49447.673 -65179.8 5377.89 -70557.7 825.10438
8.72 283.82989 -445.58225 49486.516 -64616.8 5444.28 -70061.1 825.48808
8.73 289.62819 148.65471 49351.611 -64606.7 5555.5 -70162.2 821.84935
8.74 283.19645 164.82402 49319.374 -64795.8 5432.13 -70227.9 820.30737
8.75 294.21657 -60.532947 49463.617 -64442.2 5643.51 -70085.8 823.60247
8.76 296.20957 -218.6792 49553.938 -64554.7 5681.74 -70236.4 824.71078
8.77 299.97912 15.265905 49410.072 -64283 5754.05 -70037 825.34764
8.78 288.52977 439.39231 49303.001 -64829.2 5534.43 -70363.7 824.07849
8.79 284.53324 203.78829 49288.212 -64859.8 5457.77 -70317.6 823.92345
8.8 285.2328 274.39142 49352.574 -64909.4 5471.19 -70380.6 823.13903
8.81 290.04563 -376.34195 49526.13 -64309.1 5563.51 -69872.6 825.61635
8.82 287.67024 15.976326 49393.532 -64519.8 5517.94 -70037.8 825.86281
8.83 285.05862 -303.45413 49433.567 -64423.7 5467.85 -69891.6 828.38178
8.84 299.73552 181.69403 49223.105 -64441.3 5749.37 -70190.6 825.42868
8.85 277.50697 83.106986 49504 -65057.6 5323 -70380.5 828.54943
8.86 295.85239 458.93072 49271.351 -64634.7 5674.89 -70309.6 826.69167
8.87 271.83659 -54.24984 49486.652 -64933.9 5214.23 -70148.1 829.47536
8.88 285.2547 -368.82576 49457.016 -64819.4 5471.61 -70291.1 830.70975
8.89 297.98205 376.12645 49378.749 -64464.7 5715.74 -70180.5 830.95694
8.9 281.28933 139.07996 49144.185 -64707.6 5395.55 -70103.1 826.62044
8.91 285.48019 -145.06498 49403.269 -64431.2 5475.94 -69907.2 832.79519
8.92 283.6077 371.36696 49089.547 -64589.9 5440.02 -70029.9 832.74994
8.93 281.51765 460.36305 49192.548 -64553.6 5399.93 -69953.5 834.3198
8.94 295.21234 336.07403 49153.59 -64211.4 5662.61 -69874 835.03843
8.95 297.74457 194.21065 49036.267 -63903.9 5711.18 -69615.1 835.67044
8.96 282.81627 370.13506 49229.517 -64600.8 5424.84 -70025.6 840.6348
8.97 280.29684 175.29992 49277.577 -64502.3 5376.51 -69878.9 841.61386
8.98 283.85199 482.60775 49184.959 -64511.6 5444.7 -69956.3 840.93615
8.99 292.2999 -6.3605688 49037.379 -63630.5 5606.75 -69237.2 841.26753
9 290.70592 -177.26032 49344.17 -64189.7 5576.17 -69765.9 844.92273
9.01 283.6812 207.8926 49314.505 -64437.2 5441.43 -69878.6 850.79981
9.02 272.52146 -53.86828 49334.57 -64202.9 5227.37 -69430.2 852.45193
9.03 288.5139 -119.38128 49328.713 -64112 5534.13 -69646.1 854.37952
9.04 291.84886 -80.55105 49336.442 -64164.8 5598.1 -69762.9 855.9707
9.05 287.48443 450.01314 49218.626 -63990 5514.38 -69504.4 856.11773
9.06 293.95514 -259.6018 49345.505 -63608.5 5638.5 -69247 858.18571
9.07 282.87736 -5.8960072 49120.547 -63988.3 5426.01 -69414.4 857.51398
9.08 277.57912 -34.459298 49218.395 -64382.7 5324.38 -69707 862.36888
9.09 281.74111 273.11836 49289.642 -63955.3 5404.21 -69359.5 868.07236
9.1 291.01891 -14.764557 49270.481 -63837.3 5582.18 -69419.4 870.10776
9.11 282.26561 201.5439 48987.217 -64140 5414.27 -69554.3 866.58704
9.12 285.206 208.82982 49142.998 -64405.6 5470.68 -69876.3 869.37607
9.13 283.10725 13.297816 49375.413 -64207.8 5430.42 -69638.3 871.64796
9.14 280.74026 -474.80891 49423.639 -64678.4 5385.02 -70063.4 872.17427
9.15 281.13185 -111.73501 49352.146 -64457.2 5392.53 -69849.8 870.94577
9.16 300.33722 -224.99075 49446.822 -63918.7 5760.91 -69679.6 875.90729
9.17 281.62221 -279.35425 49391.83 -64521.7 5401.93 -69923.6 877.96684
9.18 297.14126 125.91677 49320.054 -64194.7 5699.61 -69894.3 877.93763
9.19 287.40733 -479.0081 49642.405 -64568.9 5512.9 -70081.8 882.41884
9.2 288.40023 -1.153297 49375.512 -64739 5531.95 -70270.9 879.55674
9.21 285.77409 -100.2971 49440.132 -64537.3 5481.57 -70018.9 881.19246
9.22 285.49844 83.58306 49490.7 -64971 5476.29 -70447.3 883.00174
9.23 290.74065 -20.592158 49476.831 -64624.5 5576.84 -70201.4 880.24842
9.24 291.14487 204.04937 49571.142 -64810.9 5584.59 -70395.5 883.22572
9.25 284.05377 -669.07634 49517.393 -65009.8 5448.57 -70458.4 882.86004
9.26 291.35983 -493.67027 49599.409 -64594.4 5588.72 -70183.2 882.75201
9.27 281.73265 326.31101 49351.943 -64856.9 5404.05 -70260.9 879.98696
9.28 295.42586 119.84 49494.393 -64277 5666.71 -69943.7 882.90358
9.29 286.23997 477.01957 49354.349 -64657.6 5490.51 -70148.1 881.51232
9.3 290.12165 -197.6802 49513.516 -64834.8 5564.97 -70399.8 882.27303
9.31 290.32485 214.53151 49411.08 -64367.8 5568.86 -69936.6 881.26325
9.32 284.64676 -34.687241 49494.196 -64712.7 5459.95 -70172.7 883.27813
9.33 282.75798 -56.871636 49261.686 -64533.7 5423.72 -69957.4 881.66551
9.34 277.96296 -231.1912 49485.718 -64776.7 5331.74 -70108.4 885.94046
9.35 289.07621 458.6369 49122.876 -64516 5544.91 -70060.9 883.33887
9.36 294.00722 48.556504 49352.213 -64443.2 5639.5 -70082.7 886.54297
9.37 285.97582 -401.86694 49459.207 -64572.2 5485.44 -70057.6 889.26959
9.38 294.38011 -641.088 49691.253 -64379.5 5646.65 -70026.1 892.98723
9.39 282.20061 -762.84473 49720.776 -64748.9 5413.03 -70162 894.91256
9.4 291.22484 430.30464 49106.486 -64312.4 5586.13 -69898.5 889.424
9.41 288.59836 515.8048 49042.281 -64447.7 5535.75 -69983.5 890.88744
9.42 289.30085 -51.677731 49246.892 -64529.8 5549.22 -70079 894.95323
9.43 299.63436 290.43828 49266.068 -63929.3 5747.43 -69676.7 897.03727
9.44 288.61646 235.95636 49119.103 -64497.8 5536.09 -70033.9 895.86572
9.45 286.31695 -268.36827 49627.933 -64428.8 5491.99 -69920.8 903.90305
9.46 290.6914 182.42176 49390.86 -64335.6 5575.89 -69911.5 902.59462
9.47 295.16125 348.02882 49413.093 -64497.3 5661.63 -70158.9 901.22301
9.48 289.95279 -9.4596862 49502.015 -64605.8 5561.73 -70167.6 904.5879
9.49 294.0415 -617.07617 49642.985 -64300.5 5640.15 -69940.7 907.41929
9.5 284.19864 511.58479 49258.839 -64510.3 5451.35 -69961.6 900.6794
9.51 288.15074 -250.64745 49600.757 -64674.7 5527.16 -70201.9 906.86014
9.52 289.86674 -71.763681 49542.684 -64347.6 5560.08 -69907.7 908.13626
9.53 283.51271 235.51142 49421.61 -64829.1 5438.2 -70267.3 907.23311
9.54 282.96779 129.97174 49355.408 -64922.6 5427.74 -70350.3 908.72272
9.55 283.49346 279.73688 49440.014 -64840.2 5437.83 -70278.1 909.70415
9.56 294.69954 295.51693 49316.637 -64325.4 5652.78 -69978.2 907.5973
9.57 280.97775 211.08325 49340.087 -64582.7 5389.57 -69972.3 910.66603
9.58 283.89454 -293.2376 49463.881 -64730.8 5445.52 -70176.3 911.50781
9.59 298.76637 518.93623 49090.688 -64388.6 5730.78 -70119.4 907.56396
9.6 276.34826 -5.0207603 49620.746 -64626.1 5300.77 -69926.9 913.01207
9.61 285.68288 108.15794 49320.488 -64725.6 5479.82 -70205.4 911.07419
9.62 298.04339 -641.39436 49690.537 -64407.5 5716.92 -70124.4 913.78969
9.63 284.0684 -200.58734 49502.933 -64564 5448.85 -70012.8 914.75015
9.64 284.43963 -309.9855 49284.193 -64423.7 5455.98 -69879.7 912.6725
9.65 291.93286 129.40886 49369.272 -64645.2 5599.71 -70244.9 917.40961
9.66 283.23946 -226.31705 49811.085 -65068.6 5432.95 -70501.6 923.99637
9.67 286.76552 -155.69879 49637.128 -64801.9 5500.59 -70302.5 921.341
9.68 281.3775 -537.33714 49678.219 -64916 5397.24 -70313.3 922.85726
9.69 287.42421 441.76179 49205.427 -64818.4 5513.22 -70331.6 918.79932
9.7 281.82348 522.39955 49206.499 -65049.8 5405.79 -70455.6 919.34828
9.71 281.76509 -135.64365 49464.575 -64766.6 5404.67 -70171.2 922.27246
9.72 295.78477 -149.69928 49603.542 -64232.3 5673.59 -69905.9 923.39312
9.73 288.19301 109.51538 49351.701 -64599.4 5527.97 -70127.4 921.54967
9.74 301.52215 94.530305 49431.551 -64109.2 5783.64 -69892.8 925.37181
9.75 287.99712 -68.869385 49384.102 -64464.4 5524.21 -69988.7 925.25475
9.76 289.55025 -131.07 49173.454 -64395.6 5554 -69949.6 924.22329
9.77 283.34678 158.15256 49254.285 -64441.6 5435.01 -69876.7 925.06006
9.78 296.28523 -80.882935 49492.37 -64724.2 5683.19 -70407.4 926.06601
9.79 298.61446 138.92637 49465.927 -64376.6 5727.87 -70104.5 924.66279
9.8 293.8471 -256.83195 49611.564 -64464.8 5636.42 -70101.2 924.81488
9.81 291.73155 233.10853 49437.082 -64707.4 5595.85 -70303.2 923.68386
9.82 286.97254 173.00902 49220.335 -64527.2 5504.56 -70031.8 923.35053
9.83 279.93979 -167.40727 49578.213 -64573.8 5369.66 -69943.4 926.06833
9.84 292.51649 -403.30069 49448.853 -64643 5610.9 -70253.9 925.13951
9.85 295.05815 -389.78641 49637.499 -64387 5659.65 -70046.6 927.79199
9.86 292.15281 164.61074 49393.563 -64642.9 5603.93 -70246.8 926.45657
9.87 291.83989 -262.02381 49537.4 -64033.2 5597.92 -69631.2 928.56685
9.88 286.19312 -24.545857 49427.416 -64657.4 5489.61 -70147.1 929.5528
9.89 294.58683 200.03451 49505.731 -64248.9 5650.61 -69899.5 930.05224
9.9 283.67171 -403.68261 49562.598 -64426.3 5441.25 -69867.5 933.51165
9.91 296.60739 -97.976836 49457.264 -64665.8 5689.37 -70355.2 934.38471
9.92 297.86632 155.4084 49437.196 -64823.7 5713.52 -70537.2 934.2331
9.93 289.19175 123.91399 49369.458 -64712.2 5547.13 -70259.3 937.08034
9.94 288.56381 -393.36832 49540.472 -64539.9 5535.08 -70075 939.8596
9.95 284.06024 -44.786085 49399.283 -64830.8 5448.7 -70279.5 937.6473
9.96 286.95686 134.18222 49457.153 -64419.3 5504.26 -69923.5 941.88541
9.97 280.0469 87.738527 49282.835 -64881.2 5371.72 -70252.9 941.34817
9.98 289.27958 14.676803 49439.073 -64476.8 5548.81 -70025.6 945.24826
