0 301.44608 -664.24866 50271.898 -62551.5 5943.85 -68495.3 9.9577663
0.01 287.72462 -818.45928 50176.445 -62551.2 5673.29 -68224.5 19.665372
0.02 295.52829 -145.57259 49824.016 -62391.2 5827.16 -68218.4 29.057851
0.03 301.80751 -654.16387 50006.217 -62239.8 5950.97 -68190.8 37.887731
0.04 290.0029 -319.14254 49859.026 -62374 5718.21 -68092.2 46.369218
0.05 289.89443 -444.37633 49951.777 -62191.7 5716.07 -67907.8 57.28001
0.06 302.59285 -477.59915 49875.761 -61947.8 5966.46 -67914.3 68.54914
0.07 296.88128 -657.58419 50230.389 -62139.3 5853.84 -67993.2 81.210868
0.08 304.83075 -163.09107 49738.268 -61917.1 6010.58 -67927.7 92.52441
0.09 292.30962 -582.60685 50052.627 -62434.4 5763.69 -68198.1 100.31132
0.1 290.72249 -928.85219 50105.447 -62388.5 5732.4 -68120.9 112.30954
0.11 299.45361 -436.3559 50111.406 -62324.4 5904.56 -68228.9 118.17195
0.12 298.47406 -768.70428 50365.581 -62718.2 5885.24 -68603.5 123.89697
0.13 296.62199 -56.653736 50130.554 -62846.6 5848.72 -68695.3 129.41732
0.14 301.59163 -342.851 49885.553 -62663 5946.72 -68609.7 136.84839
0.15 295.22173 -420.82198 50389.809 -62826.1 5821.12 -68647.2 145.74243
0.16 300.00375 3.0175731 49983.659 -62561.8 5915.41 -68477.2 151.4941
0.17 291.84744 -184.73853 49906.612 -62663.6 5754.58 -68418.2 157.52747
0.18 291.67356 30.462657 49788.145 -62261.1 5751.15 -68012.3 167.89586
0.19 299.72027 -229.99883 49777.964 -62353.4 5909.82 -68263.3 172.94922
0.2 289.35233 -287.89615 49712.603 -62310.9 5705.38 -68016.3 182.80921
0.21 304.21895 -7.4738631 49849.324 -62064.5 5998.52 -68063 192.49462
0.22 298.92217 -636.87094 49925.199 -62171.5 5894.08 -68065.6 200.80077
0.23 291.64923 -857.98863 50116.69 -62670.5 5750.67 -68421.2 210.65739
0.24 294.66765 -170.20556 49990.474 -62564.9 5810.19 -68375.1 218.71621
0.25 293.53746 -105.84224 49579.359 -62286.3 5787.9 -68074.2 222.91736
0.26 295.75172 -55.590976 49871.677 -62341.6 5831.57 -68173.2 232.61745
0.27 290.45478 -590.92566 49826.145 -62376.7 5727.12 -68103.8 240.8994
0.28 296.18631 -106.98596 49662.667 -61924.7 5840.13 -67764.8 248.92841
0.29 286.69788 -179.34873 49873.458 -61473 5653.04 -67126 259.82226
0.3 295.43971 -548.31016 49867.733 -61817.2 5825.41 -67642.6 269.94342
0.31 296.87685 -697.9192 50080.721 -61361.1 5853.75 -67214.9 281.74046
0.32 300.27071 -337.35462 49724.405 -61597.8 5920.67 -67518.4 287.4619
0.33 290.78955 -628.4734 49509.637 -61651.8 5733.72 -67385.6 297.00391
0.34 289.92566 -768.86062 49842.046 -61243.1 5716.69 -66959.8 306.44613
0.35 305.11758 -406.54065 49564.956 -61785.6 6016.24 -67801.8 317.73023
0.36 295.71484 -743.81928 49810.001 -61232.8 5830.84 -67063.6 325.41963
0.37 300.80554 -204.44832 49241.911 -61496.2 5931.22 -67427.4 335.48923
0.38 305.95469 -434.98099 49768.477 -61155.2 6032.74 -67187.9 347.91483
0.39 295.62807 -429.70115 49387.498 -61646.4 5829.13 -67475.5 354.99178
0.4 302.88615 -525.74626 49541.054 -61263.6 5972.24 -67235.8 367.34836
0.41 300.26044 -464.63933 49530.1 -61047.3 5920.47 -66967.8 382.35655
0.42 295.39855 -700.97619 49600.715 -60808.3 5824.6 -66632.9 396.6373
0.43 292.96822 -359.15631 49485.93 -61354.2 5776.68 -67130.8 408.24114
0.44 303.84506 2.0168221 49277.274 -60942.4 5991.15 -66933.5 420.51572
0.45 291.67736 409.87385 49069.477 -61036 5751.23 -66787.3 433.59915
0.46 290.23301 -833.77536 49833.091 -61452.4 5722.75 -67175.2 451.65408
0.47 298.7113 -477.5425 49665.964 -60973.5 5889.92 -66863.4 462.77673
0.48 302.56321 -491.08919 49191.607 -60416.6 5965.87 -66382.4 474.06039
0.49 289.27421 -598.46556 49286.387 -60910.2 5703.84 -66614.1 486.69022
0.5 307.95936 337.17526 49100.136 -60746 6072.27 -66818.3 494.27763
0.51 291.19465 -368.22141 49160.064 -60915.6 5741.71 -66657.3 503.24251
0.52 296.56109 -858.11637 49626.553 -60738.7 5847.52 -66586.3 519.60002
0.53 288.59155 -534.31825 49923.725 -60977.7 5690.38 -66668.1 535.34238
0.54 301.73106 -230.20193 49098.033 -60657.8 5949.46 -66607.3 540.45411
0.55 295.2169 -317.39955 49726.824 -61060.3 5821.02 -66881.3 557.20904
0.56 299.50202 -428.92652 49568.344 -60386.9 5905.51 -66292.4 563.37079
0.57 311.61148 32.608771 49487.211 -60893.4 6144.28 -67037.7 568.68096
0.58 284.61366 -155.58788 49016.906 -61232.9 5611.95 -66844.8 577.55133
0.59 300.20344 -744.64769 49581.072 -60764.3 5919.34 -66683.7 595.36755
0.6 294.73024 -701.30931 49158.196 -60921.8 5811.42 -66733.2 604.04355
0.61 290.9519 -474.62053 49857.539 -60990.6 5736.92 -66727.5 620.63968
0.62 303.9519 -136.2897 49426.16 -60694.4 5993.25 -66687.7 631.3708
0.63 296.22912 -612.48054 49597.521 -61197.3 5840.98 -67038.2 644.8903
0.64 296.14527 -221.24753 49568.059 -61188.2 5839.33 -67027.5 652.93984
0.65 291.10625 -530.8613 49646.234 -61439.2 5739.97 -67179.2 668.34124
0.66 294.45985 407.04753 49183.462 -61009.4 5806.09 -66815.5 678.49527
0.67 295.60544 -450.48421 49096.465 -61040.4 5828.68 -66869.1 686.18299
0.68 294.41006 -101.03069 49363.364 -60778.4 5805.11 -66583.6 699.51019
0.69 299.85781 -891.08992 49151.023 -60724.7 5912.53 -66637.2 707.89378
0.7 289.40321 -496.47978 49320.229 -60656.3 5706.39 -66362.6 725.54103
0.71 299.68066 -1053.4232 49485.477 -60166 5909.04 -66075 740.32396
0.72 285.31094 -596.34908 49240.772 -60879.2 5625.7 -66504.9 745.41068
0.73 291.401 -235.34889 49299.219 -60643.3 5745.78 -66389.1 756.2384
0.74 314.49101 -367.79062 49177.327 -59784.7 6201.06 -65985.8 761.22247
0.75 303.03575 -588.92183 48531.926 -59608.9 5975.19 -65584.1 769.10346
0.76 301.18694 23.55921 48426.176 -59155.4 5938.74 -65094.1 786.95235
0.77 299.92287 -110.87137 48125.598 -58438 5913.81 -64351.8 802.48522
0.78 288.40093 -386.15914 47893.982 -58743.6 5686.62 -64430.3 817.14037
0.79 296.25729 -350.00117 47841.382 -58683.5 5841.53 -64525 847.15976
0.8 279.93536 -22.045301 47893.462 -59100.3 5519.7 -64620 872.41181
0.81 300.72371 -338.38956 48320.389 -58640.2 5929.6 -64569.8 898.49989
0.82 303.50414 -578.74049 47691.102 -58216.4 5984.43 -64200.8 918.41758
0.83 300.22548 -580.01543 48118.053 -58615.2 5919.78 -64535 957.37124
0.84 301.49093 -133.50622 48317.794 -58673.9 5944.73 -64618.6 988.77291
0.85 295.36737 -873.25552 48644.889 -58499.2 5823.99 -64323.2 1017.0377
0.86 282.57436 -544.33418 48250.511 -58663.8 5571.74 -64235.5 1023.314
0.87 289.2105 -369.59635 48240.022 -58984.9 5702.59 -64687.4 1053.4381
0.88 293.20396 224.79746 47933.364 -58574.5 5781.33 -64355.8 1075.182
0.89 296.33206 -225.26802 48390.302 -58803.8 5843.01 -64646.8 1101.4252
0.9 299.65017 -399.2266 48380.043 -58576 5908.43 -64484.4 1122.1628
0.91 297.75463 -155.37837 48158.477 -58515.7 5871.06 -64386.8 1138.5725
0.92 291.44736 -284.97649 48222.62 -58426.3 5746.69 -64173 1161.5541
0.93 286.83381 -294.23498 48018.295 -58817.3 5655.72 -64473 1188.8243
0.94 289.84099 -656.25854 48142.801 -58716.1 5715.02 -64431.1 1227.9169
0.95 300.57948 -752.37179 48072.747 -58183 5926.76 -64109.8 1257.6366
0.96 298.61797 -736.34859 48048.114 -58418.1 5888.08 -64306.2 1279.7793
0.97 304.10281 -381.48498 48373.476 -58135.1 5996.23 -64131.3 1311.5354
0.98 293.53644 -72.835707 48521.527 -58840 5787.88 -64627.9 1326.3251
0.99 301.56114 -632.27012 48227.73 -58331.7 5946.11 -64277.8 1339.6128
1 279.48604 445.74075 47714.921 -58889.7 5510.84 -64400.5 1355.2758
1.01 292.02282 -558.82648 48230.34 -58384.9 5758.04 -64143 1386.4578
1.02 284.17447 -645.25482 48131.692 -58720.2 5603.29 -64323.5 1406.7553
1.03 292.21618 -830.32809 48583.719 -58587.5 5761.85 -64349.3 1436.7854
1.04 294.52261 -1093.3678 48049.566 -58580.2 5807.33 -64387.5 1461.4804
1.05 306.05427 237.51675 48197.832 -58304 6034.71 -64338.7 1495.1323
1.06 286.85379 59.643219 47743.473 -58852.1 5656.12 -64508.2 1510.9977
1.07 295.45806 -275.35571 47743.089 -58666.1 5825.77 -64491.9 1534.7101
1.08 289.93316 -643.00007 48144.541 -58231.7 5716.84 -63948.6 1570.657
1.09 302.76113 -159.39284 47923.062 -58334.7 5969.78 -64304.5 1579.1218
1.1 290.02216 -78.711878 48418.252 -58784.6 5718.59 -64503.2 1618.198
1.11 294.63864 -81.427214 48315.761 -58628.8 5809.62 -64438.4 1642.7606
1.12 290.65519 -784.75962 48544.601 -58806.7 5731.07 -64537.7 1678.9666
1.13 293.17539 -449.07087 48016.561 -58572.8 5780.77 -64353.6 1696.3935
1.14 296.01674 -183.64494 48351.109 -58543.8 5836.79 -64380.6 1736.689
1.15 303.71515 -342.13115 48353.465 -58169.5 5988.59 -64158.1 1763.2634
1.16 287.97199 -702.72844 48138.168 -58642.2 5678.17 -64320.4 1780.154
1.17 294.04274 -1189.4988 48056.864 -58123.1 5797.87 -63921 1804.9335
1.18 297.22837 -660.13404 47939.581 -58719.5 5860.68 -64580.2 1826.6404
1.19 296.02223 -400.01545 48260.505 -58587.2 5836.9 -64424.1 1859.3546
1.2 293.0611 -438.92172 47783.545 -58722 5778.51 -64500.5 1867.464
1.21 301.57212 51.296101 47718.676 -58256.8 5946.33 -64203.1 1878.7391
1.22 287.89636 -88.228909 48425.611 -58452.7 5676.67 -64129.4 1923.7975
1.23 292.18217 -740.14024 48226.427 -58626.7 5761.18 -64387.9 1947.7705
1.24 314.99762 -406.13098 48502.397 -58298 6211.05 -64509.1 1967.2382
1.25 306.35064 -478.4629 48397.723 -58352.1 6040.55 -64392.7 2000.5906
1.26 303.67012 -1014.6006 48027.663 -58201.2 5987.7 -64188.9 2012.9585
1.27 294.90718 -1067.031 48356.355 -58547.7 5814.91 -64362.6 2038.9951
1.28 290.52683 -225.98644 47777.256 -58869.1 5728.54 -64597.7 2032.0479
1.29 297.44521 -899.2298 48227.526 -58606 5864.96 -64470.9 2086.707
1.3 296.80285 -752.75895 48209.752 -58318.7 5852.29 -64171 2106.1514
1.31 290.16896 -565.38837 47959.952 -58642.5 5721.49 -64364 2118.8747
1.32 305.49112 -382.85911 48149.544 -58609.8 6023.6 -64633.4 2150.1853
1.33 296.8914 -716.50983 48333.213 -58643 5854.04 -64497 2167.2667
1.34 290.33341 -415.25769 47722.13 -58464.8 5724.73 -64189.5 2170.4454
1.35 288.88756 -819.08419 48034.064 -58715.9 5696.22 -64412.1 2212.3384
1.36 295.8619 30.817621 48485.112 -58459.1 5833.74 -64292.9 2244.0542
1.37 301.60924 -562.54081 47992.21 -58356.6 5947.06 -64303.7 2264.4904
1.38 296.21557 -619.11126 47907.938 -58574.6 5840.71 -64415.3 2287.3726
1.39 292.39759 -815.76656 48425.784 -58843.1 5765.43 -64608.5 2325.5664
1.4 306.20924 -538.69894 48109.895 -58039.9 6037.76 -64077.6 2339.2663
1.41 305.71137 -633.71528 48146.025 -58368.6 6027.95 -64396.6 2371.061
1.42 306.81956 -768.0238 48153.509 -58197.1 6049.8 -64246.9 2396.374
1.43 297.69867 -507.60592 48547.37 -58680 5869.95 -64550 2428.3918
1.44 304.40158 -1062.5317 48637.132 -58243.2 6002.12 -64245.3 2452.8908
1.45 296.43851 -1031.4265 47738.328 -58602.4 5845.11 -64447.5 2459.3079
1.46 297.5949 -833.97042 48169.762 -58259.6 5867.91 -64127.5 2501.0065
1.47 289.10875 -1019.7967 48193.899 -58543.8 5700.58 -64244.4 2525.6627
1.48 293.46258 19.697959 48018.153 -58772.5 5786.43 -64558.9 2543.615
1.49 299.79108 -268.66385 48422.53 -58394.6 5911.21 -64305.9 2589.8673
1.5 295.67136 -277.58264 48152.809 -57970 5829.98 -63800 2608.1647
1.51 274.95569 56.689505 47873.446 -58720.9 5421.51 -64142.4 2614.5579
1.52 300.30346 -41.840192 48173.189 -58556.9 5921.32 -64478.2 2651.6385
1.53 291.48087 -297.12025 48118.757 -58617.8 5747.35 -64365.1 2672.2918
1.54 303.0261 -651.88301 47885.227 -58377.9 5975 -64352.9 2692.3801
1.55 282.73769 -1138.4179 48403.685 -58481 5574.96 -64056 2735.6487
1.56 300.12098 -1242.9303 47977.353 -58493.8 5917.72 -64411.5 2740.1042
1.57 285.38381 -729.40078 48128.59 -58829.1 5627.13 -64456.2 2779.3563
1.58 300.33376 -665.14935 47983.58 -58455.7 5921.91 -64377.6 2793.9497
1.59 301.14925 -720.30641 48258.04 -58598.9 5937.99 -64536.9 2838.4103
1.6 292.61723 -207.6943 48024.177 -58297.9 5769.76 -64067.7 2857.8858
1.61 296.07455 -731.64173 48468.037 -58591 5837.93 -64428.9 2895.3691
1.62 289.70626 -209.64713 47842.677 -58681.8 5712.36 -64394.1 2909.1354
1.63 294.50285 -456.96358 48034.251 -58279.6 5806.94 -64086.5 2934.4816
1.64 299.57463 -313.75529 48347.129 -58523.6 5906.94 -64430.6 2953.4745
1.65 295.01199 -880.13971 48324.039 -58713.3 5816.98 -64530.3 2980.4644
1.66 295.77588 -33.178112 48204.991 -58486.2 5832.04 -64318.2 3008.2699
1.67 279.72586 -1.5060362 47839.041 -58907.7 5515.57 -64423.2 3020.6591
1.68 294.35029 -466.5011 48429.726 -58303.7 5803.93 -64107.6 3072.6454
1.69 295.36869 -1037.0124 47952.739 -58427.8 5824.01 -64251.8 3076.3681
1.7 298.68031 -438.4667 48119.361 -58581.9 5889.31 -64471.2 3117.4631
1.71 296.40043 -920.94659 48428.894 -58324.7 5844.36 -64169 3147.0037
1.72 293.57627 -625.2914 48218.355 -58579.4 5788.67 -64368.1 3171.7971
1.73 290.79767 -1146.3851 48579.606 -58597.2 5733.88 -64331.1 3225.4868
1.74 290.71021 -1161.6214 48000.328 -58793 5732.16 -64525.1 3233.0613
1.75 296.72216 -44.197411 47895.906 -58492.3 5850.7 -64343 3235.7635
1.76 290.68479 -722.44762 48039.6 -58684.5 5731.66 -64416.2 3268.6061
1.77 299.61811 -805.7721 48055.464 -58460.9 5907.8 -64368.7 3297.3325
1.78 297.49825 -63.66223 47678.852 -58174.7 5866 -64040.7 3316.1385
1.79 286.83185 -1388.3241 48042.357 -58667.4 5655.69 -64323.1 3361.7012
1.8 300.86968 -443.62208 48187.111 -58380.6 5932.48 -64313.1 3375.3016
1.81 284.71912 -650.24721 48465.961 -58783.3 5614.03 -64397.4 3402.0406
1.82 301.03591 -127.49927 48109.214 -58369.1 5935.76 -64304.8 3410.1045
1.83 293.09658 -887.49256 48129.396 -58841.4 5779.21 -64620.6 3426.0931
1.84 287.01431 -655.68107 48448.1 -58782.3 5659.28 -64441.6 3460.0539
1.85 300.57587 689.06957 47898.891 -58575.4 5926.69 -64502.1 3458.8788
1.86 302.68012 -1767.7623 48734.499 -58393.4 5968.18 -64361.6 3521.739
1.87 297.78005 -813.16189 48115.253 -58798.2 5871.56 -64669.7 3518.9631
1.88 297.04089 -869.74423 48283.821 -58462.7 5856.98 -64319.7 3549.71
1.89 292.07869 862.12383 47718.618 -58711.8 5759.14 -64471 3561.5923
1.9 293.63146 -784.27867 48321.495 -58668 5789.76 -64457.8 3610.004
1.91 311.91857 1.5020649 47800.748 -58323.5 6150.34 -64473.9 3605.631
1.92 298.63074 -663.4447 48407.551 -58780.7 5888.33 -64669 3664.9849
1.93 282.09572 -162.86064 48398.164 -59169 5562.3 -64731.3 3683.3622
1.94 299.72057 -624.05148 48143.591 -58282.5 5909.82 -64192.4 3703.4729
1.95 290.80377 55.954853 48256.773 -58428 5734 -64162 3720.0732
1.96 288.47555 16.595958 47910.256 -58955.6 5688.1 -64643.7 3722.9437
1.97 290.09197 -14.16793 48317.253 -58188.4 5719.97 -63908.4 3765.2234
1.98 296.92789 -597.02329 48294.398 -58409 5854.76 -64263.7 3785.3078
1.99 294.84404 -909.8662 48071.234 -58935.8 5813.67 -64749.5 3792.9168
2 302.76791 -677.90796 48503.363 -58269.5 5969.91 -64239.4 3841.6789
2.01 289.04454 -406.72594 48078.824 -58594.5 5699.31 -64293.8 3850.7775
2.02 290.76574 -991.84403 48048.157 -58555.4 5733.25 -64288.7 3873.1108
2.03 292.16284 -873.39052 48256.109 -58624.8 5760.8 -64385.6 3899.6397
2.04 297.46935 -352.24323 47662.348 -58475.5 5865.43 -64341 3893.0578
2.05 294.15285 -403.1075 48043.01 -58624.3 5800.04 -64424.3 3925.8955
2.06 312.34324 -347.46529 48498.128 -58168.6 6158.71 -64327.3 3957.4619
2.07 294.61844 -617.60737 47850.156 -58627.7 5809.22 -64437 3944.055
2.08 294.73415 -373.80897 48246.375 -58737.4 5811.5 -64548.9 3998.9844
2.09 298.26354 -668.61206 48359.028 -58336.1 5881.09 -64217.2 4024.417
2.1 291.0819 -560.24432 48055.075 -58537.3 5739.49 -64276.8 4026.6103
2.11 303.83085 -810.6051 48399.122 -58272.8 5990.87 -64263.7 4073.2679
2.12 282.11024 -130.04175 48150.193 -58852.2 5562.59 -64414.8 4099.3971
2.13 296.25867 -602.26641 48219.51 -58615.1 5841.56 -64456.7 4134.8536
2.14 285.72489 -798.48163 48441.706 -58337.2 5633.86 -63971.1 4168.342
2.15 291.60666 -317.64226 48400.881 -58733.1 5749.83 -64482.9 4194.2442
2.16 292.47625 -559.79727 48070.678 -58242.8 5766.98 -64009.8 4196.2042
2.17 299.75616 -65.375128 48107.385 -58455.2 5910.52 -64365.7 4219.1607
2.18 305.46521 283.73866 48103.744 -58487.5 6023.09 -64510.6 4224.8574
2.19 296.52353 -383.65131 47598.277 -58253.9 5846.78 -64100.7 4221.2261
2.2 291.86584 -173.53581 48515.156 -58844.1 5754.94 -64599.1 4304.38
2.21 309.86698 -532.53749 47926.434 -58535.5 6109.89 -64645.3 4303.1245
2.22 289.09105 -842.72392 48269.415 -58498.4 5700.23 -64198.7 4344.0389
2.23 306.04096 -444.63643 48128.168 -58765.6 6034.45 -64800 4363.4729
2.24 303.5843 -509.09065 48028.097 -58338.2 5986.01 -64324.2 4385.0006
2.25 297.06505 -819.66662 48040.857 -58565.7 5857.46 -64423.2 4422.7051
2.26 294.80765 -717.29522 48096.141 -58687.4 5812.95 -64500.4 4452.1773
2.27 288.92927 -426.23872 48449.139 -58665.7 5697.04 -64362.7 4502.017
2.28 302.64873 -117.83688 48131.246 -58436.7 5967.56 -64404.3 4514.4043
2.29 302.94657 -844.76604 48094.738 -58404.5 5973.43 -64377.9 4533.7107
2.3 289.47412 -9.1518468 47950.374 -58949.8 5707.78 -64657.6 4545.6597
2.31 290.31776 -84.287151 48344.275 -58502.1 5724.42 -64226.5 4592.1147
2.32 299.60906 -889.13209 48065.685 -58643 5907.62 -64550.6 4613.5247
2.33 288.04844 -234.18883 47758.086 -59037.7 5679.67 -64717.4 4643.6227
2.34 294.26337 -314.24485 48301.355 -58551.1 5802.22 -64353.3 4694.3342
2.35 288.78586 -523.60507 48314.774 -58953 5694.21 -64647.2 4729.4107
2.36 300.66371 -1223.6015 48073.059 -58346.1 5928.42 -64274.5 4746.401
2.37 295.38124 310.87009 47842.945 -58410.8 5824.26 -64235.1 4755.1063
2.38 292.59832 -253.63957 47993.802 -58876.9 5769.39 -64646.2 4797.7225
2.39 305.63645 595.38485 47827.081 -58312.8 6026.47 -64339.2 4798.0325
2.4 292.06673 -512.12575 48209.135 -58747.1 5758.91 -64506 4840.9022
2.41 299.63014 -931.70754 48408.986 -58396.3 5908.04 -64304.3 4901.388
2.42 298.14635 -1015.0605 47902.441 -58266.1 5878.78 -64144.9 4907.2604
2.43 288.2973 -649.2091 48162.281 -58881.4 5684.58 -64566 4956.2346
2.44 291.70975 -67.381288 48663.723 -58813.1 5751.87 -64565 4998.1925
2.45 280.77281 -1005.5554 48181.974 -58531.6 5536.21 -64067.8 4989.2105
2.46 291.1672 -163.661 47799.887 -58653.9 5741.17 -64395.1 4993.7333
2.47 284.28412 109.19463 47832.748 -58876.4 5605.45 -64481.9 5019.0964
2.48 291.84855 -1108.2777 48207.344 -58293 5754.6 -64047.6 5064.5354
2.49 293.86526 -543.3757 48251.826 -58514 5794.37 -64308.4 5094.5027
2.5 302.72749 -775.54307 48327.708 -58819.6 5969.11 -64788.7 5128.439
2.51 294.79425 -651.01332 48315.077 -58515 5812.69 -64327.7 5137.3182
2.52 299.23972 -872.74108 47707.731 -58589.8 5900.34 -64490.1 5110.6899
2.53 283.99112 -480.35162 47823.467 -58555.4 5599.67 -64155 5155.2071
2.54 297.40971 -800.11284 48373.121 -58384.6 5864.26 -64248.9 5230.1237
2.55 294.06761 -665.55906 48499.359 -58133.2 5798.36 -63931.6 5263.2973
2.56 303.63042 -232.61406 47903.837 -58327.5 5986.92 -64314.4 5277.6504
2.57 294.29497 -67.517713 47658.965 -58574.7 5802.84 -64377.6 5280.8326
2.58 293.33832 -338.46924 47829.401 -58625.5 5783.98 -64409.5 5319.0466
2.59 292.50527 -770.90982 47968.819 -58866.8 5767.55 -64634.4 5363.1959
2.6 288.58775 -744.82575 48670.058 -58433.1 5690.31 -64123.4 5425.5581
2.61 297.60161 -524.45459 48782.696 -58427.7 5868.04 -64295.8 5447.2861
2.62 291.8828 362.25501 47665.433 -58810.5 5755.28 -64565.8 5390.2696
2.63 296.78289 -461.02561 48454.137 -58432.7 5851.9 -64284.5 5461.4816
2.64 280.6244 -174.07691 48211.897 -58982.8 5533.29 -64516.1 5454.6537
2.65 301.65052 145.20912 48109.318 -58586.3 5947.88 -64534.2 5483.5574
2.66 301.25798 -55.633806 47868.056 -58408.9 5940.14 -64349.1 5482.9964
2.67 297.18142 -435.83048 48168.571 -58489.6 5859.76 -64349.3 5524.2861
2.68 299.18031 -609.71561 48253.763 -58703.5 5899.17 -64602.7 5557.6722
2.69 295.97364 -764.07146 48425.342 -58638.3 5835.94 -64474.3 5606.3158
2.7 294.22384 -381.29345 48560.524 -58606.7 5801.44 -64408.1 5649.1166
2.71 287.86446 -557.73535 47740.202 -58767.2 5676.05 -64443.2 5609.2806
2.72 298.3383 -145.84805 48339.28 -58587.5 5882.57 -64470 5670.0305
2.73 288.6275 -614.17647 48251.669 -58478.2 5691.09 -64169.3 5691.113
2.74 283.26074 -1215.1668 48022.964 -58966.8 5585.27 -64552.1 5687.9164
2.75 298.42621 -180.73302 47731.474 -58652.7 5884.3 -64537 5676.367
2.76 289.14419 -748.49632 48356.513 -58384.1 5701.28 -64085.4 5766.6754
2.77 301.74223 -319.28184 48215.614 -58233.4 5949.68 -64183.1 5769.0558
2.78 288.18987 -405.96919 48024.653 -58851.8 5682.46 -64534.2 5775.5968
2.79 295.62256 60.296514 47999.725 -58664.4 5829.02 -64493.4 5796.7151
2.8 292.399 -388.79519 47886.387 -58483.2 5765.46 -64248.7 5817.8859
2.81 296.21093 -491.25862 48150.581 -58489.4 5840.62 -64330 5868.8624
2.82 285.18583 123.62446 48304.995 -58883.2 5623.23 -64506.4 5921.8408
2.83 292.01194 -256.2467 48325.775 -58603.4 5757.82 -64361.2 5945.9091
2.84 297.16062 -882.01072 48737.724 -58275.3 5859.35 -64134.6 6001.0359
2.85 297.01551 70.002272 48437.783 -58706 5856.48 -64562.5 5991.6796
2.86 290.01042 199.91756 48049.603 -58965.2 5718.36 -64683.5 5999.4605
2.87 305.60957 98.749663 48095.452 -58432.7 6025.94 -64458.6 6034.3637
2.88 304.28096 -654.62585 48208.807 -58357 5999.74 -64356.8 6057.6888
2.89 300.39402 -635.38223 48259.578 -58478.1 5923.1 -64401.2 6086.9007
2.9 288.62056 -399.24858 48021.632 -58699.9 5690.95 -64390.9 6087.5749
2.91 278.87547 -658.78463 48333.115 -58957.5 5498.8 -64456.3 6127.0523
2.92 296.55738 -168.27983 48102.359 -58584.6 5847.45 -64432 6144.1534
2.93 302.90498 0.35421088 48327.683 -58228.2 5972.61 -64200.8 6181.7336
2.94 287.69879 -233.76677 48151.514 -58430.5 5672.78 -64103.3 6185.1536
2.95 304.08522 -1368.5788 47977.075 -58365.3 5995.88 -64361.2 6194.6237
2.96 298.09684 -479.65757 48320.265 -58415.9 5877.81 -64293.7 6271.8353
2.97 294.24153 -802.07766 47939.972 -58787.8 5801.79 -64589.6 6272.2648
2.98 290.64135 -311.61916 47913.505 -58805.8 5730.8 -64536.6 6302.4166
2.99 301.32429 335.77183 47769.019 -58522.6 5941.44 -64464 6320.6349
3 297.60579 288.0732 48173.399 -58637.5 5868.12 -64505.6 6384.6064
3.01 307.10065 -680.61293 48310.848 -58506.3 6055.34 -64561.7 6415.8772
3.02 299.38143 -202.58718 48159.23 -58535.1 5903.13 -64438.2 6410.9728
3.03 307.55199 -874.67627 48163.547 -58105 6064.24 -64169.3 6444.512
3.04 287.94472 19.537501 47831.723 -58573.3 5677.63 -64250.9 6428.9807
3.05 284.91201 -578.80937 47882.363 -58358.4 5617.83 -63976.2 6454.74
3.06 298.07758 55.630796 48128.206 -58449.2 5877.43 -64326.6 6505.8465
3.07 296.74861 -701.19483 48323.709 -58201.7 5851.22 -64052.9 6544.5883
3.08 298.75644 -489.28464 47745.917 -58553.7 5890.81 -64444.5 6529.5525
3.09 299.71492 -221.87239 48204.002 -58467.9 5909.71 -64377.6 6597.312
3.1 307.78039 -716.14248 48334.131 -58177 6068.74 -64245.7 6637.1925
3.11 297.03819 -281.97725 48030.36 -58768 5856.93 -64624.9 6642.2064
3.12 296.94208 -927.2119 48305.97 -58378.1 5855.04 -64233.2 6688.8891
3.13 290.57531 -621.35812 48444.522 -58718.9 5729.5 -64448.4 6725.2116
3.14 309.13408 -16.042528 47705.004 -58399.5 6095.44 -64494.9 6678.4547
3.15 296.05314 -472.82859 48107.602 -58733.7 5837.51 -64571.2 6726.1631
3.16 302.15388 -90.049235 47948.496 -58382.1 5957.8 -64339.9 6735.1229
3.17 292.15249 -504.05277 48321.183 -58723.8 5760.6 -64484.4 6785.6958
3.18 288.27009 -573.65434 47965.874 -58646.2 5684.04 -64330.3 6786.4681
3.19 287.23367 -1266.2043 48255.956 -59021.2 5663.61 -64684.8 6840.8867
3.2 299.55153 -773.52539 48090.08 -58594.8 5906.49 -64501.3 6867.003
3.21 293.57506 555.3442 48194.684 -58353 5788.65 -64141.7 6881.784
3.22 298.3546 -323.2474 48236.706 -58677.2 5882.89 -64560.1 6921.6597
3.23 290.81682 -1118.0165 47987.233 -58562.3 5734.26 -64296.5 6926.0197
3.24 297.97836 -112.23293 48029.558 -58279.6 5875.47 -64155 6953.3486
3.25 305.99494 -328.03107 48175.873 -58513.4 6033.54 -64546.9 6998.9976
3.26 299.56301 -1096.1017 48517.574 -58065.4 5906.72 -63972.2 7083.9271
3.27 293.58255 -905.34571 48284.986 -58624.6 5788.79 -64413.4 7090.7573
3.28 280.85837 20.838996 47998.172 -58923 5537.9 -64460.9 7110.5546
3.29 295.9374 -25.722501 48564.993 -58484.1 5835.23 -64319.3 7189.8892
3.3 291.292 -691.32489 48177.556 -58655.8 5743.63 -64399.5 7161.8906
3.31 289.10478 -912.55509 48149.538 -58418.7 5700.5 -64119.2 7183.7842
3.32 290.60156 -714.5156 48259.613 -58520.9 5730.02 -64250.9 7218.0029
3.33 295.94245 -159.80163 47906.487 -58393.9 5835.33 -64229.2 7187.594
3.34 293.0388 -1007.9692 48627.343 -58181.3 5778.07 -63959.4 7280.9637
3.35 290.03108 144.5207 48266.075 -58675.2 5718.77 -64393.9 7258.9589
3.36 297.25876 -310.06228 48472.439 -58492.6 5861.28 -64353.9 7299.8543
3.37 293.69 -311.67525 48206.91 -58564.1 5790.91 -64355.1 7290.185
3.38 293.57601 -877.32608 48194.638 -58800.8 5788.66 -64589.4 7309.6018
3.39 292.47239 -294.71676 48050.211 -58548 5766.9 -64314.9 7301.5779
3.4 301.28345 -151.57166 48271.938 -58450.7 5940.64 -64391.4 7354.2148
3.41 296.96944 -424.15147 48151.992 -58700.9 5855.58 -64556.5 7372.5609
3.42 297.6544 -462.30976 47860.368 -58670.1 5869.08 -64539.1 7362.2733
3.43 303.65072 63.707737 48201.175 -58290.7 5987.32 -64278.1 7424.6719
3.44 284.4408 -670.88265 48125.494 -58843.9 5608.54 -64452.5 7432.8367
3.45 301.20146 105.11778 48400.044 -58649.5 5939.02 -64588.5 7488.9786
3.46 294.85404 131.74419 47687.398 -58621.6 5813.87 -64435.4 7449.7364
3.47 285.06362 -720.04888 48301.812 -58771.6 5620.82 -64392.4 7530.4958
3.48 298.72717 -720.83431 48559.957 -58609.1 5890.23 -64499.3 7581.7061
3.49 304.60486 -1111.4297 48088.542 -58308.2 6006.13 -64314.3 7570.9062
3.5 308.38045 -865.86811 47986.512 -58538.3 6080.58 -64618.9 7613.4501
3.51 290.80434 -338.29649 48060.39 -58865.9 5734.01 -64599.9 7648.8969
3.52 290.02266 -453.19676 48013.441 -58308.4 5718.6 -64027 7660.817
3.53 289.19701 -617.97708 48303.669 -58624.2 5702.32 -64326.5 7715.8109
3.54 305.09169 -927.36452 48362.749 -58103.2 6015.73 -64118.9 7731.6356
3.55 290.24069 -1055.3227 48226.657 -58625.7 5722.9 -64348.6 7752.0581
3.56 292.62365 -351.80112 48414.828 -58480.2 5769.89 -64250.1 7803.7871
3.57 292.69209 -369.30562 47760.447 -58749.5 5771.24 -64520.7 7749.1796
3.58 309.90295 -624.71063 47521.614 -58352.9 6110.6 -64463.5 7743.5125
3.59 299.3445 -574.97838 48321.194 -58451.6 5902.41 -64354 7861.5765
3.6 299.49975 -997.19321 47736.153 -58492.4 5905.47 -64397.9 7799.7093
3.61 295.4105 -513.06389 48309.645 -58597.5 5824.84 -64422.3 7889.3761
3.62 280.22646 -564.45164 48113.721 -58866.2 5525.44 -64391.7 7911.4798
3.63 291.14034 -505.82767 48199.345 -58565.4 5740.64 -64306.1 7979.5842
3.64 304.20735 194.43129 48408.614 -58255.2 5998.29 -64253.5 8008.1435
3.65 295.87802 -626.59562 48180.451 -58594.8 5834.06 -64428.9 8018.4155
3.66 294.15154 43.023062 48378.01 -58370.8 5800.01 -64170.8 8064.815
3.67 293.20825 -664.93403 47801.81 -58472 5781.41 -64253.4 8033.3129
3.68 304.85928 -1017.7063 47925.481 -58279.3 6011.15 -64290.4 8073.4613
3.69 296.67553 -583.42331 48130.295 -58373.8 5849.78 -64223.6 8107.4399
3.7 295.57473 -1342.268 48013.153 -58725.8 5828.08 -64553.9 8119.5942
3.71 300.65219 -174.84827 47960.261 -58519.4 5928.19 -64447.6 8137.9989
3.72 293.65715 -795.61528 48237.128 -58554.6 5790.26 -64344.9 8208.5623
3.73 295.14086 -331.37499 48186.59 -58490.3 5819.52 -64309.8 8232.9221
3.74 289.76 -69.048028 48020.777 -59058.1 5713.42 -64771.6 8220.8931
3.75 297.37296 -608.83546 48023.412 -58290 5863.53 -64153.6 8270.2518
3.76 288.5168 -249.58008 48413.917 -58532.1 5688.91 -64221 8338.9286
3.77 296.82787 -688.62951 48483.822 -58530.1 5852.78 -64382.9 8362.8495
3.78 302.97987 -737.31967 48249.586 -58008.1 5974.09 -63982.2 8382.5765
3.79 305.6719 -1476.4327 48522.246 -58475.9 6027.17 -64503.1 8437.1606
3.8 277.54053 74.043248 47856.493 -59064 5472.48 -64536.4 8375.0286
3.81 298.57076 335.68245 47930.075 -58479.4 5887.15 -64366.6 8409.3317
3.82 302.12816 352.18022 48108.338 -58524.3 5957.29 -64481.6 8470.5483
3.83 291.46356 -800.33973 48082.201 -58895.1 5747.01 -64642.1 8486.5712
3.84 289.92839 -709.98055 48286.077 -58541.4 5716.74 -64258.2 8520.9343
3.85 297.78108 -904.71504 48031.747 -58409.3 5871.58 -64280.9 8520.1351
3.86 291.32712 -1013.532 48139.047 -58510.7 5744.32 -64255 8550.2402
3.87 289.13371 -606.43446 48146.116 -58648.8 5701.07 -64349.8 8583.9887
3.88 299.00198 -42.281615 48307.233 -58490.6 5895.65 -64386.2 8602.2092
3.89 290.48762 -929.66266 47950.565 -58738 5727.77 -64465.7 8576
3.9 306.31816 -321.14491 48424.459 -58391.6 6039.91 -64431.5 8645.8717
3.91 291.07764 -465.67516 48186.651 -58464.5 5739.4 -64203.9 8611.5987
3.92 290.55357 -517.64967 48137.554 -58764.3 5729.07 -64493.4 8640.8132
3.93 293.66667 -997.41032 47823.286 -58813.7 5790.45 -64604.1 8627.1696
3.94 300.61534 -128.1923 48477.231 -58538.4 5927.46 -64465.9 8724.4666
3.95 302.21141 -685.14033 47740.918 -58609.7 5958.94 -64568.6 8684.7101
3.96 294.23554 -189.34919 48208.62 -59024.5 5801.67 -64826.2 8765.5221
3.97 294.51302 -284.69835 48196.369 -58456.7 5807.14 -64263.8 8778.6223
3.98 300.8817 32.922533 48384.959 -58720.3 5932.72 -64653.1 8796.5478
3.99 310.34958 -464.41325 47942.314 -58201.7 6119.4 -64321.1 8782.7422
4 300.04254 -349.72385 48232.798 -58667.4 5916.17 -64583.6 8850.2913
4.01 295.06878 -626.53755 48586.176 -58155.3 5818.1 -63973.4 8928.9421
4.02 299.91518 -668.95623 48427.314 -58572.6 5913.66 -64486.3 8926.4008
4.03 293.7735 -143.33248 48054.979 -58514.9 5792.56 -64307.4 8913.4313
4.04 287.2187 -1062.8288 48079.591 -58848.7 5663.31 -64512 8923.9999
4.05 290.54999 -249.12818 48160.454 -58688.6 5729 -64417.6 8971.2932
4.06 299.71294 -700.14066 48093.618 -58380.6 5909.67 -64290.3 8996.4499
4.07 291.41525 -693.40678 47961.257 -58739 5746.06 -64485 9011.4886
4.08 297.36855 -295.75749 48637.693 -58391.8 5863.45 -64255.3 9123.909
4.09 290.58074 -22.916034 48015.447 -59037.6 5729.6 -64767.2 9075.2274
4.1 298.69178 550.59725 47704.388 -58799.9 5889.54 -64689.4 9056.8316
4.11 298.85802 -175.8503 48405.43 -58519.4 5892.81 -64412.2 9168.0691
4.12 293.90136 -1328.2664 48137.472 -58707.6 5795.08 -64502.7 9165.7264
4.13 284.32746 -940.51761 48264.153 -58820.1 5606.3 -64426.5 9230.9636
4.14 294.90111 -858.01781 48052.934 -58589.1 5814.79 -64403.9 9213.0839
4.15 299.61826 -333.83313 47807.963 -58295.9 5907.8 -64203.7 9217.3223
4.16 293.60991 -702.68828 48158.546 -58704.9 5789.33 -64494.2 9292.0734
4.17 294.95836 -438.94603 47923.126 -58626.1 5815.92 -64442 9288.7076
4.18 285.73334 -1509.4015 48431.398 -58598.7 5634.03 -64232.8 9388.4609
4.19 309.527 -918.68179 48415.21 -58121.7 6103.18 -64224.9 9427.6664
4.2 300.29649 -1011.7375 48063.038 -58701 5921.18 -64622.2 9418.2803
4.21 292.4601 556.44434 47798.335 -58791.9 5766.66 -64558.6 9430.3551
4.22 292.65542 -160.53278 48018.665 -58544.2 5770.51 -64314.7 9484.0572
4.23 310.6197 1.975255 48101.999 -58184.8 6124.73 -64309.5 9537.1878
4.24 290.32686 -168.33455 48101.373 -58499.3 5724.6 -64223.9 9545.4041
4.25 290.78578 -612.93343 48178.745 -58704.2 5733.65 -64437.8 9589.0362
4.26 295.43904 -128.92587 47743.359 -58708.2 5825.4 -64533.6 9568.8372
4.27 291.8306 -1377.8607 48790.007 -58626.9 5754.25 -64381.1 9718.013
4.28 298.17836 -185.29267 48433.309 -58365 5879.41 -64244.4 9698.1684
4.29 308.19561 -385.99849 48235.031 -58181 6076.93 -64257.9 9687.905
4.3 289.39066 -387.01234 47817.681 -58660.9 5706.14 -64367 9654.3101
4.31 290.90719 -22.609631 48219.058 -58584.7 5736.04 -64320.7 9724.1517
4.32 301.85408 -137.07541 47876.386 -58642.6 5951.89 -64594.5 9706.1505
4.33 300.94628 -100.67574 48300.74 -58648.8 5933.99 -64582.8 9805.9872
4.34 288.97444 392.54018 48276.282 -58621.7 5697.93 -64319.6 9844.4399
4.35 295.63293 -602.85625 47985.262 -58289.7 5829.22 -64119 9824.6403
4.36 288.90121 -9.8473424 48368.78 -58530.9 5696.49 -64227.4 9893.7007
4.37 300.34147 -753.99654 48125.536 -58649.8 5922.06 -64571.9 9878.8082
4.38 306.89236 -724.45299 48309.793 -58223.6 6051.23 -64274.8 9928.46
4.39 307.972 -1456.2706 48263.522 -58347.4 6072.52 -64419.9 9972.4043
4.4 300.66145 -818.00926 48410.086 -58281.5 5928.37 -64209.9 10003.935
4.41 299.0781 -497.77025 48084.42 -58339.6 5897.15 -64236.8 9989.8779
4.42 302.82533 -941.41809 48109.411 -58248.6 5971.04 -64219.6 10046.659
4.43 290.94711 -546.1375 48039.188 -58900 5736.83 -64636.8 10048.078
4.44 295.78343 -319.96574 48310.433 -58368.7 5832.19 -64200.8 10111.353
4.45 305.58634 18.144704 47795.314 -58336.4 6025.48 -64361.9 10060.727
4.46 290.90959 -527.01715 47814.205 -58711 5736.09 -64447 10114.71
4.47 304.77659 -611.20242 48423.755 -58070.5 6009.52 -64080 10223.506
4.48 290.07738 -1118.7024 48032.274 -58614 5719.68 -64333.7 10173.079
4.49 299.24375 -250.34293 48009.682 -58400.6 5900.42 -64301 10209.467
4.5 297.34379 -1095.0153 48177.315 -58494.5 5862.96 -64357.5 10277.798
4.51 303.16388 -69.230447 48190.803 -58226.4 5977.72 -64204.1 10309.167
4.52 292.93256 -196.48153 48212.773 -58784.1 5775.98 -64560.1 10343.065
4.53 296.8283 -608.53199 47952.512 -58296.8 5852.79 -64149.6 10319.176
4.54 293.83849 -23.943656 47549.162 -58611.1 5793.84 -64404.9 10273.48
4.55 300.02929 -549.03911 48081.113 -58151 5915.91 -64066.9 10402.821
4.56 296.45459 -927.05966 48097.43 -58612.6 5845.42 -64458 10457.069
4.57 301.70017 -595.83378 47766.468 -58456.2 5948.86 -64405.1 10438.162
4.58 299.51755 -194.80865 48433.443 -58821.3 5905.82 -64727.1 10561.901
4.59 299.11638 -529.86424 48250.456 -58125.8 5897.91 -64023.7 10553.948
4.6 298.5456 -766.93671 47909.182 -58441.7 5886.65 -64328.4 10520.28
4.61 307.10828 -1159.8158 48065.215 -58750.4 6055.49 -64805.9 10573.01
4.62 308.98596 -486.00228 48231.974 -58340.2 6092.51 -64432.8 10629.871
4.63 296.96205 -1443.7054 48398.679 -58518.5 5855.43 -64373.9 10670.214
4.64 297.63526 -1169.6753 48243.502 -58563.8 5868.7 -64432.5 10673.882
4.65 287.97176 -602.79168 47914.028 -58582.2 5678.16 -64260.4 10675.934
4.66 290.70039 -376.67018 48541.086 -58420 5731.96 -64152 10792.299
4.67 296.76416 195.92057 47983.191 -58808 5851.53 -64659.6 10734.104
4.68 293.32239 -992.38241 48141.877 -58434.9 5783.66 -64218.5 10739.65
4.69 292.67545 -366.52374 48180.829 -58321.6 5770.91 -64092.5 10767.392
4.7 289.35343 -611.72991 48297.542 -58763.4 5705.4 -64468.8 10820.513
4.71 298.47323 -416.57875 48383.255 -58567.8 5885.23 -64453 10880.426
4.72 307.74425 -452.1557 48164.959 -58404.1 6068.03 -64472.1 10870.784
4.73 300.55648 -950.88854 48318.795 -58284.2 5926.3 -64210.5 10921.638
4.74 291.83642 -912.96551 48378.44 -58604.2 5754.36 -64358.5 10968.925
4.75 304.04853 -188.36385 47519.474 -58693.1 5995.16 -64688.2 10853.458
4.76 291.549 -1477.1777 47937.498 -58670.9 5748.7 -64419.6 10967.87
4.77 293.76358 -582.2392 48155.87 -58714.4 5792.36 -64506.7 11031.545
4.78 284.58901 -993.31497 48445.323 -58530.7 5611.46 -64142.2 11082.428
4.79 299.02961 -312.66208 47821.541 -58411.9 5896.2 -64308.1 11007.101
4.8 294.5194 -526.93198 48457.336 -58695.5 5807.27 -64502.8 11144.776
4.81 292.7124 367.32211 47715.955 -58681.4 5771.64 -64453 11052.062
4.82 291.93276 100.6834 47976.681 -58394.5 5756.26 -64150.8 11101.724
4.83 301.45182 3.3608191 48153.76 -58571.8 5943.96 -64515.7 11167.609
4.84 287.29331 -953.47057 47910.826 -58707 5664.78 -64371.7 11144.114
4.85 303.38241 -727.1304 48172.184 -58347.4 5982.03 -64329.4 11202.321
4.86 294.5595 -591.37757 48438.598 -58835.2 5808.06 -64643.3 11302.902
4.87 290.13953 -873.4328 48211.661 -58431.8 5720.9 -64152.8 11310.082
4.88 298.20262 -1373.3096 48346.574 -58581.7 5879.89 -64461.6 11355.152
4.89 295.58755 -1041.6827 48268.974 -58692.8 5828.33 -64521.2 11348.639
4.9 300.51538 -1319.3106 48149.72 -58551.2 5925.49 -64476.7 11361.66
4.91 291.9398 -1022.6143 48298.29 -58810.3 5756.4 -64566.7 11396.53
4.92 306.92926 -704.36999 48129.218 -58554.8 6051.96 -64606.8 11368.886
4.93 290.79779 -977.37933 48257.654 -58803.9 5733.88 -64537.8 11395.963
4.94 300.43116 -574.45706 47953.543 -58408.4 5923.83 -64332.3 11373.812
4.95 290.02774 0.64266511 48027.832 -58923.4 5718.7 -64642.1 11424.143
4.96 302.48547 -575.5109 48313.28 -58520.2 5964.34 -64484.5 11480.04
4.97 293.77371 250.59001 47969.081 -58785.5 5792.56 -64578 11457.361
4.98 301.15379 -956.8913 48274.812 -58356.3 5938.08 -64294.3 11547.032
4.99 299.1331 -374.22606 47854.421 -58390.8 5898.24 -64289.1 11512.466
5 293.18412 -49.547118 48263.786 -58466.2 5780.94 -64247.2 11616.756
5.01 301.23208 -109.40357 48084.794 -58207.2 5939.63 -64146.8 11614.349
5.02 294.39737 -265.10723 48081.835 -58810.8 5804.86 -64615.7 11644.715
5.03 293.43813 -357.22547 47981.642 -58417.8 5785.95 -64203.7 11632.364
5.04 292.91208 -877.99814 48472.917 -58565.3 5775.57 -64340.9 11757.905
5.05 294.82318 -502.04017 48711.498 -58369.2 5813.26 -64182.5 11783.509
5.06 292.053 -1057.1433 47740.337 -58608.6 5758.63 -64367.2 11659.178
5.07 294.07322 -530.21726 48628.019 -58602.6 5798.47 -64401 11837.668
5.08 303.61658 -339.73998 48240.011 -58681.7 5986.64 -64668.4 11799.604
5.09 295.69961 -890.61946 48054.05 -58686.9 5830.54 -64517.5 11785.663
5.1 293.19699 -756.66115 48253.702 -58752.9 5781.19 -64534 11857.373
5.11 297.11331 -113.05126 48059.154 -58635.3 5858.41 -64493.7 11844.172
5.12 292.12326 -250.55892 48141.148 -58658.8 5760.02 -64418.9 11865.111
5.13 296.96466 -1075.3015 48229.589 -58368.7 5855.48 -64224.2 11918.799
5.14 288.7772 -491.33921 47860.605 -58574.9 5694.04 -64268.9 11914.226
5.15 285.10641 -363.16609 48474.013 -58703.9 5621.66 -64325.5 12033.82
5.16 293.27814 -241.00539 47848.041 -58552.1 5782.79 -64334.9 11985.586
5.17 300.86317 -849.63702 48689.031 -58140.4 5932.35 -64072.8 12148.654
5.18 304.67951 418.65599 48081.742 -58425.3 6007.6 -64432.9 12071.512
5.19 288.58016 -705.58289 48353.527 -58763.6 5690.16 -64453.8 12134.625
5.2 305.59479 82.796588 48196.132 -58247.1 6025.65 -64272.8 12114.204
5.21 299.99812 -199.60135 48299.069 -58345.5 5915.29 -64260.8 12182.417
5.22 294.68165 89.12794 48068.147 -58638.6 5810.47 -64449 12175.299
5.23 294.38185 -742.74223 48528.674 -58203.5 5804.55 -64008 12302.131
5.24 295.90841 -935.15484 48347.921 -58633.5 5834.65 -64468.1 12305.714
5.25 308.19787 -762.6043 48356.491 -58229.1 6076.98 -64306.1 12349.416
5.26 308.75449 -1045.6028 48300.597 -58399.1 6087.95 -64487.1 12342.414
5.27 294.58438 -338.52483 48179.823 -58546.2 5808.55 -64354.7 12378.653
5.28 293.0763 -727.07756 48682.776 -58590 5778.81 -64368.8 12486.944
5.29 301.18836 -17.379199 48182.603 -58609 5938.76 -64547.8 12439.611
5.3 303.54456 -307.1746 48132.184 -58241.2 5985.22 -64226.4 12467.929
5.31 290.53203 -453.38534 47740.106 -58674.6 5728.64 -64403.3 12432.879
5.32 301.38555 1.2684008 48156.081 -58982.2 5942.65 -64924.8 12546.515
5.33 296.19697 -236.062 47999.683 -58554.1 5840.34 -64394.4 12528.097
5.34 293.30882 -613.16351 48027.449 -58700.2 5783.4 -64483.6 12564.557
5.35 300.24084 503.36192 47858.925 -58583.3 5920.08 -64503.4 12543.653
5.36 300.46012 -358.27618 47998.568 -58647.9 5924.4 -64572.3 12594.394
5.37 289.46352 -644.2767 48616.862 -58458.3 5707.58 -64165.9 12696.646
5.38 301.6855 79.374564 47691.782 -58557.7 5948.57 -64506.3 12546.974
5.39 300.7775 -359.55708 47803.841 -58128.7 5930.66 -64059.3 12573.25
5.4 296.95603 -1056.8224 48258.335 -58599.3 5855.31 -64454.6 12656.181
5.41 286.0683 -327.19217 48209.324 -58740.1 5640.63 -64380.7 12694.082
5.42 291.15774 -932.28871 48548.746 -58637.6 5740.98 -64378.6 12777.796
5.43 285.1165 -872.7927 48072.333 -58762.1 5621.86 -64383.9 12689.939
5.44 289.99043 -758.22682 47752.547 -58737.3 5717.97 -64455.3 12691.104
5.45 297.01537 -85.633499 47932.071 -58123.5 5856.48 -63980 12755.897
5.46 297.95737 -482.11244 47880.186 -58213.1 5875.06 -64088.2 12776.601
5.47 291.02222 -312.31733 47997.378 -58710.3 5738.31 -64448.6 12845.942
5.48 295.96999 -493.05756 48480.633 -58252.2 5835.87 -64088.1 12964.305
5.49 293.84056 -680.61789 48679.406 -58383.5 5793.88 -64177.3 13011.746
5.5 286.1239 -1027.3788 48546.086 -58745.5 5641.73 -64387.2 13018.253
5.51 295.52377 -753.68762 48370.24 -58454.9 5827.07 -64281.9 13008.141
5.52 304.25665 353.48723 47827.228 -58125.6 5999.26 -64124.9 12980.243
5.53 287.2913 -445.17435 48222.072 -58565.5 5664.74 -64230.2 13065.92
5.54 300.84692 -97.889775 48546.491 -58210.9 5932.03 -64142.9 13166.706
5.55 285.65419 -463.01623 48116.258 -58607.4 5632.46 -64239.9 13126.311
5.56 281.28816 -508.3838 48400.497 -59015.1 5546.38 -64561.4 13176.352
5.57 291.84858 -714.90939 48274.104 -58657.1 5754.6 -64411.7 13195.624
5.58 286.77057 -783.50564 48080.211 -58765.1 5654.48 -64419.6 13178.529
5.59 295.87211 -419.05745 48797.677 -58394.2 5833.94 -64228.1 13333.333
5.6 290.66633 -194.96897 47463.004 -58663.8 5731.29 -64395.1 13109.836
5.61 281.80077 -186.17988 47904.414 -58645 5556.48 -64201.5 13203.714
5.62 293.5111 -791.49577 48512.766 -58779.2 5787.38 -64566.6 13341.032
5.63 304.93184 571.47002 48138.887 -58440.1 6012.58 -64452.7 13307.841
5.64 296.69128 -1111.3038 47941.952 -58532.3 5850.09 -64382.4 13289.959
5.65 298.70867 -633.3657 48237.839 -58090.1 5889.87 -63979.9 13395.126
5.66 301.83889 -265.5324 48541.011 -58529.6 5951.59 -64481.2 13461.645
5.67 291.19647 -472.19492 47435.731 -59110.5 5741.75 -64852.3 13291.853
5.68 298.43466 -751.98 48240.437 -58444 5884.47 -64328.5 13461.954
5.69 287.11972 -859.0195 47833.051 -58698.7 5661.36 -64360.1 13408.22
5.7 294.1676 -1006.8454 48200.102 -58492.8 5800.33 -64293.1 13509.056
5.71 305.51619 -145.35823 48082.652 -58164.4 6024.1 -64188.5 13494.989
5.72 290.8378 -444.4722 48351.182 -58625 5734.67 -64359.6 13570.153
5.73 296.36121 -677.45892 47957.505 -58277.2 5843.58 -64120.8 13543.955
5.74 297.98986 -607.77225 48194.025 -58406.7 5875.7 -64282.4 13584.203
5.75 308.91232 -566.49636 48010.838 -58151.1 6091.06 -64242.2 13568.945
5.76 298.72706 -41.346638 48350.677 -58389.4 5890.23 -64279.6 13681.947
5.77 293.25982 131.22221 47841.181 -58840.1 5782.43 -64622.6 13612.132
5.78 286.42471 -271.19621 47990.947 -58615.3 5647.66 -64262.9 13637.659
5.79 298.19632 -200.85294 48386.748 -58478.7 5879.77 -64358.4 13731.801
5.8 293.63212 -328.09933 48020.785 -58564.5 5789.77 -64354.3 13684.524
5.81 301.0017 -250.91317 48276.241 -58296.8 5935.08 -64231.9 13777.916
5.82 292.82075 -1067.1768 48454.353 -58734.5 5773.77 -64508.3 13832.046
5.83 287.7403 -499.16647 48320.266 -58607.8 5673.6 -64281.4 13819.691
5.84 299.972 -414.73236 48242.468 -58352.6 5914.78 -64267.4 13825.084
5.85 285.62484 -508.31917 48209.898 -58677.1 5631.89 -64309 13880.336
5.86 299.80275 -1065.4234 48224.123 -58543.6 5911.44 -64455 13920.273
5.87 286.60775 -619.17627 48131.245 -58861.7 5651.27 -64513 13936.827
5.88 293.35173 -291.14933 48179.609 -58570.7 5784.24 -64354.9 13990.602
5.89 298.20797 -1581.4628 48579.483 -58011.3 5880 -63891.3 14100.119
5.9 287.37868 -653.60915 48274.088 -58580.9 5666.47 -64247.4 14038.391
5.91 302.73344 -606.27086 48010.449 -58391.4 5969.23 -64360.6 14038.572
5.92 291.08367 -846.59146 47956.481 -58600.6 5739.52 -64340.1 14028.403
5.93 286.41952 -399.52958 48018.38 -58668.3 5647.55 -64315.8 14060.263
5.94 305.416 -1032.2619 48461.022 -58284.8 6022.12 -64307 14135.408
5.95 300.02563 -769.22269 48319.426 -58633.5 5915.84 -64549.3 14092.452
5.96 297.33496 -429.48326 47987.084 -58428 5862.78 -64290.8 14041.269
5.97 286.18299 352.81436 48034.742 -58646.3 5642.89 -64289.2 14056.522
5.98 298.66936 -357.42158 48171.537 -58335.2 5889.09 -64224.3 14127.044
5.99 290.22252 -1441.1036 48576.457 -58787.4 5722.54 -64509.9 14215.467
6 292.25899 -644.74471 48213.982 -58270.7 5762.7 -64033.4 14168.225
6.01 292.71732 -148.23417 47833.226 -58470.9 5771.73 -64242.7 14088.574
6.02 293.42104 -591.32317 48216.423 -58732.6 5785.61 -64518.2 14162.182
6.03 287.2981 -188.02227 48254.631 -58491.6 5664.88 -64156.5 14170.24
6.04 295.5236 -180.07996 47807.19 -58454.3 5827.07 -64281.3 14117.551
6.05 300.50723 -78.998773 47807.787 -58769.9 5925.33 -64695.3 14109.055
6.06 290.91023 -812.33974 47922.514 -58447.5 5736.1 -64183.6 14145.027
6.07 297.23881 -390.03397 47970.003 -58767.4 5860.89 -64628.3 14169.81
6.08 306.8102 49.573466 47842.768 -58589.8 6049.61 -64639.4 14147.206
6.09 288.008 -242.68393 48007.489 -58556.8 5678.88 -64235.7 14212.58
6.1 300.81912 -469.43676 48060.641 -58796.3 5931.48 -64727.8 14266.513
6.11 296.19205 -1033.421 48193.628 -58709.1 5840.25 -64549.4 14332.42
6.12 292.05954 -81.89048 47857.262 -58534.9 5758.76 -64293.7 14319.876
6.13 293.68752 -604.75266 48235.056 -58383.2 5790.86 -64174 14447.359
6.14 284.51686 -807.27212 48503.017 -58710 5610.04 -64320 14538.271
6.15 300.21927 -454.17898 48132.171 -58518.3 5919.66 -64438 14466.415
6.16 289.70889 -880.72 47965.58 -58628.4 5712.41 -64340.8 14463.041
6.17 295.34155 -1158.9829 48130.992 -58205.5 5823.48 -64029 14524.927
6.18 296.37328 -1463.6132 48258.519 -58668.4 5843.82 -64512.2 14536.943
6.19 298.98576 -150.27564 48381.534 -58396.5 5895.33 -64291.8 14593.818
6.2 295.73358 -610.25891 48091.831 -58765.9 5831.21 -64597.1 14561.572
6.21 300.8071 -900.06641 48472.555 -58434.9 5931.25 -64366.2 14656.524
6.22 282.22801 -1003.2655 48240.226 -59136.8 5564.91 -64701.7 14664.21
6.23 299.73004 -747.60419 48219.808 -58592.7 5910.01 -64502.7 14706.339
6.24 301.32804 -1175.1999 48365.952 -58300.9 5941.52 -64242.4 14756.554
6.25 297.01216 -650.17482 47724.617 -58475.6 5856.42 -64332 14646.401
6.26 295.54579 -784.57435 48381.825 -58435.6 5827.5 -64263.1 14791.66
6.27 287.71416 -743.27067 48064.401 -59120.7 5673.08 -64793.8 14757.183
6.28 296.39336 -352.91278 48167.894 -58675.6 5844.22 -64519.8 14819.002
6.29 292.26054 -725.67826 47922.107 -58581.9 5762.73 -64344.7 14790.648
6.3 304.64618 -472.86308 48358.811 -58305.3 6006.94 -64312.3 14914.051
6.31 293.73493 -102.80359 48487.73 -58565.4 5791.8 -64357.2 14981.451
6.32 290.7319 135.48599 47702.439 -58604 5732.59 -64336.6 14829.956
6.33 295.80046 -438.60374 48309.925 -58334.4 5832.53 -64166.9 14970.88
6.34 290.82188 -567.51687 48001.922 -58329.6 5734.36 -64064 14940.17
6.35 302.52229 -736.7925 48602.332 -58907.2 5965.07 -64872.3 15073.395
6.36 301.92472 -1244.1119 48300.693 -58108.5 5953.28 -64061.7 15039.616
6.37 294.22134 -299.24279 48234.589 -58687.3 5801.39 -64488.7 15063.489
6.38 299.09494 569.77656 48180.834 -58317.3 5897.49 -64214.8 15067.831
6.39 296.34446 54.601635 48253.033 -58520.8 5843.25 -64364 15136.661
6.4 294.54258 -561.66474 48128.536 -58206.2 5807.72 -64013.9 15134.544
6.41 307.8665 -423.0459 48013.172 -58300.3 6070.44 -64370.7 15123.751
6.42 288.43116 17.218182 48198.678 -58591.8 5687.22 -64279 15211.722
6.43 305.71568 -228.66546 48261.696 -58247.7 6028.03 -64275.7 15236.534
6.44 295.79743 -730.57214 48282.986 -58593.6 5832.47 -64426.1 15260.369
6.45 310.06534 -943.99387 48134.166 -58423.5 6113.8 -64537.3 15263.55
6.46 297.05019 -778.81344 48192.415 -58422.1 5857.17 -64279.3 15295.29
6.47 291.35396 -634.98044 48708.24 -58489.6 5744.85 -64234.5 15396.675
6.48 300.51626 -588.61626 48244.364 -58200.6 5925.51 -64126.1 15356.073
6.49 298.63296 -752.88631 48132.336 -58522.9 5888.38 -64411.3 15338.978
6.5 291.15299 -848.58345 48237.106 -58831.6 5740.89 -64572.5 15400.382
6.51 282.27269 -563.57164 48191.1 -58745.1 5565.79 -64310.8 15412.288
6.52 291.52041 -570.31358 47987 -58781.3 5748.13 -64529.4 15403.334
6.53 305.1921 590.28442 48121.507 -58203.7 6017.71 -64221.4 15485.002
6.54 293.43104 -326.26241 48045.368 -58781.9 5785.81 -64567.7 15485.333
6.55 295.94405 127.63931 48309.201 -58479.6 5835.36 -64314.9 15535.883
6.56 291.89995 -1246.3482 48119.389 -58596.4 5755.62 -64352 15531.478
6.57 294.04508 -457.98461 48008.964 -58634.4 5797.91 -64432.3 15527.05
6.58 302.11865 -979.34646 47768.239 -58358.8 5957.11 -64315.9 15436.372
6.59 292.9908 -814.06213 48485.532 -58772.9 5777.13 -64550.1 15632.037
6.6 296.29451 -731.87517 48385.89 -58670.5 5842.27 -64512.8 15608.501
6.61 284.83623 -42.361239 48664.99 -58558.8 5616.34 -64175.2 15678.495
6.62 295.82192 -48.136965 47908.786 -58543 5832.95 -64375.9 15534.448
6.63 305.32038 -109.10444 48077.739 -58212.2 6020.24 -64232.4 15599.969
6.64 296.40309 136.3875 47985.925 -58639.9 5844.41 -64484.3 15605.294
6.65 296.28493 -903.59751 47735.886 -58392.4 5842.08 -64234.5 15600.225
6.66 299.32872 -1129.458 48454.755 -58556.1 5902.1 -64458.2 15813.07
6.67 300.32867 -116.02542 48457.838 -58851.9 5921.81 -64773.7 15831.277
6.68 300.21263 -871.13699 47995.929 -58442.2 5919.52 -64361.7 15738.972
6.69 302.69374 863.01906 47695.064 -58285 5968.45 -64253.4 15718.128
6.7 299.91902 -880.84233 48118.752 -58603.5 5913.74 -64517.3 15820.935
6.71 296.00604 -461.68767 48087.068 -58695.1 5836.58 -64531.6 15843.314
6.72 308.83939 -1385.8931 48548.424 -58013.8 6089.62 -64103.4 15949.295
6.73 307.16796 -365.69541 48372.486 -58423.1 6056.67 -64479.8 15922.683
6.74 298.60736 -944.05493 48117.909 -58366 5887.87 -64253.9 15890.019
6.75 290.96531 -778.60651 48129.524 -58670.3 5737.19 -64407.5 15933.25
6.76 286.51468 -147.26112 48116.701 -58363.7 5649.43 -64013.1 15960.607
6.77 304.15835 174.58875 47667.18 -58491.7 5997.33 -64489.1 15843.254
6.78 292.79628 -503.47995 48127.988 -58821.8 5773.29 -64595.1 15924.584
6.79 298.10945 -324.6573 47908.827 -58305.9 5878.05 -64183.9 15878.659
6.8 285.02381 -436.1 48813.159 -58873.7 5620.03 -64493.8 16112.358
6.81 299.4197 -304.90559 48552.241 -58443.5 5903.89 -64347.4 16116.222
6.82 287.44084 88.326701 47869.025 -58505.4 5667.69 -64173.1 15955.809
6.83 300.80946 162.39744 47831.298 -58331.9 5931.29 -64263.2 15995.747
6.84 294.76402 -238.63631 48010.16 -58319.2 5812.09 -64131.3 16087.255
6.85 297.78574 -745.4718 48120.778 -58924.2 5871.67 -64795.8 16130.55
6.86 294.47206 -218.9689 48138.636 -58504.9 5806.33 -64311.2 16156.947
6.87 292.07244 -326.74197 48083.703 -58914.9 5759.02 -64673.9 16178.156
6.88 287.36259 -1140.2933 48144.546 -58918 5666.15 -64584.2 16214.981
6.89 295.61209 -295.06012 47957.96 -58634.4 5828.81 -64463.2 16204.259
6.9 284.11548 -200.66708 48130.21 -59053 5602.12 -64655.1 16282.95
6.91 301.11636 -305.25643 48454.633 -58653.3 5937.34 -64590.7 16423.355
6.92 297.97856 -101.70366 47721.27 -58537.5 5875.47 -64413 16280.283
6.93 291.1876 -726.65463 48082.078 -58731.6 5741.57 -64473.1 16375.073
6.94 293.83647 -649.90092 47659.507 -58655.3 5793.8 -64449.1 16328.699
6.95 300.20447 -744.24942 48041.12 -58293.6 5919.36 -64213 16456.697
6.96 301.33905 -488.23584 48570.997 -58530 5941.73 -64471.7 16611.032
6.97 285.15622 -453.76093 48024.317 -58890.4 5622.65 -64513 16500.91
6.98 292.14962 -885.0317 48149.662 -58544.5 5760.54 -64305 16585.868
6.99 294.89674 -683.11075 48107.299 -58783.9 5814.71 -64598.6 16577.356
7 297.36456 -105.90524 47946.015 -58747.3 5863.37 -64610.7 16519.056
7.01 293.41015 877.35328 47832.427 -58601.4 5785.39 -64386.8 16521.341
7.02 294.6382 -708.32069 48338.079 -58363.5 5809.61 -64173.1 16653.951
7.03 290.3896 -524.43144 48165.576 -58522.6 5725.84 -64248.4 16635.815
7.04 300.08829 -406.20312 47906.303 -58664.6 5917.07 -64581.7 16638.85
7.05 302.73743 -901.79191 47806.937 -58430.1 5969.31 -64399.4 16653.609
7.06 288.48232 -578.30805 48632.091 -58482.4 5688.23 -64170.7 16864.453
7.07 296.17132 -563.60781 47946.491 -58504.9 5839.84 -64344.8 16729.382
7.08 288.32138 -1086.1284 47989.005 -58841.2 5685.06 -64526.2 16755.245
7.09 301.66137 -612.89029 48202.94 -58634 5948.09 -64582 16845.105
7.1 298.89819 -444.55634 47880.694 -58494.8 5893.61 -64388.4 16776.983
7.11 307.6806 203.20066 48121.975 -58184 6066.78 -64250.8 16872.132
7.12 293.58082 -1563.2237 48869.022 -58549.4 5788.76 -64338.1 17095.364
7.13 297.66564 -885.71373 48162.063 -58544.6 5869.3 -64413.9 16993.493
7.14 293.93767 -1142.802 48715.193 -58256.1 5795.8 -64051.9 17126.163
7.15 296.29449 45.70292 48086.34 -58231 5842.27 -64073.3 16994.143
7.16 292.65538 -514.05018 47813.573 -58637.8 5770.51 -64408.3 16898.819
7.17 289.78785 -716.74619 48465.976 -58665.5 5713.97 -64379.5 17093.916
7.18 301.63229 -485.52876 48359.889 -58535.5 5947.52 -64483.1 17099.222
7.19 285.08649 -1026.8523 47860.677 -58674.9 5621.27 -64296.2 16999.9
7.2 299.35624 -410.33478 48308.156 -58381.6 5902.64 -64284.2 17149.007
7.21 288.7397 -206.97771 48229.265 -58715.7 5693.3 -64409 17159.301
7.22 294.84635 -1191.9831 48577.828 -58491.9 5813.71 -64305.6 17269.897
7.23 303.61357 -671.14668 48197.698 -58393.3 5986.58 -64379.9 17240.989
7.24 293.8029 -801.35586 48169.758 -58177.6 5793.14 -63970.7 17293.869
7.25 300.86236 -61.210893 48143.453 -58674.9 5932.34 -64607.3 17300.634
7.26 302.28181 -114.20784 48311.284 -58237.5 5960.32 -64197.8 17365.074
7.27 289.54503 -959.1371 48380.503 -58620.3 5709.18 -64329.5 17426.43
7.28 295.5234 -437.41169 48159.637 -58462.9 5827.06 -64290 17418.182
7.29 295.89751 -173.59026 48233.28 -58766.6 5834.44 -64601 17455.992
7.3 296.43146 -1165.6805 48425.947 -58338.9 5844.97 -64183.9 17489.543
7.31 300.23426 64.313137 48272.082 -58462.2 5919.95 -64382.1 17484.339
7.32 299.3532 -993.9161 48083.635 -58156.4 5902.58 -64059 17441.022
7.33 291.19219 -1437.9004 48265.598 -58707.9 5741.66 -64449.6 17523.393
7.34 285.12718 -854.42979 47918.425 -58710.4 5622.07 -64332.5 17469.133
7.35 287.93848 -1115.9083 48250.954 -58689.8 5677.51 -64367.3 17622.503
7.36 296.9639 -531.82915 47842.989 -58496.5 5855.47 -64351.9 17551.392
7.37 290.6988 -562.29408 48444.102 -59082.6 5731.93 -64814.6 17698.974
7.38 299.43108 -213.01566 48337.234 -58410.2 5904.11 -64314.3 17699.618
7.39 293.04175 -1402.8087 48403.985 -58537.8 5778.13 -64315.9 17734.87
7.4 296.06625 -38.710962 48107.267 -58359.8 5837.77 -64197.5 17674.782
7.41 294.14935 -782.31018 48203.356 -58687.7 5799.97 -64487.7 17723.581
7.42 287.97729 -364.25095 47997.04 -58458 5678.27 -64136.2 17683.298
7.43 302.71751 -172.79348 47861.21 -58289.6 5968.91 -64258.5 17668.546
7.44 285.11939 -904.70545 48083.861 -59036.8 5621.92 -64658.7 17725.221
7.45 299.42835 -259.74701 48544.815 -58465.4 5904.06 -64369.4 17865.881
7.46 305.06502 -1058.2721 48245.34 -58555.8 6015.2 -64571 17845.358
7.47 294.20818 -823.31729 48464.481 -58440.2 5801.13 -64241.3 17913.205
7.48 306.21502 -21.731291 48167.351 -58186.2 6037.88 -64224.1 17869.087
7.49 299.30265 80.752633 48173.962 -58891.5 5901.58 -64793.1 17902.358
7.5 298.97618 -931.59651 48340.871 -58762.5 5895.14 -64657.6 17966.1
7.51 289.12979 -1721.2788 48742.451 -58444.5 5701 -64145.5 18084.347
7.52 284.5846 201.98012 48130.298 -58664.4 5611.37 -64275.8 17926.559
7.53 296.15524 -767.23238 47999.457 -58513.3 5839.52 -64352.8 17884.876
7.54 297.41419 -997.44985 48224.813 -58276.2 5864.35 -64140.5 17966.716
7.55 293.65161 -1125.0176 48717.773 -58502.1 5790.16 -64292.3 18113.451
7.56 305.62922 -0.30718127 48108.776 -58148.9 6026.33 -64175.3 17948.402
7.57 295.62585 -121.54285 48376.296 -58516.7 5829.08 -64345.8 18039.649
7.58 294.81817 -609.65202 48342.737 -58742.1 5813.16 -64555.3 18052.77
7.59 286.21805 -694.15239 48210.468 -58628.8 5643.58 -64272.4 18070.681
7.6 293.79968 -361.64167 47793.535 -58724.6 5793.08 -64517.7 17992.73
7.61 304.60481 -550.37335 47703.028 -58432.3 6006.13 -64438.5 18019.422
7.62 302.08887 -524.5677 47949.828 -58701.1 5956.52 -64657.6 18139.459
7.63 294.73523 -482.48208 48236.337 -58644.1 5811.52 -64455.6 18218.825
7.64 284.28732 112.02827 47722.121 -58945.9 5605.51 -64551.4 18103.784
7.65 292.4718 77.900339 48230.737 -58523.9 5766.89 -64290.7 18275.181
7.66 288.55551 -522.56065 47842.643 -58725.7 5689.67 -64415.4 18225.261
7.67 291.79944 60.799842 47953.241 -58280.7 5753.63 -64034.4 18290.14
7.68 286.44277 -931.69795 48216.052 -58625.5 5648.01 -64273.5 18377.324
7.69 299.01982 -847.62071 47841.871 -58067.7 5896 -63963.7 18290.223
7.7 295.99178 -24.396082 48291.754 -58682.7 5836.3 -64519 18418.855
7.71 295.4766 -562.52632 48323.255 -58775.2 5826.14 -64601.3 18443.404
7.72 299.32523 -716.29084 48580.528 -58219.8 5902.03 -64121.8 18542.06
7.73 306.98292 -1147.4883 48201.132 -58319.7 6053.02 -64372.8 18453.691
7.74 294.55913 2.0208931 48288.945 -58693.3 5808.05 -64501.4 18503.651
7.75 297.29316 -483.32525 48390.653 -58653.3 5861.96 -64515.2 18567.907
7.76 308.63308 879.39584 47806.025 -58260.3 6085.56 -64345.9 18431.906
7.77 288.84536 -133.72795 47891.105 -58593.2 5695.39 -64288.5 18486.138
7.78 301.34001 430.71148 48060.838 -58688.4 5941.75 -64630.1 18529.212
7.79 296.9479 -975.36946 48288.14 -58347.5 5855.15 -64202.7 18611.416
7.8 289.67141 -870.21374 48185.322 -58499.9 5711.68 -64211.6 18608.784
7.81 294.983 -608.94225 48305.673 -58685.1 5816.41 -64501.5 18632.028
7.82 302.655 -185.75307 47906.785 -58285.8 5967.68 -64253.5 18563.596
7.83 304.25125 -682.53337 47669.936 -58479.3 5999.16 -64478.4 18506.504
7.84 298.87008 -789.48869 48213.109 -58320.8 5893.05 -64213.8 18674.916
7.85 287.26841 -585.23198 48366.605 -58613.6 5664.29 -64277.9 18717.633
7.86 293.14683 -1126.1527 48068.203 -58580.7 5780.2 -64360.9 18666.003
7.87 304.6735 -570.18009 48041.284 -58312.2 6007.48 -64319.7 18694.945
7.88 293.80294 -109.60976 48268.41 -58640.5 5793.14 -64433.6 18756.622
7.89 299.79047 -287.02025 48205.188 -58432.8 5911.2 -64344 18761.303
7.9 298.88675 -656.49788 47838.331 -58396.4 5893.38 -64289.8 18696.757
7.91 296.0236 -345.6779 48235.042 -58400 5836.93 -64236.9 18805.096
7.92 295.04171 -445.28299 48418.916 -58905.3 5817.57 -64722.9 18855.116
7.93 297.47629 -128.36041 47770.003 -58158.7 5865.57 -64024.3 18693.03
7.94 298.56303 66.990907 47793.161 -58539.3 5887 -64426.3 18687.267
7.95 294.03519 134.05224 48313.087 -58738.5 5797.72 -64536.3 18865.381
7.96 291.983 264.46242 47913.292 -58549.1 5757.25 -64306.4 18763.908
7.97 288.3397 -490.48087 48291.886 -58721.7 5685.42 -64407.1 18872.171
7.98 301.40323 -96.23482 48393.96 -58607.3 5943 -64550.3 18950.493
7.99 296.33723 -435.0742 48141.41 -58551.4 5843.11 -64394.5 18892.631
8 300.51205 -1493.7506 48263.731 -58444.8 5925.43 -64370.3 18932.525
8.01 297.17825 -282.92222 48045.065 -58478.9 5859.69 -64338.6 18891.271
8.02 295.57707 -29.687618 48029.931 -58398.7 5828.12 -64226.8 18894.683
8.03 295.74295 -798.32214 47518.013 -58563.1 5831.39 -64394.5 18774.481
8.04 292.93866 -776.3293 48102.848 -58408.5 5776.1 -64184.6 18953.959
8.05 296.65025 -1026.1709 48663.482 -58522.6 5849.28 -64371.9 19113.055
8.06 293.5758 -499.83404 48732.542 -58246 5788.66 -64034.6 19167.479
8.07 292.1678 256.38764 48210.576 -58726.2 5760.9 -64487.1 19043.695
8.08 304.53816 -254.72209 47772.811 -58474.9 6004.81 -64479.7 18941.557
8.09 291.69759 7.6808641 48456.636 -58242.2 5751.63 -63993.9 19189.755
8.1 302.22087 -233.20191 48460.169 -58463.5 5959.12 -64422.6 19215.081
8.11 288.85819 -541.67929 48545.683 -58658.3 5695.64 -64353.9 19266.729
8.12 291.78552 -111.90724 47862.013 -58799.2 5753.36 -64552.6 19101.027
8.13 299.44222 -469.68221 48102.744 -58597 5904.33 -64501.4 19168.284
8.14 299.07782 -635.13976 48296.496 -58467.4 5897.15 -64364.6 19224.405
8.15 304.9637 -1095.6699 48568.758 -58377.5 6013.21 -64390.8 19333.931
8.16 298.36542 -189.93297 47931.22 -58337.1 5883.1 -64220.2 19235.195
8.17 290.16619 -989.8106 48566.749 -58653.8 5721.43 -64375.3 19451.19
8.18 296.64382 -135.56973 47772.011 -58809.2 5849.16 -64658.4 19256.559
8.19 292.79846 -76.114429 47996.395 -58574.8 5773.33 -64348.2 19361.578
8.2 299.64012 100.59954 47807.734 -58554.7 5908.24 -64462.9 19349.139
8.21 302.02569 -1241.8526 48293.485 -58407.3 5955.27 -64362.6 19527.636
8.22 296.83003 305.36961 47711.844 -58610 5852.83 -64462.8 19400.2
8.23 294.29454 -584.85093 48189.383 -58711 5802.83 -64513.9 19523.455
8.24 295.8721 -478.43477 48013.386 -58648.1 5833.94 -64482.1 19523.2
8.25 297.93626 -789.09596 48504.009 -58353.9 5874.64 -64228.6 19658.784
8.26 291.33645 -759.58648 48123.52 -58620 5744.51 -64364.5 19612.629
8.27 303.46107 63.249723 47829.043 -58542.1 5983.58 -64525.7 19553.432
8.28 297.27956 -161.67758 47963.356 -58428 5861.69 -64289.7 19596.089
8.29 300.80946 195.49651 47931.696 -58664.1 5931.29 -64595.4 19577.073
8.3 302.83043 246.28029 48025.612 -58357.4 5971.14 -64328.6 19620.934
8.31 304.07464 -650.37671 47867.992 -58535.7 5995.67 -64531.4 19590.773
8.32 302.84366 -1036.7247 48348.682 -57832.3 5971.4 -63803.7 19709.934
8.33 287.01931 -457.4519 48363.35 -58484.6 5659.38 -64144 19715.603
8.34 298.64432 -649.64325 47806.317 -58431.2 5888.6 -64319.8 19586.886
8.35 291.2312 -1508.1967 48910.16 -58823.3 5742.43 -64565.8 19913.988
8.36 291.78817 -163.47295 48132.906 -58612.8 5753.41 -64366.2 19742.252
8.37 292.82588 -1350.6295 48274.966 -58353.5 5773.87 -64127.4 19811.046
8.38 294.64709 -702.26499 48373.897 -58618.5 5809.78 -64428.3 19845.175
8.39 281.69262 -243 48237.678 -58646.5 5554.35 -64200.8 19842.552
8.4 295.12608 -999.4206 48493.203 -58690.7 5819.23 -64509.9 19948.185
8.41 292.68258 -208.88142 47873.855 -58636.9 5771.05 -64408 19789.147
8.42 294.35717 -430.08338 48144.845 -58648.2 5804.07 -64452.3 19895.123
8.43 295.04307 -488.32459 48121.241 -58551.8 5817.59 -64369.4 19907.855
8.44 305.28845 -285.85266 48646.129 -58520.2 6019.61 -64539.8 20074.122
8.45 284.45166 -739.46044 48177.216 -58946.1 5608.75 -64554.8 19995.75
8.46 296.9947 -217.90643 47970.809 -58526.9 5856.07 -64383 19987.096
8.47 305.74945 -830.94559 48138.912 -58276.2 6028.7 -64304.9 20092.618
8.48 294.09932 -250.87489 48093.514 -58764.4 5798.98 -64563.4 20086.255
8.49 291.84899 -544.79729 48363.813 -58463 5754.61 -64217.6 20185.211
8.5 297.19752 -512.44381 48220.329 -58317.1 5860.07 -64177.2 20177.508
8.51 298.38174 -477.82929 47998.465 -58432.6 5883.42 -64316 20126.867
8.52 295.9645 -458.88283 48318.624 -58714.1 5835.76 -64549.9 20229.66
8.53 286.77817 -472.39314 48121.943 -58446.8 5654.63 -64101.4 20209.275
8.54 291.03423 -1189.1313 47963.749 -58735.2 5738.55 -64473.8 20159.43
8.55 288.15268 -499.28817 47888.971 -58649.9 5681.73 -64331.6 20166.924
8.56 291.46854 -470.21882 48268.644 -58901.9 5747.11 -64649 20287.464
8.57 306.91105 -668.85731 48715.854 -58416.3 6051.6 -64467.9 20441.071
8.58 294.65569 -383.31823 47810.261 -58359.9 5809.95 -64169.8 20244.757
8.59 299.39 -375.35333 48237.239 -58527.9 5903.3 -64431.2 20414.158
8.6 307.80388 -29.078588 47830.699 -58060.4 6069.21 -64129.6 20342.442
8.61 301.30028 -657.94974 48223.823 -58252.7 5940.97 -64193.7 20495.373
8.62 287.29907 -921.2412 48292.511 -58503.4 5664.9 -64168.3 20517.221
8.63 288.57045 -781.88902 48280.927 -58809.5 5689.97 -64499.5 20536.649
8.64 301.1917 -392.40373 48467.125 -57841.7 5938.83 -63780.5 20620.655
8.65 300.14339 -512.57534 48353.879 -58386.4 5918.16 -64304.5 20616.476
8.66 285.94137 -104.48181 47870.287 -58881.3 5638.13 -64519.5 20517.618
8.67 305.44293 -531.68389 48127.786 -58346.2 6022.65 -64368.9 20631.729
8.68 290.84608 -673.10336 48053.059 -58269 5734.84 -64003.8 20636.36
8.69 281.98346 -393.11458 47959.52 -59007.8 5560.09 -64567.9 20659.351
8.7 288.3593 -661.33648 48008.094 -58757.7 5685.8 -64443.5 20679.864
8.71 297.64697 -636.14212 48174.106 -58237.1 5868.94 -64106 20745.56
8.72 293.66795 -383.88568 47856.417 -58441.8 5790.48 -64232.2 20686.953
8.73 292.38729 -320.53793 48195.669 -58652.6 5765.23 -64417.8 20822.911
8.74 293.62337 -810.61785 48012.995 -58557.6 5789.6 -64347.2 20786.334
8.75 295.4707 -321.86407 48256.106 -58624.7 5826.02 -64450.7 20901.685
8.76 297.43157 -1176.7753 48385.967 -58485.9 5864.69 -64350.5 20969.207
8.77 290.09004 -211.24233 47957.282 -58735.5 5719.93 -64455.5 20879.779
8.78 295.65001 -710.2263 48446.632 -58308.7 5829.56 -64138.3 21034.744
8.79 296.77464 -777.55669 48378.533 -58600.9 5851.73 -64452.6 21011.732
8.8 298.37843 -669.67199 48284.028 -58282.9 5883.36 -64166.3 20988.454
8.81 288.73994 -864.87942 48119.35 -58420 5693.31 -64113.3 20956.249
8.82 301.76878 -176.57335 48133.097 -58471.7 5950.21 -64421.9 21007.527
8.83 307.13152 -175.49027 48443.159 -58313 6055.95 -64369 21133.336
8.84 295.52263 -115.78056 47966.092 -58785.9 5827.05 -64612.9 21045.387
8.85 299.20598 -1083.0313 48203.016 -58127.7 5899.68 -64027.4 21112.989
8.86 295.47766 -811.32702 48191.494 -58545.9 5826.16 -64372 21119.943
8.87 299.6792 -327.15977 47783.74 -58664.7 5909.01 -64573.7 21027.828
8.88 299.89586 51.11999 48228.359 -58407.9 5913.28 -64321.1 21167.067
8.89 299.21553 -444.95558 48214.478 -58222.5 5899.86 -64122.4 21200.515
8.9 297.7352 -76.223655 47753.096 -58414.1 5870.68 -64284.7 21069.745
8.91 290.56555 111.80373 48410.885 -58621.8 5729.31 -64351.1 21313.195
8.92 301.69871 -1350.5942 48670.235 -58228.6 5948.83 -64177.4 21390.315
8.93 292.09514 -319.09645 47597.944 -58639.5 5759.47 -64399 21115.367
8.94 301.03787 -737.75231 48109.163 -58337.1 5935.8 -64272.9 21305.449
8.95 290.95621 -494.85531 47868.228 -58676.7 5737.01 -64413.7 21265.463
8.96 303.62174 -639.80887 48101.312 -58413.4 5986.74 -64400.2 21373.848
8.97 295.13894 -1068.1309 48422.379 -58672.5 5819.48 -64491.9 21500.161
8.98 292.46374 -211.43755 48013.936 -58518.3 5766.73 -64285.1 21401.549
8.99 299.62364 -689.24948 47919.731 -58846.4 5907.91 -64754.4 21419.142
9 293.47512 -1395.864 48326.342 -58371 5786.68 -64157.7 21556.049
9.01 296.08614 -707.84491 47880.81 -58344.4 5838.16 -64182.6 21491.712
9.02 284.78132 -1023.5824 48139.618 -58623.9 5615.25 -64239.1 21597.814
9.03 295.57234 -1203.5883 48620.181 -58706.8 5828.03 -64534.8 21782.56
9.04 309.37944 740.18176 47869.165 -58162.8 6100.27 -64263 21602.796
9.05 302.1757 -1015.603 48183.555 -58689.7 5958.23 -64648 21746.613
9.06 297.57079 -309.1768 48165.858 -58468.8 5867.43 -64336.2 21743.882
9.07 290.9683 -875.40797 48446.625 -58335.3 5737.25 -64072.5 21870.757
9.08 296.99573 -507.91932 48057.669 -58724.9 5856.09 -64581 21810.418
9.09 303.07313 -48.926144 47989.08 -58641.2 5975.93 -64617.1 21822.329
9.1 299.05775 -494.00284 47723.938 -58572.7 5896.75 -64469.4 21786.032
9.11 299.8149 186.56648 47999.704 -58442.8 5911.68 -64354.4 21856.35
9.12 293.67599 136.22711 47569.268 -58560.4 5790.64 -64351 21714.008
9.13 305.3514 -550.78939 48037.452 -58443.2 6020.85 -64464.1 21864.785
9.14 282.52982 -620.04062 47962.119 -59237.2 5570.86 -64808.1 21850.099
9.15 302.79249 -841.59726 48199.615 -58399.9 5970.39 -64370.3 21956.358
9.16 292.91843 -657.87843 48125.041 -58612.1 5775.7 -64387.8 21949.985
9.17 293.99635 -424.4696 47985.545 -58583 5796.95 -64380 21930.364
9.18 291.79094 -646.43254 48096.897 -58487.1 5753.47 -64240.6 22002.885
9.19 283.77527 -7.3581798 48106.141 -58856.9 5595.42 -64452.3 22006.084
9.2 286.94616 -580.44683 48187.679 -58656.6 5657.94 -64314.6 22063.158
9.21 283.92825 -1287.599 48386.044 -58851.1 5598.43 -64449.5 22160.198
9.22 286.94364 -252.14632 47991.122 -58682.1 5657.89 -64340 22036.928
9.23 294.66824 -461.737 48095.149 -58646.9 5810.2 -64457.1 22082.776
9.24 292.14391 -728.1552 48501.321 -58413.7 5760.43 -64174.1 22262.079
9.25 301.90578 -624.59409 47949.206 -58810.7 5952.91 -64763.6 22087.384
9.26 305.79599 -766.44757 48402.438 -58395.8 6029.62 -64425.5 22213.229
9.27 288.87484 -613.9609 48350.195 -58974.7 5695.97 -64670.6 22202.505
9.28 289.35139 196.63825 48293.732 -58585.5 5705.36 -64290.9 22221.834
9.29 299.40349 -690.6363 48067.208 -58413.5 5903.57 -64317 22157.969
9.3 294.09008 -928.50052 47598.197 -58449.5 5798.8 -64248.3 22010.794
9.31 288.92418 -118.99472 47583.584 -58764.5 5696.94 -64461.4 22040.641
9.32 293.33337 -652.67905 48307.632 -58584.9 5783.88 -64368.8 22305.053
9.33 282.69976 -835.06457 48144.452 -58866.4 5574.21 -64440.6 22325.927
9.34 300.54712 -575.37937 48181.557 -58555.4 5926.12 -64481.6 22361.974
9.35 290.36485 -191.65369 47925.919 -58623.3 5725.35 -64348.6 22322.885
9.36 303.65145 -154.30074 48360.316 -58297.7 5987.33 -64285 22502.947
9.37 298.3383 -380.54585 47981.605 -58470.3 5882.57 -64352.9 22426.268
9.38 299.44327 -1069.5651 48431.414 -58295.4 5904.35 -64199.7 22562.634
9.39 291.3346 -324.81538 48228.094 -58735.9 5744.47 -64480.4 22561.123
9.4 290.78505 -473.03604 47905.021 -58946.7 5733.63 -64680.3 22518.84
9.41 298.52842 -353.24275 48575.252 -58253.6 5886.32 -64139.9 22716.446
9.42 293.53181 -1094.0331 48332.681 -58430.6 5787.79 -64218.4 22641.041
9.43 291.4663 -375.21074 48156.759 -58701.1 5747.07 -64448.1 22618.195
9.44 300.60763 -275.21354 47335.747 -58545 5927.31 -64472.3 22392.407
9.45 297.3736 -635.16981 47992.337 -58487.3 5863.55 -64350.9 22644.078
9.46 292.52033 -338.64336 47885.004 -58809.5 5767.85 -64577.4 22644.971
9.47 299.84768 -431.75706 48001.49 -58423.1 5912.33 -64335.4 22698.948
9.48 295.69379 -115.71382 48103.471 -58543.2 5830.42 -64373.6 22783.527
9.49 295.68318 488.98188 48033.506 -58263.9 5830.21 -64094.1 22788.761
9.5 299.81329 -938.91707 47921.914 -58343.2 5911.65 -64254.9 22814.813
9.51 295.95445 -248.83687 48021.34 -58727 5835.56 -64562.5 22878.894
9.52 299.90842 -70.621214 48342.259 -58490.2 5913.53 -64403.7 23003.824
9.53 303.18515 418.6027 47969.381 -58511.4 5978.14 -64489.6 22930.669
9.54 284.53614 -220.33415 47596.433 -59180.8 5610.42 -64791.2 22861.422
9.55 295.77994 -703.98162 48172.06 -58450.5 5832.12 -64282.6 23068.955
9.56 294.56331 -632.87687 48192.616 -58291.2 5808.13 -64099.3 23112.745
9.57 286.88758 -132.8295 47994.95 -58915.9 5656.78 -64572.7 23065.609
9.58 308.90135 -1086.3878 48439.115 -58404.5 6090.85 -64495.4 23249.074
9.59 296.08781 -823.94658 48634.027 -58311.4 5838.19 -64149.6 23326.948
9.6 293.87466 -822.8674 47952.639 -58653.4 5794.55 -64447.9 23106.816
9.61 305.61886 57.110417 47978.83 -58394.2 6026.12 -64420.3 23157.898
9.62 290.7108 -427.82017 48376.535 -58886.9 5732.17 -64619.1 23332.395
9.63 290.89072 101.53698 47551.795 -58628.9 5735.72 -64364.6 23137.796
9.64 303.18149 595.12447 47460.932 -58397.7 5978.06 -64375.7 23171.705
9.65 288.56609 -28.287163 48102.465 -58927.5 5689.88 -64617.4 23406.728
9.66 300.68616 -531.97604 48281.947 -58557.8 5928.86 -64486.7 23508.37
9.67 293.56853 -457.83554 48168.39 -58919.2 5788.52 -64707.7 23527.885
9.68 303.91355 -820.98642 47860.307 -58486 5992.5 -64478.5 23446.53
9.69 291.51918 -438.17617 47751.348 -58630.6 5748.11 -64378.7 23439.125
9.7 288.36877 -1095.7434 48205.754 -58467.2 5685.99 -64153.2 23573.812
9.71 287.08628 -392.08368 48423.027 -58710.7 5660.7 -64371.4 23663.663
9.72 294.68631 35.217596 47738.91 -58767.7 5810.56 -64578.3 23454.555
9.73 300.34693 -1230.8381 48508.244 -58177.6 5922.17 -64099.8 23756.478
9.74 296.99459 -291.32186 48277.245 -58555.5 5856.07 -64411.6 23686.79
9.75 300.07826 -239.28084 48100.927 -58425.8 5916.87 -64342.6 23689.877
9.76 303.88269 178.86197 47896.088 -58353.7 5991.89 -64345.6 23614.732
9.77 289.51737 -646.90384 48121.595 -58750.8 5708.64 -64459.4 23671.545
9.78 292.27534 -151.24974 47983.592 -58841.5 5763.02 -64604.5 23674.59
9.79 288.14785 -844.65259 48506.505 -58472 5681.63 -64153.6 23893.892
9.8 290.10399 -635.27886 48075.604 -58722.8 5720.2 -64443 23799.708
9.81 290.82633 -1198.1428 48641.596 -58592.4 5734.45 -64326.8 24005.575
9.82 284.46251 -802.14951 48468.609 -58495.1 5608.97 -64104.1 23992.664
9.83 298.18353 -618.10965 48226.658 -58597.4 5879.51 -64476.9 23941.624
9.84 305.70695 -393.2499 48055.302 -58590.3 6027.86 -64618.2 23898.361
9.85 303.10661 -437.92438 48167.646 -58438.6 5976.59 -64415.2 23904.564
9.86 295.39465 23.063266 47719.569 -58523.9 5824.52 -64348.5 23767.007
9.87 302.73011 -399.64396 47931.018 -58251 5969.16 -64220.2 23860.165
9.88 285.46798 -880.04619 47996.498 -58706.8 5628.79 -64335.6 23892.06
9.89 300.90612 -392.58747 48290.534 -58392.7 5933.2 -64325.9 24023.341
9.9 297.511 -311.1154 47961.933 -58697.6 5866.25 -64563.9 23926.748
9.91 300.05148 260.37176 47846.166 -58350.7 5916.35 -64267.1 23900.822
9.92 287.1102 -385.85803 48006.943 -58935.6 5661.17 -64596.8 24011.032
9.93 291.59648 -638.78659 48444.65 -58374.9 5749.63 -64124.5 24188.669
9.94 304.83749 206.54253 48329.484 -58227.8 6010.72 -64238.5 24202.005
9.95 294.53855 -778.63251 48199.8 -58716.8 5807.64 -64524.5 24189.479
9.96 293.45157 -380.25988 48487.938 -58768.8 5786.21 -64555 24322.369
9.97 305.08384 -204.48116 48172.18 -58403.6 6015.57 -64419.2 24220.205
9.98 291.66466 -264.31368 48260.475 -58758.7 5750.98 -64509.7 24287.646
