0 289.14834 208.06481 48102.277 -60946.7 5546.3 -66493 10.676506
0.01 289.32624 -34.905581 48258.822 -61211.7 5549.71 -66761.4 20.185744
0.02 287.69237 420.11458 48419.762 -61309.8 5518.37 -66828.2 28.787087
0.03 295.52927 422.81116 48172.386 -60966.3 5668.69 -66635 37.254594
0.04 285.26093 -691.0789 48480.529 -61157.8 5471.73 -66629.5 46.188536
0.05 282.29367 -354.12335 48420.14 -61239.1 5414.81 -66653.9 54.76905
0.06 281.87647 -741.29181 48266.775 -60966.4 5406.81 -66373.2 61.272883
0.07 289.34771 -496.32393 48235.506 -61058.3 5550.12 -66608.4 70.099912
0.08 290.07927 -190.57811 48365.347 -61165.8 5564.15 -66730 79.003739
0.09 282.14816 103.83254 48070.889 -60827.3 5412.02 -66239.3 87.555658
0.1 285.20376 837.99719 48200.53 -61381.9 5470.63 -66852.6 95.511608
0.11 293.98738 -22.023343 48349.53 -61284.2 5639.12 -66923.3 101.46827
0.12 294.93432 -73.192994 48291.474 -60953.5 5657.28 -66610.8 111.52095
0.13 290.14176 -159.99095 48240.678 -61161.7 5565.35 -66727.1 118.42957
0.14 292.01738 79.871529 48384.479 -61384.8 5601.33 -66986.2 125.66862
0.15 278.6156 270.47939 48233.782 -61432.4 5344.26 -66776.6 129.76284
0.16 291.14218 -117.82017 48392.627 -61190.6 5584.54 -66775.2 137.79146
0.17 291.23076 353.80302 47976.356 -61518.5 5586.24 -67104.7 144.27553
0.18 276.07623 -7.5628733 48359.116 -62100.5 5295.55 -67396 151.42834
0.19 295.08854 52.690338 48888.397 -61583.9 5660.24 -67244.2 155.86166
0.2 286.57862 279.63116 48588.619 -62232.7 5497 -67729.7 162.4744
0.21 285.4314 -609.98297 48833.723 -62695.8 5475 -68170.8 168.38444
0.22 284.38031 115.21174 48441.646 -62442.4 5454.84 -67897.3 174.10971
0.23 296.19144 -197.27444 48797.147 -62045.1 5681.39 -67726.4 177.87942
0.24 296.87942 307.26337 48449.016 -62444.5 5694.59 -68139.1 181.92376
0.25 292.68554 -411.8723 49024.071 -62414.7 5614.14 -68028.8 187.86203
0.26 291.44184 291.52577 48676.129 -62165 5590.29 -67755.3 194.92571
0.27 290.68431 -480.15552 48963.625 -62079.8 5575.76 -67655.6 201.25168
0.28 288.41162 -479.62722 48819.907 -62355.9 5532.16 -67888.1 202.72012
0.29 300.52991 79.434746 48664.057 -62039.4 5764.61 -67804 207.15079
0.3 285.5888 90.422876 48835.278 -62515.1 5478.02 -67993.1 211.66142
0.31 286.06367 363.88913 48503.41 -62719.9 5487.13 -68207.1 217.05217
0.32 292.59536 -27.702489 48923.647 -62361.6 5612.41 -67974 220.89812
0.33 284.74314 509.52315 48568.3 -62601.9 5461.8 -68063.7 221.88759
0.34 282.41886 0.29382536 48947.904 -62736.2 5417.21 -68153.4 226.06787
0.35 297.15362 343.5823 48648.271 -62421.2 5699.85 -68121.1 229.81405
0.36 288.73118 530.62705 48574.552 -62632.6 5538.29 -68170.9 234.51993
0.37 290.5667 100.99094 48703.453 -62818.9 5573.5 -68392.4 238.79618
0.38 288.15186 -34.817491 49090.457 -62814.4 5527.18 -68341.6 244.55139
0.39 283.0841 -178.63846 48703.815 -63324.6 5429.97 -68754.6 243.83569
0.4 294.30712 -96.156561 48746.043 -62642.4 5645.25 -68287.6 246.51502
0.41 289.67151 528.41028 48541.264 -62729.3 5556.33 -68285.6 249.7235
0.42 297.87842 -7.3385882 48862.808 -62648.6 5713.75 -68362.4 252.72541
0.43 293.43446 160.09905 48923.572 -62799.7 5628.51 -68428.2 255.95136
0.44 298.62085 203.27843 48970.908 -62981.3 5727.99 -68709.3 259.3703
0.45 277.3263 209.49641 48800.275 -63160.5 5319.53 -68480.1 262.77067
0.46 296.97228 -257.06276 49085.09 -62633.8 5696.37 -68330.2 268.11615
0.47 278.96305 -659.4026 48970.236 -63135 5350.93 -68485.9 268.52453
0.48 292.25869 150.63334 48528.476 -62526.4 5605.96 -68132.3 269.13098
0.49 298.3291 322.24773 48673.608 -62476.4 5722.4 -68198.8 275.1844
0.5 284.1438 -262.08408 48966.792 -62592.3 5450.3 -68042.6 279.60265
0.51 293.88081 681.23396 48767.057 -63066.2 5637.07 -68703.3 283.73002
0.52 290.80241 -129.26901 48809.604 -63145.4 5578.02 -68723.4 288.09878
0.53 294.36613 27.086394 48855.685 -63108.1 5646.38 -68754.5 291.9877
0.54 292.8081 -161.97505 48972.701 -62680.8 5616.5 -68297.3 293.99157
0.55 292.55907 288.87275 48927.425 -63259.9 5611.72 -68871.6 296.78899
0.56 290.95706 -218.38556 49300.162 -63585.3 5580.99 -69166.3 297.2982
0.57 295.84775 27.382513 49109.406 -63593.8 5674.8 -69268.6 299.57707
0.58 284.39844 76.842214 49044.991 -63764.9 5455.19 -69220.1 303.46431
0.59 280.5708 591.13494 48970.038 -63865 5381.77 -69246.8 303.70563
0.6 286.90453 30.659549 49062.506 -63676.1 5503.26 -69179.4 304.71238
0.61 286.62861 -153.85214 49141.174 -63567.7 5497.96 -69065.7 306.07418
0.62 281.81174 -175.91083 49091.383 -63868.4 5405.57 -69273.9 308.72853
0.63 290.63183 278.89815 48949.234 -63941.1 5574.75 -69515.9 310.85468
0.64 290.61639 -185.74945 49342.583 -64026.5 5574.45 -69600.9 314.06762
0.65 284.47147 45.566314 49312.064 -63909.5 5456.59 -69366.1 315.5129
0.66 281.06836 -403.23846 49241.661 -63997.7 5391.31 -69389 317.47718
0.67 302.59823 393.34356 49253.944 -64065.9 5804.28 -69870.2 318.62206
0.68 294.16425 421.49173 49198.94 -64593.3 5642.51 -70235.8 319.79898
0.69 282.9052 167.76744 49311.758 -64260.4 5426.54 -69687 322.03143
0.7 293.13854 -398.76663 49585.983 -64459.5 5622.83 -70082.3 324.14047
0.71 297.48828 -422.89963 49655.923 -64211.6 5706.27 -69917.9 326.0989
0.72 287.96883 -259.69443 49614.689 -64533.8 5523.67 -70057.5 326.52171
0.73 294.84282 426.46816 49326.437 -64339.9 5655.52 -69995.5 327.78737
0.74 285.87347 -81.936731 49441.364 -64746.6 5483.48 -70230.1 329.98785
0.75 291.54044 136.32555 49403.819 -64269.4 5592.18 -69861.6 330.18411
0.76 272.16824 -486.8468 49517.336 -64747.3 5220.59 -69967.9 330.66584
0.77 295.94663 -228.97901 49469.284 -64332.4 5676.7 -70009.1 331.81394
0.78 294.76904 21.107794 49292.176 -64056.3 5654.11 -69710.4 331.71741
0.79 288.35226 195.10638 49197.378 -64257.8 5531.03 -69788.8 332.59549
0.8 282.46985 556.55081 49208.515 -64322.9 5418.19 -69741.1 333.97478
0.81 292.62567 213.49235 49132.344 -64389.5 5613 -70002.5 337.16994
0.82 296.75439 -340.25711 49554.101 -64271.8 5692.19 -69964 339.96329
0.83 294.93353 752.66109 49109.556 -64534.4 5657.26 -70191.7 337.83795
0.84 297.20212 103.55792 49320.066 -64267.4 5700.78 -69968.2 340.25839
0.85 285.64253 -193.56512 49520.255 -64510.3 5479.05 -69989.3 341.34675
0.86 276.91786 -15.803718 49597.616 -65002.9 5311.7 -70314.6 342.16638
0.87 285.42382 431.08726 49195.277 -64567.8 5474.85 -70042.7 340.49212
0.88 276.69035 -137.62997 49286.012 -64508.9 5307.33 -69816.3 342.56133
0.89 296.87479 107.47265 49418.361 -64217.1 5694.5 -69911.6 344.66683
0.9 279.06031 -114.3936 49310.376 -64788.2 5352.79 -70141 344.77105
0.91 284.3174 -248.30609 49439.344 -64579.7 5453.63 -70033.3 344.53885
0.92 289.20999 -43.971378 49367.753 -64221.9 5547.48 -69769.4 344.28789
0.93 286.18844 170.68384 49084.095 -63936.5 5489.52 -69426 345.69022
0.94 287.15342 -15.134882 49382.512 -63955.8 5508.03 -69463.9 348.24098
0.95 296.2926 -3.8301292 49167.742 -63828 5683.33 -69511.3 348.43762
0.96 293.2206 -92.822162 49260.87 -64332 5624.41 -69956.4 352.09174
0.97 288.60506 -22.86528 49264.836 -64405.5 5535.87 -69941.4 354.10177
0.98 297.13902 216.94315 49394.47 -63989.7 5699.57 -69689.3 355.65761
0.99 286.05154 508.88849 49162.942 -64245 5486.89 -69731.9 355.07739
1 278.75671 -691.48378 49625.816 -64474.7 5346.97 -69821.7 359.41736
1.01 290.82181 -114.50028 49156.258 -63923.8 5578.4 -69502.2 358.92995
1.02 288.04964 87.052711 49477.754 -64291.2 5525.22 -69816.4 361.13313
1.03 288.7716 374.00786 49374.889 -64534.4 5539.07 -70073.5 360.86676
1.04 293.89052 -407.65338 49480.801 -64472.7 5637.26 -70110 361.62182
1.05 291.97575 89.457403 49411.17 -64799.8 5600.53 -70400.4 361.89335
1.06 292.83311 42.117744 49518.967 -64609.2 5616.98 -70226.2 363.93507
1.07 284.56463 73.591511 49490.843 -64800.6 5458.37 -70259 364.82797
1.08 288.53326 110.55928 49268.125 -64704.9 5534.5 -70239.4 364.34987
1.09 291.1498 -195.4824 49427.673 -64486.4 5584.69 -70071.1 364.80935
1.1 293.39035 344.94466 49153.542 -64545.1 5627.66 -70172.8 365.66727
1.11 287.01026 -823.35339 49651.087 -64676.6 5505.28 -70181.9 367.37601
1.12 281.12505 295.87926 49173.769 -64756.9 5392.4 -70149.3 365.17211
1.13 288.7918 4.8312538 49334.174 -64532.7 5539.46 -70072.1 364.53336
1.14 286.79608 85.450346 49327.367 -64719.5 5501.18 -70220.7 366.1969
1.15 294.24132 856.43935 49111.998 -64276.2 5643.99 -69920.2 365.72786
1.16 290.42028 -220.72518 49341.701 -64528.5 5570.69 -70099.1 369.51452
1.17 295.21235 -533.848 49468.294 -64340.5 5662.61 -70003.2 370.40767
1.18 287.6943 -56.563243 49360.227 -64666 5518.4 -70184.4 372.25627
1.19 298.04924 -204.64316 49368.023 -64324.1 5717.03 -70041.1 370.24599
1.2 287.10395 -166.38799 49398.456 -64773.8 5507.08 -70280.9 372.73076
1.21 284.6462 76.445247 49391.532 -64370.1 5459.94 -69830 373.96618
1.22 283.23828 72.325684 49416.455 -64652.5 5432.93 -70085.4 374.66029
1.23 297.41053 10.34621 49556.88 -64531.4 5704.78 -70236.2 375.36662
1.24 291.26455 206.64182 49455.48 -64869.4 5586.89 -70456.3 376.14756
1.25 289.72578 142.7974 49396.973 -64785 5557.37 -70342.4 375.68013
1.26 287.51316 30.01195 49416.429 -64551.6 5514.93 -70066.5 378.01847
1.27 287.66376 46.385539 49333.464 -64984.3 5517.82 -70502.2 378.04444
1.28 280.96662 45.341793 49312.144 -64791 5389.36 -70180.4 377.9468
1.29 295.40694 -266.32429 49390.063 -64562 5666.34 -70228.3 378.84533
1.3 282.6112 -43.842669 49516.744 -65029.2 5420.9 -70450.1 380.94151
1.31 291.19416 -267.37495 49399.734 -64517.7 5585.54 -70103.2 379.83516
1.32 298.56482 214.57329 49394.146 -64217.2 5726.92 -69944.1 379.97799
1.33 288.95326 30.112715 49117.656 -64484.9 5542.55 -70027.5 378.78625
1.34 276.84376 -504.14996 49575.075 -64811.4 5310.28 -70121.6 382.0591
1.35 287.81528 189.82099 49230.675 -64332.9 5520.73 -69853.7 382.98163
1.36 289.99906 298.65311 49307.381 -64790.7 5562.61 -70353.3 382.235
1.37 292.12716 -306.46787 49754.534 -64228.5 5603.43 -69832 386.03516
1.38 284.19557 279.06194 49240.766 -64777.1 5451.29 -70228.4 383.38006
1.39 292.33986 -304.93211 49760.87 -64589.7 5607.51 -70197.2 387.07397
1.4 278.42963 -495.41499 49482.369 -64877.4 5340.69 -70218.1 385.49388
1.41 287.9535 359.67059 49238.877 -64350.1 5523.38 -69873.5 385.985
1.42 298.63376 -140.2129 49489.635 -64253.7 5728.24 -69982 388.77281
1.43 292.65241 -167.32852 49469.408 -64450.4 5613.51 -70063.9 390.07374
1.44 286.07392 252.12163 49319.342 -64669.1 5487.32 -70156.4 391.31995
1.45 295.65736 -83.656295 49262.016 -63900.1 5671.15 -69571.2 392.27743
1.46 296.96138 67.823421 49438.532 -64139.8 5696.16 -69836 393.89418
1.47 286.98417 249.27925 49184.115 -64513.4 5504.78 -70018.2 393.14159
1.48 290.48069 -458.38308 49488.006 -64115.1 5571.85 -69687 396.21067
1.49 282.63296 149.48921 49361.007 -64746.1 5421.32 -70167.4 396.92822
1.5 293.0451 133.08374 49088.265 -64377.2 5621.04 -69998.3 395.69476
1.51 288.40331 -323.45387 49667.866 -64781.5 5532 -70313.5 400.98137
1.52 285.88241 368.08829 49331.801 -64808.8 5483.65 -70292.4 398.64423
1.53 290.34058 42.959672 49553.546 -64640.7 5569.16 -70209.8 401.28834
1.54 289.37458 718.98429 49064.293 -64963.2 5550.64 -70513.8 399.37319
1.55 292.49243 104.86997 49304.239 -64565.9 5610.44 -70176.4 402.4943
1.56 295.87201 164.58588 49573.117 -64540 5675.27 -70215.2 406.18321
1.57 293.0807 783.51627 49179.011 -64492.3 5621.72 -70114 403.9918
1.58 281.24699 -738.53069 49689.099 -64595.5 5394.74 -69990.2 406.07363
1.59 288.66183 319.19188 49410.751 -64253.4 5536.96 -69790.4 405.94004
1.6 287.9064 100.97838 49355.378 -64716.4 5522.47 -70238.9 407.10016
1.61 288.36208 44.70822 49420.318 -64368.2 5531.21 -69899.4 408.72087
1.62 288.40509 -461.34547 49659.206 -64172.9 5532.04 -69705 409.54063
1.63 290.61878 545.48933 49210.236 -64026 5574.5 -69600.5 410.00584
1.64 299.79432 -213.1538 49600.251 -64337 5750.5 -70087.5 411.46819
1.65 283.53713 -158.02607 49345.84 -64838 5438.66 -70276.7 414.00031
1.66 290.96155 925.56742 49229.409 -64555.6 5581.08 -70136.7 414.39857
1.67 299.36496 25.916283 49309.847 -64064.6 5742.27 -69806.9 415.17672
1.68 287.70334 -146.40389 49510.313 -64721.3 5518.58 -70239.9 416.06522
1.69 281.72269 147.03474 49255.222 -64406.6 5403.86 -69810.5 415.10154
1.7 281.96965 161.13722 49182.433 -64522.3 5408.6 -69930.9 414.9634
1.71 285.69857 29.064567 49392.003 -64472.4 5480.12 -69952.5 417.58482
1.72 295.72637 421.38019 49201.039 -64487.5 5672.47 -70159.9 417.65067
1.73 287.8323 228.05714 49016.58 -64506.3 5521.05 -70027.4 417.71928
1.74 295.08468 -69.480795 49435.251 -64385.1 5660.16 -70045.3 421.01674
1.75 289.74891 155.48287 49154.488 -64525.8 5557.82 -70083.6 422.33202
1.76 303.51442 337.87484 49320.622 -64177.9 5821.86 -69999.8 425.44025
1.77 293.76866 300.36588 49353.792 -64565.6 5634.92 -70200.5 426.42672
1.78 283.10696 565.8189 49207.488 -64657 5430.41 -70087.4 426.45226
1.79 286.426 -309.18141 49552.959 -64668.2 5494.08 -70162.2 428.25096
1.8 291.40922 13.072314 49221.322 -64368.2 5589.66 -69957.8 427.96165
1.81 286.36553 -74.610399 49544.062 -64619.4 5492.92 -70112.3 429.77552
1.82 289.90787 11.359752 49356.015 -64619.8 5560.86 -70180.6 429.23868
1.83 296.46164 150.14574 49235.694 -64284 5686.58 -69970.6 428.06274
1.84 290.1332 -209.29863 49428.503 -64400.5 5565.19 -69965.7 432.58384
1.85 288.27218 80.206299 49302.62 -64629.2 5529.49 -70158.7 434.74398
1.86 299.55348 -9.0474115 49391.239 -64330.2 5745.88 -70076.1 433.95804
1.87 284.88514 179.14429 49400.466 -64509.5 5464.52 -69974 433.78846
1.88 288.60071 64.934665 49545.561 -64605.7 5535.79 -70141.5 437.88567
1.89 296.67532 116.93733 49298.22 -64158.3 5690.67 -69849 438.70476
1.9 283.04759 -98.941853 49357.067 -64369.6 5429.27 -69798.9 440.2299
1.91 293.33062 157.34354 49348.074 -64038.2 5626.52 -69664.7 440.4521
1.92 295.75209 -215.71595 49341.837 -64189.1 5672.97 -69862.1 439.27948
1.93 288.52534 127.74914 49232.71 -64251.9 5534.35 -69786.3 440.18629
1.94 291.85244 -79.188534 49119.385 -64089.1 5598.16 -69687.3 441.49967
1.95 282.26365 -512.58254 49429.37 -64696.1 5414.24 -70110.4 445.24995
1.96 294.96757 -213.45555 49321.983 -63905.9 5657.92 -69563.8 445.08346
1.97 295.38826 -263.73395 49371.331 -64357.2 5665.99 -70023.2 447.14832
1.98 294.08825 577.14076 49206.38 -64170.3 5641.05 -69811.3 447.96628
1.99 283.80707 238.33682 49359.572 -64479.2 5443.84 -69923.1 449.03263
2 283.43495 -83.567537 49347.767 -64503 5436.7 -69939.7 448.86866
2.01 290.99476 -449.90677 49523.99 -64381 5581.71 -69962.7 450.4261
2.02 284.08955 -22.783464 49182.258 -64468.5 5449.26 -69917.8 449.04373
2.03 304.73483 116.5002 49163.321 -63989.4 5845.27 -69834.7 451.33471
2.04 301.90231 34.922688 49439.818 -64255.9 5790.94 -70046.8 453.07054
2.05 283.67601 -156.41571 49269.099 -64553.3 5441.33 -69994.7 455.65294
2.06 291.50888 76.491517 49306.89 -64495.4 5591.57 -70087 455.69898
2.07 287.4619 294.94327 49424.359 -64857.2 5513.95 -70371.1 457.58813
2.08 286.03328 -882.38012 49584.627 -64350.6 5486.54 -69837.1 461.36101
2.09 288.15082 105.52257 49494.855 -64660.3 5527.16 -70187.4 463.09372
2.1 286.89695 -144.63306 49555.333 -64685 5503.11 -70188.1 465.24381
2.11 291.78594 -183.3001 49540.143 -64383.8 5596.89 -69980.7 465.79798
2.12 287.42612 -33.244552 49365.873 -64485 5513.26 -69998.2 462.12542
2.13 301.59445 -812.36944 49779.277 -63911.5 5785.03 -69696.6 467.89325
2.14 288.02976 265.01731 49421.084 -64189.9 5524.84 -69714.8 466.44269
2.15 287.28598 -33.674109 49119.813 -63886.3 5510.57 -69396.9 465.8032
2.16 292.98555 483.05029 49029.217 -64131.8 5619.9 -69751.7 467.02376
2.17 292.40424 -450.74599 49589.307 -63838 5608.75 -69446.8 471.61466
2.18 302.77456 263.15651 48855.118 -63590.7 5807.67 -69398.4 467.44016
2.19 294.68242 38.674722 49174.3 -63675.1 5652.45 -69327.5 478.1216
2.2 295.82427 -170.55623 49217.939 -63574.8 5674.35 -69249.2 480.2958
2.21 295.77214 -256.29307 49106.706 -63546.6 5673.35 -69219.9 480.8859
2.22 285.925 -177.59219 49112.205 -63533.4 5484.47 -69017.8 483.99371
2.23 294.48439 -290.93789 49135.173 -63063.7 5648.65 -68712.4 488.33507
2.24 278.83716 -188.7916 49167.063 -63454.6 5348.51 -68803.1 488.11689
2.25 288.91316 164.95024 49131.791 -63576 5541.78 -69117.8 491.4923
2.26 293.85179 179.53759 48964.074 -63539.7 5636.51 -69176.2 498.40687
2.27 283.41216 309.61485 49130.306 -63597.8 5436.27 -69034 498.96326
2.28 291.9824 73.193309 49055.082 -63795.2 5600.66 -69395.9 499.64489
2.29 294.13993 -210.89068 49391.222 -63587.1 5642.04 -69229.2 503.75124
2.3 286.59882 222.10291 49070.226 -63744 5497.39 -69241.4 505.51341
2.31 288.949 -247.96571 49453.277 -63535.3 5542.47 -69077.7 510.09125
2.32 288.14817 561.35046 48993.005 -64042.7 5527.11 -69569.8 507.86645
2.33 298.14832 1161.5073 48885.741 -63650.3 5718.93 -69369.3 510.26185
2.34 291.74429 -36.688446 49304.435 -63971.5 5596.09 -69567.6 516.07317
2.35 290.91426 -310.97569 49345.288 -64076.4 5580.17 -69656.6 516.50958
2.36 290.94086 -47.621918 49325.157 -64001.8 5580.68 -69582.5 517.45446
2.37 286.36307 18.295698 48896.408 -63954.6 5492.87 -69447.5 516.59573
2.38 287.15081 294.4546 48977.282 -63674.1 5507.98 -69182.1 520.76687
2.39 294.3196 6.9986256 49183.762 -63509.2 5645.49 -69154.7 524.39829
2.4 287.82406 105.57312 49215.278 -64098.8 5520.89 -69619.7 527.02576
2.41 294.25073 117.02435 49391.745 -63561.3 5644.17 -69205.5 530.42016
2.42 286.8618 37.682939 49131.758 -63936.5 5502.44 -69438.9 528.60784
2.43 282.54622 564.60678 49014.098 -64392.4 5419.66 -69812.1 532.89004
2.44 291.78047 235.51187 49326.997 -64272.9 5596.78 -69869.6 535.5281
2.45 289.49004 -247.58354 49527.238 -64265.6 5552.85 -69818.5 537.79242
2.46 290.89813 -556.57972 49669.143 -64290.7 5579.86 -69870.6 538.8488
2.47 288.71232 137.59909 49423.284 -64574.3 5537.93 -70112.2 538.26307
2.48 284.88472 -359.82443 49469.81 -64637.9 5464.51 -70102.4 538.15598
2.49 292.15509 -46.017189 49461.497 -64386.6 5603.97 -69990.5 538.48928
2.5 288.6665 -277.44916 49400.38 -64287.7 5537.05 -69824.8 536.51569
2.51 285.77346 -35.433773 49133.454 -64361.6 5481.56 -69843.1 535.78338
2.52 289.33106 -188.36501 49283.415 -64029.8 5549.8 -69579.6 533.59128
2.53 283.79032 369.81382 49157.236 -64326.3 5443.52 -69769.8 535.68911
2.54 283.45783 104.89614 49277.849 -64345.7 5437.14 -69782.8 538.08766
2.55 292.77016 -353.38171 49524.992 -63993.2 5615.77 -69609 539.75512
2.56 284.72255 -182.56183 49509.068 -64321.7 5461.4 -69783.1 539.19854
2.57 282.06623 -475.79513 49677.624 -64488.4 5410.45 -69898.9 543.45871
2.58 292.50032 -788.49646 49849.781 -64281.3 5610.59 -69891.8 544.64411
2.59 292.44946 -149.95529 49553.912 -64643.3 5609.62 -70252.9 543.45314
2.6 291.76303 -228.59937 49482.681 -64597.4 5596.45 -70193.9 544.37916
2.61 275.62687 -467.12156 49470.023 -65022.4 5286.93 -70309.4 544.335
2.62 280.54493 614.84549 48939.531 -64407.4 5381.27 -69788.7 540.2752
2.63 294.10686 -43.112629 49379.226 -64368 5641.41 -70009.4 543.20579
2.64 290.41582 -37.758088 49364.887 -64515.3 5570.61 -70085.9 546.05427
2.65 296.37476 384.95559 49374.226 -64252.2 5684.91 -69937.1 547.26018
2.66 285.83908 -276.16997 49297.119 -64376 5482.82 -69858.8 543.90182
2.67 300.49002 222.72691 49391.608 -64226.2 5763.85 -69990.1 544.61454
2.68 282.24092 -44.120691 49448.157 -64677.2 5413.8 -70091 543.70584
2.69 280.56169 -120.61629 49324.53 -64674 5381.59 -70055.6 543.97445
2.7 293.81045 -243.65987 49536.67 -64535.2 5635.72 -70170.9 545.49518
2.71 282.26545 406.26907 49193.759 -64606.2 5414.27 -70020.5 543.31865
2.72 293.24124 -128.70214 49447.824 -64539.5 5624.8 -70164.3 544.69133
2.73 291.80772 -669.00587 49731.358 -64396.5 5597.31 -69993.8 548.01935
2.74 282.54444 -425.53555 49566.979 -64582.7 5419.62 -70002.3 546.53009
2.75 290.49932 135.18266 49374.791 -64481.2 5572.21 -70053.4 544.54612
2.76 289.65452 -109.80777 49482.368 -64654.8 5556.01 -70210.8 545.74829
2.77 282.68119 -395.07443 49652.816 -64592.3 5422.25 -70014.5 546.71448
2.78 273.43161 -568.2668 49443.04 -64381.7 5244.83 -69626.5 546.1983
2.79 296.56093 192.78941 49285.297 -64140.9 5688.48 -69829.4 543.20768
2.8 303.94666 -329.00448 49402.915 -63933.9 5830.15 -69764.1 546.76051
2.81 292.49388 434.91334 49260.614 -64323.8 5610.47 -69934.3 546.31916
2.82 287.95219 298.04649 49169.318 -64663.2 5523.35 -70186.5 549.62379
2.83 279.78008 -412.50667 49546.625 -64333.7 5366.6 -69700.3 553.83295
2.84 298.27815 353.45287 49121.055 -64112.5 5721.42 -69833.9 548.99081
2.85 282.3849 -170.73542 49521.019 -64468.3 5416.56 -69884.8 553.67981
2.86 294.07225 -397.57312 49528.265 -64341.5 5640.74 -69982.2 552.8904
2.87 296.89349 -3.25277 49499.612 -64751.8 5694.86 -70446.7 552.53719
2.88 294.433 258.92277 49180.138 -64544.2 5647.66 -70191.9 550.09185
2.89 275.89407 146.58902 49268.371 -64982.6 5292.06 -70274.7 553.31802
2.9 296.89447 109.98342 49371.326 -64674.7 5694.88 -70369.6 554.36027
2.91 285.78136 -294.41614 49314.937 -64495.7 5481.71 -69977.4 554.61414
2.92 289.58384 167.99331 49399.501 -64374.9 5554.65 -69929.6 557.26974
2.93 288.46971 -300.26529 49501.43 -64704.8 5533.28 -70238 559.67715
2.94 290.95824 303.07712 49436.163 -64356.6 5581.01 -69937.6 561.17266
2.95 294.47975 427.4838 49487.724 -64455.7 5648.56 -70104.2 562.16173
2.96 277.41935 52.748249 49562.765 -64894.4 5321.32 -70215.7 565.15709
2.97 295.9832 93.566051 49524.499 -64271.3 5677.4 -69948.7 565.66596
2.98 287.46975 369.57864 49282.211 -64864.3 5514.1 -70378.4 563.5953
2.99 288.61319 363.48087 49254.023 -64445.4 5536.03 -69981.4 564.56005
3 281.26655 210.00952 49235.287 -64389.6 5395.11 -69784.7 562.66496
3.01 297.00627 -576.05907 49664.322 -64159.5 5697.02 -69856.6 568.23475
3.02 283.03189 461.17324 49033.499 -64423.7 5428.97 -69852.7 564.83733
3.03 292.60944 258.63385 49248.473 -64285.1 5612.68 -69897.8 566.43065
3.04 283.71719 267.31201 49135.332 -64666.1 5442.12 -70108.3 566.47157
3.05 284.47005 -68.302144 49334.824 -64724.4 5456.56 -70181 570.1699
3.06 290.9975 318.13311 49382.209 -64421.1 5581.77 -70002.8 569.15503
3.07 288.99271 -27.776721 49387.868 -64753 5543.31 -70296.3 569.60251
3.08 277.73353 -129.77861 49722.85 -65116 5327.34 -70443.4 572.32466
3.09 295.02637 489.43592 49501.716 -64834.2 5659.04 -70493.3 570.90356
3.1 296.26878 75.382082 49500.778 -64554.6 5682.88 -70237.5 571.85007
3.11 297.58172 -236.30294 49561.068 -64437.9 5708.06 -70145.9 573.43483
3.12 286.27019 33.386417 49511.293 -64650.7 5491.09 -70141.7 571.77109
3.13 294.20221 -503.292 49490.984 -64415.2 5643.24 -70058.5 572.02629
3.14 285.23394 -308.74126 49409.498 -64309.5 5471.21 -69780.7 575.15319
3.15 301.9019 -61.195542 49450.852 -64259.9 5790.93 -70050.8 579.07977
3.16 285.87746 40.691652 49315.189 -64710 5483.56 -70193.6 579.99454
3.17 294.64109 27.537816 49398.991 -64259.6 5651.65 -69911.2 580.91153
3.18 283.00257 -229.94239 49398.615 -64621.9 5428.41 -70050.3 580.09545
3.19 288.24955 254.49326 49259.967 -64366.1 5529.06 -69895.2 580.57564
3.2 289.18916 84.71685 49212.672 -64499.3 5547.08 -70046.4 584.50869
3.21 288.31803 -245.71796 49482.129 -64237.9 5530.37 -69768.3 585.32679
3.22 292.72586 -35.857956 49458.983 -64378.7 5614.92 -69993.6 585.63982
3.23 292.80245 420.37512 49140.623 -63779.8 5616.39 -69396.2 582.56738
3.24 285.10286 13.399253 49344.865 -64128.7 5468.7 -69597.4 585.62428
3.25 288.74331 225.67329 49412.482 -64346.6 5538.53 -69885.1 586.76805
3.26 301.54009 214.99716 49207.175 -63990.6 5783.99 -69774.6 587.17895
3.27 279.66386 275.65786 49232.367 -64326.1 5364.37 -69690.4 589.52101
3.28 295.53986 0.40101326 49310.282 -63918.4 5668.89 -69587.3 592.21897
3.29 287.10119 -60.184538 49450.023 -64279.3 5507.03 -69786.3 589.05131
3.3 284.48088 122.33684 49401.251 -64441.1 5456.77 -69897.8 591.17993
3.31 283.19228 102.2179 49349.758 -64480.5 5432.05 -69912.5 591.52162
3.32 291.13676 -160.63322 49439.913 -64119.8 5584.44 -69704.2 590.99108
3.33 288.57953 -120.98268 49273.029 -64204.1 5535.39 -69739.5 591.48267
3.34 287.89475 5.6656552 49321.27 -63972.4 5522.25 -69494.7 591.14316
3.35 284.39601 -468.30911 49491.502 -64433.1 5455.14 -69888.2 592.76675
3.36 294.72931 427.86551 49088.937 -64191.8 5653.35 -69845.1 590.36225
3.37 291.69177 49.901626 49381.451 -64417 5595.08 -70012.1 594.03035
3.38 295.9494 -400.73369 49693.961 -64092.1 5676.75 -69768.8 597.77392
3.39 292.50089 -54.367503 49349.183 -64307.5 5610.6 -69918.1 595.36305
3.4 286.59078 -154.24551 49223.235 -64187.4 5497.24 -69684.7 596.42123
3.41 296.77325 413.22307 49003.163 -64305.5 5692.55 -69998.1 594.08941
3.42 302.52072 79.760799 49532.181 -63799.7 5802.8 -69602.5 602.02644
3.43 276.80219 -69.957884 49186.274 -64151.3 5309.48 -69460.7 599.96657
3.44 291.55845 106.1029 49328.658 -64034.7 5592.53 -69627.2 602.76996
3.45 287.7071 186.15128 49180.917 -64079.9 5518.65 -69598.6 603.03657
3.46 296.16459 -203.38622 49507.708 -63955.5 5680.88 -69636.4 603.4879
3.47 282.19036 -114.48383 49402.367 -64353.9 5412.83 -69766.7 602.3733
3.48 300.89947 80.69392 49327.595 -64111.9 5771.7 -69883.6 604.80603
3.49 288.06234 595.74526 49169.638 -64680.2 5525.46 -70205.7 603.71875
3.5 288.26609 413.9764 49215.859 -64407.8 5529.37 -69937.2 605.456
3.51 279.87481 494.43531 49216.649 -64719.9 5368.42 -70088.3 607.35634
3.52 280.52159 -196.32071 49601.221 -64562.2 5380.82 -69943.1 611.71337
3.53 276.51179 392.68208 49068.102 -64790 5303.91 -70093.9 610.20293
3.54 300.0935 200.58037 49294.956 -64421.6 5756.24 -70177.9 613.32653
3.55 281.23428 -213.31405 49499.356 -64741.9 5394.49 -70136.4 616.7793
3.56 301.77471 -70.574895 49554.964 -64365.6 5788.49 -70154.1 617.14863
3.57 287.39096 -108.78601 49415.757 -64583.9 5512.59 -70096.5 614.70289
3.58 288.79251 -77.558115 49228.967 -64146.3 5539.47 -69685.8 613.95744
3.59 291.36823 272.31586 49172.282 -64332.8 5588.88 -69921.7 615.23244
3.6 290.96325 -4.3085312 49384.431 -64616.8 5581.11 -70197.9 616.82431
3.61 289.93376 -15.321316 49272.956 -64330.5 5561.36 -69891.9 616.2617
3.62 281.27355 -286.51589 49544.349 -64563.2 5395.25 -69958.5 619.19051
3.63 293.12103 -260.74707 49503.03 -64329 5622.5 -69951.5 619.75841
3.64 301.75478 -453.78543 49542.846 -64725.2 5788.11 -70513.3 619.96608
3.65 296.39613 646.78026 49259.756 -64213.1 5685.32 -69898.4 616.72117
3.66 286.92086 -136.00513 49193.539 -64687.7 5503.57 -70191.2 617.55885
3.67 288.76317 35.855484 49503.136 -64531.6 5538.91 -70070.5 621.41576
3.68 278.07908 203.85981 49364.509 -64596.2 5333.97 -69930.2 622.15444
3.69 289.48893 -255.33472 49305.25 -64464.9 5552.83 -70017.7 621.90142
3.7 292.10263 -116.62095 49292.437 -64562.7 5602.96 -70165.6 621.80003
3.71 301.49334 179.0839 49375.22 -64201.8 5783.09 -69984.9 626.64328
3.72 289.16952 -22.028226 49475.932 -64729.4 5546.7 -70276.1 629.65877
3.73 290.2562 368.12842 49287.398 -64681.9 5567.55 -70249.5 631.50804
3.74 290.42091 -50.464598 49549.535 -64537.1 5570.71 -70107.8 634.67697
3.75 286.35019 677.80588 49220.453 -64748.8 5492.62 -70241.4 634.9472
3.76 284.61583 69.688788 49392.427 -64755.2 5459.36 -70214.6 635.34669
3.77 285.64167 -829.80453 49652.903 -64589.9 5479.03 -70068.9 639.04977
3.78 278.23647 -367.15739 49751.732 -64801 5336.99 -70137.9 640.18393
3.79 283.52668 -122.6594 49657.35 -64441.6 5438.46 -69880.1 639.04375
3.8 298.80076 -12.847425 49372.187 -64254.4 5731.44 -69985.8 637.60946
3.81 283.66501 215.47071 49347.622 -64382.6 5441.12 -69823.7 640.85278
3.82 283.69741 403.9541 49477.414 -64400.3 5441.74 -69842 644.03744
3.83 287.26032 542.86918 49182.619 -64702.9 5510.08 -70213 641.46561
3.84 292.45806 -167.10816 49523.822 -64246.6 5609.78 -69856.4 645.93818
3.85 292.75041 118.29587 49310.017 -64543.3 5615.39 -70158.7 643.81832
3.86 295.87354 -112.81209 49383.815 -64211.4 5675.29 -69886.6 645.77527
3.87 278.30583 557.2304 49189.167 -64830.5 5338.32 -70168.8 644.69467
3.88 282.0719 171.79116 49292.142 -64825.2 5410.56 -70235.8 646.52866
3.89 290.57398 252.76264 49429.938 -64534 5573.64 -70107.6 646.6805
3.9 289.44511 325.83616 49227.61 -64395.2 5551.99 -69947.2 647.34519
3.91 292.14636 -658.0948 49681.183 -64280.7 5603.8 -69884.5 653.04
3.92 283.57815 416.50604 49371.282 -64652 5439.45 -70091.4 652.25055
3.93 295.33452 169.03706 49357.147 -64589.4 5664.96 -70254.4 652.01827
3.94 293.06482 149.75775 49385.628 -64595.1 5621.42 -70216.6 654.89062
3.95 289.93756 -475.32051 49705.791 -64763 5561.43 -70324.4 658.95113
3.96 289.83548 -131.96318 49356.83 -64507.6 5559.48 -70067.1 656.00514
3.97 285.63952 314.57582 49243.503 -64103.1 5478.99 -69582.1 656.25901
3.98 290.82906 144.5531 49396.229 -64358.2 5578.53 -69936.7 656.73655
3.99 289.30987 306.08248 49438.459 -64404.2 5549.39 -69953.6 656.94686
4 285.01357 -206.40103 49645.583 -64773.4 5466.98 -70240.3 660.20615
4.01 294.32189 -185.09291 49670.954 -64722.8 5645.53 -70368.4 661.52261
4.02 281.98364 302.47838 49403.155 -64973.9 5408.87 -70382.8 658.96498
4.03 284.22534 -517.22058 49703.273 -64748.8 5451.86 -70200.6 661.18986
4.04 288.37935 -278.10945 49475.007 -64298.8 5531.55 -69830.3 659.71714
4.05 294.89148 164.39353 49335.407 -64833 5656.46 -70489.4 659.88918
4.06 296.62135 -105.11874 49412.816 -64274.9 5689.64 -69964.6 659.87413
4.07 282.14597 96.69319 49495.905 -64737.4 5411.98 -70149.4 663.14518
4.08 293.46555 261.44487 49250.446 -64436 5629.11 -70065.2 659.80312
4.09 284.23318 233.58495 49182.014 -64762.5 5452.02 -70214.5 660.67363
4.1 283.58801 -269.13255 49366.28 -64563.3 5439.64 -70002.9 664.20422
4.11 293.36406 183.11313 49114.396 -64282 5627.16 -69909.2 662.02614
4.12 290.39744 -19.530248 49313.418 -64351.5 5570.26 -69921.8 667.60477
4.13 278.18155 136.38244 49110.803 -64231 5335.94 -69567 664.76852
4.14 293.58746 216.42769 49219.598 -64180.1 5631.44 -69811.6 667.11513
4.15 288.82969 366.38375 49053.441 -64272.6 5540.18 -69812.8 669.66859
4.16 285.70637 824.74833 48840.49 -63939.5 5480.27 -69419.8 669.60577
4.17 287.81707 -41.420004 49273.276 -63907.3 5520.76 -69428.1 675.57368
4.18 294.98878 -58.606031 49187.308 -64090.6 5658.32 -69748.9 675.35432
4.19 284.64646 -44.388212 49281.375 -64222.8 5459.94 -69682.7 676.13046
4.2 281.27492 167.94808 49419.464 -64417.1 5395.27 -69812.4 679.40154
4.21 292.01893 225.09061 49231.348 -64362.3 5601.36 -69963.7 675.29521
4.22 301.42922 -314.88328 49325.063 -64175.1 5781.86 -69957 680.76231
4.23 283.43613 -161.62851 49546.794 -64693.2 5436.73 -70129.9 683.57501
4.24 287.22128 55.53925 49473.526 -64558.3 5509.33 -70067.6 680.52143
4.25 286.29249 181.69004 49282.408 -64206.9 5491.52 -69698.4 677.79061
4.26 289.78432 -377.80079 49476.407 -64479.4 5558.49 -70037.9 681.3849
4.27 302.75758 310.1902 49117.822 -64272.1 5807.34 -70079.4 677.34641
4.28 286.21427 565.56302 49101.992 -64369.3 5490.02 -69859.3 677.70869
4.29 273.19044 181.76189 49233.054 -64929.7 5240.2 -70169.9 680.58984
4.3 296.62611 -476.37812 49516.465 -64288 5689.73 -69977.7 685.10211
4.31 280.08347 225.48586 49193.765 -64573.6 5372.42 -69946 682.11211
4.32 292.50257 -216.16387 49417.794 -64399.1 5610.63 -70009.7 685.89209
4.33 279.99068 -263.31267 49220.511 -64531.4 5370.64 -69902 687.14836
4.34 291.25958 300.40436 49074.616 -64092 5586.79 -69678.8 687.42935
4.35 281.58852 132.59335 49056.912 -64248.1 5401.29 -69649.4 688.21165
4.36 301.97972 -4.5009324 49472.469 -64025.7 5792.42 -69818.1 692.04453
4.37 284.91157 -244.56179 49283.633 -64376.6 5465.03 -69841.6 690.8029
4.38 292.11303 -392.59156 49517.146 -64237.3 5603.16 -69840.4 693.2868
4.39 300.94324 264.76463 49385.283 -64364.3 5772.54 -70136.8 697.06712
4.4 289.33958 220.1423 49114.591 -64366.9 5549.96 -69916.9 694.05098
4.41 286.3146 63.298187 49212.644 -64184.4 5491.94 -69676.4 696.26258
4.42 289.42987 -244.94548 49429.374 -64443.7 5551.7 -69995.4 699.40493
4.43 286.79903 381.97706 49103.375 -64444.2 5501.23 -69945.5 695.67292
4.44 290.80782 -30.431424 49213.039 -64247.7 5578.13 -69825.8 696.28532
4.45 277.03162 -258.98663 49429.667 -64463.3 5313.88 -69777.2 701.79597
4.46 279.8129 -386.30325 49495.919 -64508.2 5367.23 -69875.4 705.17071
4.47 287.36225 120.81421 49260.386 -64396.7 5512.04 -69908.8 703.6764
4.48 286.27265 266.08466 49425.283 -64588.2 5491.14 -70079.3 704.66436
4.49 287.63556 -280.06034 49527.266 -64275.1 5517.28 -69792.4 706.00958
4.5 296.15482 -387.46692 49565.312 -64477.3 5680.69 -70158 705.00046
4.51 275.13037 -292.99244 49448.586 -64371.2 5277.41 -69648.6 705.91259
4.52 288.03429 46.421288 49375.951 -64491.3 5524.93 -70016.2 708.03957
4.53 302.68531 -46.517838 49241.232 -64369.3 5805.95 -70175.3 707.04461
4.54 291.26088 332.31653 49021.476 -64051.1 5586.82 -69638 704.82816
4.55 289.84455 65.594173 49431.125 -64376.1 5559.65 -69935.8 708.57471
4.56 278.59594 135.26394 49245.901 -64707.7 5343.88 -70051.6 711.09529
4.57 282.12567 -84.441893 49351.255 -64125.9 5411.59 -69537.5 713.70838
4.58 282.54353 -91.363683 49272.57 -64266 5419.61 -69685.6 714.40824
4.59 292.3721 -611.18562 49687.342 -64201.2 5608.13 -69809.3 718.02573
4.6 288.1859 -233.16455 49354.81 -64609 5527.83 -70136.8 714.02489
4.61 291.42661 334.85108 49302.624 -64146.2 5590 -69736.2 716.43116
4.62 300.89123 -235.83848 49429.963 -64368 5771.54 -70139.5 719.52867
4.63 287.12138 -208.60083 49477.751 -64566.2 5507.42 -70073.6 720.23999
4.64 288.41063 515.49682 49196.869 -64503.6 5532.15 -70035.8 717.82442
4.65 286.62291 235.38825 49351.305 -64369.2 5497.85 -69867 719.43219
4.66 286.15982 175.45473 49257.099 -64784.5 5488.97 -70273.5 717.07122
4.67 293.12631 -72.322647 49396.154 -64361.9 5622.6 -69984.5 718.63404
4.68 302.99896 -57.934798 49380.064 -64318.9 5811.97 -70130.8 722.85413
4.69 280.26452 -354.36182 49373.754 -64459.7 5375.89 -69835.5 724.86042
4.7 283.94957 91.938954 49126.27 -64234.5 5446.58 -69681.1 719.84943
4.71 287.59895 -40.019498 49292.884 -64125.5 5516.58 -69642.1 723.07906
4.72 280.67529 611.01915 48957.487 -64157.4 5383.77 -69541.1 720.83285
4.73 287.54135 -185.91417 49378.843 -64035.5 5515.47 -69551 725.39354
4.74 276.07121 22.981207 49348.788 -64520.3 5295.46 -69815.8 728.4749
4.75 290.04919 -343.55933 49216.285 -63926.4 5563.58 -69489.9 731.05788
4.76 288.93098 -140.8059 49211.621 -64317.6 5542.13 -69859.7 733.01471
4.77 289.42898 -545.06645 49599.19 -64618.8 5551.68 -70170.4 740.83779
4.78 291.28922 -58.043011 49307.107 -64303 5587.36 -69890.3 738.11735
4.79 278.61266 5.6985696 49509.237 -64654.7 5344.21 -69998.9 740.49249
4.8 291.07401 203.84068 49066.592 -64308.8 5583.23 -69892 735.49311
4.81 291.20896 -315.8142 49634.769 -64654.1 5585.82 -70240 744.35586
4.82 297.03248 593.28122 49249.943 -64614.8 5697.53 -70312.3 741.46518
4.83 299.14007 302.20453 49379.51 -64470.2 5737.95 -70208.1 741.47613
4.84 297.36577 102.68491 49301.39 -64737.1 5703.92 -70441 742.23544
4.85 290.24292 347.16097 49185.252 -64594.7 5567.29 -70162 741.4424
4.86 278.91756 216.43754 49258.855 -65105.1 5350.05 -70455.2 743.32857
4.87 286.92887 -25.687315 49329.65 -64760.2 5503.72 -70263.9 744.05459
4.88 291.0718 -57.968557 49717.299 -64773.5 5583.19 -70356.7 749.41924
4.89 281.23892 -19.306834 49687.148 -64943 5394.58 -70337.5 751.12765
4.9 285.70439 -168.76703 49796.558 -64549.6 5480.24 -70029.8 753.68571
4.91 276.0632 -616.08842 49671.323 -64779 5295.3 -70074.3 752.0112
4.92 297.33812 -163.88671 49522.341 -64721.4 5703.39 -70424.8 750.82734
4.93 287.43678 -308.25393 49562.366 -64459.4 5513.47 -69972.8 753.1661
4.94 291.90404 -40.677538 49427.271 -64296.6 5599.15 -69895.8 751.76258
4.95 289.94045 580.81541 49302.109 -64451.5 5561.49 -70013 750.86978
4.96 286.27922 -309.41428 49530.739 -64536.5 5491.26 -70027.8 755.99692
4.97 293.62348 62.042048 49398.407 -64246.9 5632.14 -69879.1 752.38716
4.98 288.89647 58.449234 49397.012 -64161.9 5541.46 -69703.4 754.30644
4.99 294.8811 -111.5396 49392.278 -64106.4 5656.26 -69762.7 753.27663
5 295.28561 -114.16732 49463.858 -64293 5664.02 -69957 757.48824
5.01 273.23213 -410.31396 49379.447 -64554.2 5241 -69795.2 757.23573
5.02 298.49726 173.08008 49295.848 -64323.6 5725.62 -70049.2 759.53028
5.03 293.29986 327.04516 49268.857 -64373 5625.93 -69998.9 759.63173
5.04 282.08012 -273.63603 49570.716 -64424.7 5410.72 -69835.4 764.73352
5.05 290.5832 -155.89719 49458.546 -64465 5573.82 -70038.9 767.2633
5.06 299.28159 -65.344035 49378.776 -64251.1 5740.67 -69991.8 764.4284
5.07 275.2977 -1.3847599 49214.79 -64544.1 5280.62 -69824.8 763.49645
5.08 291.88441 41.118319 49230.752 -64569.5 5598.78 -70168.3 768.72953
5.09 291.15593 241.56019 49323.662 -64016.9 5584.8 -69601.7 768.32871
5.1 280.19468 -182.52521 49337.095 -64376.8 5374.55 -69751.4 766.90044
5.11 286.71913 115.78007 49337.024 -64142.6 5499.7 -69642.3 766.67644
5.12 275.44937 342.07272 48936.23 -64339.6 5283.53 -69623.1 762.11948
5.13 286.48947 437.88275 49011.753 -64035.5 5495.29 -69530.8 762.93151
5.14 294.03319 608.82736 48950.131 -63896.3 5639.99 -69536.3 763.29369
5.15 281.15424 -10.386072 49200.81 -64151.8 5392.96 -69544.7 768.76591
5.16 295.79573 -31.858465 49395.875 -64256.3 5673.8 -69930.1 774.5302
5.17 282.21368 -445.39636 49402.915 -64163.1 5413.28 -69576.4 775.48179
5.18 285.82254 50.559941 49413.629 -64438.4 5482.5 -69920.9 777.38892
5.19 290.76629 -578.22492 49674.223 -64120.7 5577.33 -69698 780.16065
5.2 295.87669 -288.69905 49683.064 -64375.4 5675.36 -70050.7 783.22049
5.21 288.35811 287.07899 49326.436 -64686.1 5531.14 -70217.2 776.43119
5.22 289.38606 86.504624 49329.638 -64332.7 5550.86 -69883.6 778.86103
5.23 270.11762 287.03136 49183.203 -64782.4 5181.26 -69963.7 777.21943
5.24 294.51054 731.81881 49185.931 -64512.8 5649.15 -70161.9 780.62942
5.25 296.33827 146.49952 49308.105 -64055.3 5684.21 -69739.5 782.10884
5.26 281.79967 109.75053 49521.196 -64490.8 5405.34 -69896.1 786.59698
5.27 296.89351 -216.31821 49698.648 -64238.9 5694.86 -69933.7 791.06973
5.28 289.65595 -224.95741 49490.026 -64736.6 5556.03 -70292.6 789.69535
5.29 286.53341 -537.68504 49664.804 -64351.7 5496.14 -69847.8 791.77183
5.3 278.35441 -56.567746 49254.189 -64496.2 5339.25 -69835.5 788.16614
5.31 290.25326 -405.23797 49321.357 -64215.9 5567.49 -69783.4 790.57976
5.32 291.91946 -44.186553 49338.657 -64347.8 5599.45 -69947.3 791.78531
5.33 288.12455 -213.64378 49454.524 -64673.9 5526.66 -70200.5 795.1361
5.34 295.27097 83.386306 49426.179 -64345.3 5663.74 -70009.1 794.8715
5.35 289.30626 400.46925 49076.972 -64504.1 5549.32 -70053.4 790.6059
5.36 290.5572 57.357575 49434.12 -64710.2 5573.32 -70283.5 794.70088
5.37 282.8565 -12.28834 49623.284 -64204.1 5425.61 -69629.7 799.66236
5.38 291.51773 -235.91304 49564.534 -64559.8 5591.74 -70151.6 798.87917
5.39 294.92091 79.99876 49333.326 -64191.2 5657.02 -69848.2 799.84937
5.4 290.71027 -396.86562 49555.14 -64677 5576.26 -70253.3 802.2263
5.41 289.7644 -8.3474636 49289.139 -64239.7 5558.11 -69797.8 801.64924
5.42 285.60311 -57.848414 49350.882 -64565.9 5478.29 -70044.2 804.11634
5.43 280.84374 -354.9932 49435.29 -64237.8 5387 -69624.8 804.28626
5.44 285.56513 155.929 49286.899 -64289.5 5477.56 -69767.1 802.48087
5.45 285.85424 447.55137 49216.604 -64102.9 5483.11 -69586 804.18032
5.46 280.8991 -434.86564 49369.877 -64596.1 5388.06 -69984.2 806.21007
5.47 286.8465 -96.711788 49470.583 -64144.8 5502.14 -69647 808.06686
5.48 288.45574 105.29288 49351.532 -64456.1 5533.01 -69989.1 807.31579
5.49 292.44348 -8.8398403 49248.579 -64032.2 5609.5 -69641.7 807.25622
5.5 290.72493 -98.715584 49436.608 -64298.9 5576.54 -69875.4 812.73914
5.51 291.68514 424.88808 49187.438 -64194.9 5594.96 -69789.9 811.38056
5.52 299.70756 -35.892128 49157.361 -63887.7 5748.84 -69636.5 812.06815
5.53 298.24395 -822.36622 49299.234 -63879.1 5720.76 -69599.8 815.27254
5.54 286.84504 50.049383 49399.791 -64127.1 5502.11 -69629.2 817.24143
5.55 284.44619 269.00586 49222.636 -63762.1 5456.1 -69218.2 818.60848
5.56 281.4827 -485.84398 49279.399 -64259.2 5399.26 -69658.5 822.32229
5.57 289.10068 -31.339338 49459.412 -64139.6 5545.38 -69685 823.61866
5.58 295.06399 -570.41072 49314.357 -63591.3 5659.77 -69251.1 822.13956
5.59 283.89191 -97.297592 49189.589 -63934.2 5445.47 -69379.7 825.87782
5.6 302.87226 163.55614 48994.321 -63376.1 5809.54 -69185.7 822.75283
5.61 284.19903 -596.27886 49328.295 -63854.4 5451.36 -69305.8 830.25099
5.62 289.2774 320.91686 48954.023 -64185.3 5548.77 -69734.1 821.86908
5.63 290.4124 270.74525 49170.781 -63769.9 5570.54 -69340.4 826.32183
5.64 285.57519 286.30546 49260.381 -63785.2 5477.76 -69262.9 828.74044
5.65 291.15345 -380.93427 49372.464 -64186.6 5584.76 -69771.3 829.17626
5.66 289.13599 -387.28458 49650.862 -64137.4 5546.06 -69683.4 834.37652
5.67 303.77482 -280.98953 49514.571 -63659.3 5826.85 -69486.1 832.80394
5.68 292.55754 534.55001 49164.694 -64267 5611.69 -69878.7 832.69214
5.69 285.6968 -357.82473 49479.772 -64700.9 5480.09 -70181 835.23454
5.7 291.03292 -297.35359 49562.183 -64230.8 5582.44 -69813.2 836.44854
5.71 300.0511 -81.273924 49279.738 -64319.6 5755.43 -70075 831.43323
5.72 294.95487 28.576607 49326.453 -64140.9 5657.67 -69798.6 830.96479
5.73 283.3681 -299.2114 49640.93 -64412.1 5435.42 -69847.6 834.98048
5.74 290.07625 175.87826 49332.903 -63885.7 5564.09 -69449.8 831.43221
5.75 291.06031 -219.36707 49181.582 -64172.6 5582.97 -69755.5 832.34664
5.76 286.74061 -553.67791 49468.47 -64678.5 5500.11 -70178.6 836.46306
5.77 292.26617 -48.453943 49277.338 -64255.5 5606.1 -69861.6 834.85076
5.78 294.89913 -806.80194 49489.661 -63952 5656.6 -69608.6 839.00287
5.79 283.71639 -222.60424 49359.782 -64122 5442.1 -69564.1 843.60307
5.8 286.95452 -530.8909 49668.149 -64005.2 5504.21 -69509.4 847.27991
5.81 292.25908 188.73635 49187.791 -63880 5605.96 -69486 843.88993
5.82 292.43955 232.86225 49189.184 -64100.1 5609.43 -69709.6 845.95371
5.83 285.25687 328.18336 49099.51 -64267.3 5471.65 -69738.9 844.51542
5.84 306.22674 347.1411 49097.544 -63970.3 5873.88 -69844.2 845.61153
5.85 286.93424 256.60395 48972.613 -64122 5503.83 -69625.8 843.32995
5.86 274.89194 -256.13228 49228.179 -63996.6 5272.84 -69269.5 845.28439
5.87 289.26285 136.61439 49217.227 -64075 5548.49 -69623.5 846.47368
5.88 294.06357 -377.29476 49634.534 -63993.9 5640.58 -69634.5 853.61526
5.89 283.10742 169.40112 49295.188 -64291.1 5430.42 -69721.6 850.6435
5.9 279.69527 -86.254565 49280.024 -64821 5364.97 -70186 849.74339
5.91 282.21433 4.5469236 49350.089 -64615.9 5413.29 -70029.2 853.43616
5.92 284.32933 -585.6314 49618.162 -64176.9 5453.86 -69630.7 857.6806
5.93 282.96658 346.42049 48937.252 -64344.5 5427.72 -69772.2 851.12487
5.94 294.03916 -51.765752 49514.973 -64270.8 5640.11 -69910.9 860.62301
5.95 285.12049 455.79724 49059.337 -64269.7 5469.04 -69738.7 855.7051
5.96 281.35294 -321.21263 49570.737 -64463 5396.77 -69859.8 860.63781
5.97 282.34272 -322.03874 49420.245 -64645.7 5415.75 -70061.5 857.07308
5.98 295.98405 121.73619 49329.786 -64210.1 5677.41 -69887.5 857.5953
5.99 290.38314 266.17407 49180.841 -64657.7 5569.98 -70227.7 857.86404
6 289.97274 -710.90432 49624.693 -64173.9 5562.11 -69736 865.74175
6.01 292.25085 -407.1386 49297.071 -64260.9 5605.81 -69866.7 863.2921
6.02 286.6197 238.01545 49032.558 -64457.1 5497.79 -69954.9 859.60742
6.03 294.34164 198.95144 49302.107 -63881.2 5645.91 -69527.1 864.1129
6.04 284.416 -170.00457 49313.695 -64307.4 5455.52 -69762.9 867.00613
6.05 295.78423 362.93545 49169.516 -64118.7 5673.58 -69792.3 865.40944
6.06 284.22142 -2.3011229 49376.903 -64687.7 5451.79 -70139.5 868.86616
6.07 286.34757 -349.80618 49592.267 -64437.9 5492.57 -69930.5 872.92832
6.08 287.32663 640.3077 49124.322 -64853 5511.35 -70364.3 869.28052
6.09 298.77281 -132.79743 49535.801 -64484.7 5730.91 -70215.6 873.99703
6.1 288.68704 69.071573 49369.758 -64733.5 5537.45 -70270.9 873.25412
6.11 277.39731 -220.18066 49513.041 -64879.1 5320.89 -70200 876.60459
6.12 277.67711 -87.929839 49640.611 -64651.9 5326.26 -69978.1 878.38377
6.13 288.5201 -285.03667 49508.668 -64340.8 5534.24 -69875 878.74933
6.14 290.94312 371.71176 49422.332 -64706.1 5580.72 -70286.8 878.64115
6.15 278.73584 148.47616 49345.208 -64837.5 5346.57 -70184.1 878.12392
6.16 286.7421 384.92179 49348.043 -64845.4 5500.14 -70345.5 880.41417
6.17 294.76926 -604.07753 49706.911 -64529.9 5654.11 -70184.1 884.88768
6.18 281.07599 575.37284 49284.508 -64429 5391.46 -69820.5 881.12759
6.19 286.25911 23.139564 49434.564 -64717.7 5490.88 -70208.6 883.72857
6.2 287.01351 344.27455 49136.179 -64522.4 5505.35 -70027.8 881.40167
6.21 284.05667 -233.18369 49441.325 -64346.1 5448.63 -69794.8 885.59993
6.22 276.01909 130.80192 49338.999 -64825 5294.46 -70119.5 883.41503
6.23 286.79643 -32.558433 49338.185 -64312.2 5501.18 -69813.4 883.11062
6.24 280.01544 173.52025 49411.107 -64668.7 5371.11 -70039.8 884.97926
6.25 285.0506 15.062422 49490.235 -64704.6 5467.69 -70172.3 887.2931
6.26 286.67789 -286.36947 49514.088 -64543.7 5498.91 -70042.6 889.58406
6.27 287.72828 429.52584 49356.201 -64784.7 5519.06 -70303.8 887.08434
6.28 285.29964 671.5855 49151.99 -64542.4 5472.47 -70014.9 885.83253
6.29 281.64816 -473.83693 49547.55 -64671.2 5402.43 -70073.6 891.48962
6.3 281.39162 131.92312 49472.224 -64692.6 5397.51 -70090.1 890.80248
6.31 289.66146 15.579164 49453.607 -64410.8 5556.14 -69966.9 891.04197
6.32 294.03263 289.79375 49152.153 -64142.2 5639.98 -69782.1 890.06283
6.33 286.10639 380.81395 49000.292 -64652.9 5487.95 -70140.8 889.93607
6.34 292.67556 -186.26416 49523.232 -64275.9 5613.95 -69889.9 898.08189
6.35 290.2103 161.5587 49422.659 -64653.6 5566.67 -70220.3 896.6453
6.36 295.63314 -673.23928 49784.239 -64649.3 5670.68 -70319.9 900.43564
6.37 284.57843 -215.11965 49428.945 -64663.4 5458.64 -70122.1 899.43383
6.38 303.90749 222.09671 49251.909 -64060.2 5829.4 -69889.6 897.32816
6.39 292.2361 -375.81411 49670.083 -64410.3 5605.52 -70015.8 904.15832
6.4 277.2651 -770.66265 49714.042 -64779.7 5318.36 -70098 903.27303
6.41 293.13573 -122.63203 49406.536 -64286.8 5622.78 -69909.6 899.65766
6.42 280.95971 172.31232 49423.19 -64632.8 5389.23 -70022 900.52267
6.43 287.15874 170.84341 49343.033 -64333.9 5508.13 -69842.1 901.00317
6.44 282.43038 459.10826 49200.668 -65016.7 5417.44 -70434.1 899.17633
6.45 290.90162 0.55138087 49421.878 -64579.2 5579.93 -70159.1 901.28293
6.46 286.34475 448.37822 49154.309 -64348.5 5492.52 -69841 900.66994
6.47 274.93918 101.33846 49047.321 -64651.4 5273.74 -69925.1 901.13384
6.48 290.40833 323.81395 49101.023 -64193 5570.46 -69763.5 904.75287
6.49 287.58994 53.484872 49519.306 -64511.4 5516.4 -70027.8 908.58691
6.5 288.93307 417.26683 49057.309 -64247 5542.17 -69789.2 904.70774
6.51 286.6581 175.15137 49263.564 -64575.1 5498.53 -70073.6 906.32054
6.52 297.25983 231.74818 49215.786 -64388.4 5701.89 -70090.3 906.88195
6.53 295.03814 268.08084 49197.28 -64478.6 5659.27 -70137.9 907.34914
6.54 293.27819 84.533706 49468.612 -64790 5625.51 -70415.5 911.58744
6.55 288.76184 216.81121 49090.282 -64342.1 5538.88 -69881 908.95005
6.56 288.60752 -110.00541 49533.156 -64347.4 5535.92 -69883.3 914.68773
6.57 282.7308 187.26273 49314.38 -64749.8 5423.2 -70173 911.59117
6.58 289.19446 -77.031719 49234.154 -64501.3 5547.18 -70048.5 911.96464
6.59 288.60783 -258.1595 49544.87 -64590.1 5535.93 -70126 917.29694
6.6 286.90855 90.090921 49312.271 -64271 5503.33 -69774.4 914.70009
6.61 302.20399 -508.56985 49424.23 -64090.8 5796.72 -69887.5 916.05957
6.62 282.0073 -301.43773 49505.399 -64448.9 5409.32 -69858.3 919.18933
6.63 287.18372 -60.411301 49458.542 -64172.1 5508.61 -69680.7 919.39917
6.64 283.91956 -321.3957 49595.884 -64456.4 5446 -69902.4 923.25818
6.65 303.57332 135.22458 49277.694 -64181.6 5822.99 -70004.6 922.03214
6.66 293.12132 -321.27712 49573.899 -64704.6 5622.5 -70327.1 926.8302
6.67 302.25027 -109.96451 49623.715 -64357.4 5797.61 -70155 928.82158
6.68 292.56783 -40.261254 49636.82 -64634.5 5611.89 -70246.4 928.07311
6.69 283.47582 -178.79124 49505.99 -65024.4 5437.49 -70461.9 929.63766
6.7 278.38491 -32.818162 49517.947 -64570.9 5339.84 -69910.7 930.49112
6.71 291.21757 411.49902 49144.596 -64413.3 5585.99 -69999.3 925.29758
6.72 298.25644 23.861799 49374.658 -64059.4 5721 -69780.4 927.19943
6.73 284.55136 72.146379 49248.873 -64244 5458.12 -69702.1 927.20681
6.74 296.31883 577.44181 48787.116 -63636.9 5683.84 -69320.8 921.57941
6.75 292.38389 267.55144 49177.579 -63917.5 5608.36 -69525.9 930.77494
6.76 289.53782 233.65428 49050.444 -64017.7 5553.77 -69571.5 933.8033
6.77 282.02449 -242.49221 49236.759 -64425.2 5409.65 -69834.9 937.90876
6.78 291.12941 -469.39553 49453.116 -64261.7 5584.3 -69846 936.78732
6.79 297.58828 -181.96309 49377.765 -64088.8 5708.19 -69797 939.64674
6.8 292.85727 -279.04053 49475.855 -64052.6 5617.44 -69670 942.6676
6.81 288.25535 -352.06381 49321.691 -64010.9 5529.17 -69540.1 942.04534
6.82 288.12544 278.52545 49141.253 -64202 5526.67 -69728.7 943.2442
6.83 295.23314 278.60526 49350.263 -64128.5 5663.01 -69791.5 947.01989
6.84 291.64755 -250.82837 49470.803 -64189.4 5594.23 -69783.7 949.51309
6.85 284.12066 -144.10979 49502.777 -64711.4 5449.86 -70161.2 951.00211
6.86 284.3084 352.8655 49418.07 -64426.1 5453.46 -69879.5 951.95157
6.87 282.04892 -165.12828 49428.597 -64607.9 5410.12 -70018.1 952.92075
6.88 280.41564 -494.45291 49625.465 -64793.3 5378.79 -70172 955.35282
6.89 286.63453 -74.649047 49627.346 -64442.4 5498.08 -69940.5 957.47536
6.9 288.62357 -151.23158 49453.092 -64667.5 5536.23 -70203.7 954.90305
6.91 299.96576 187.85626 49385.999 -64176.1 5753.79 -69929.9 956.35854
6.92 285.75581 410.57584 49056.196 -64503.1 5481.22 -69984.3 952.89819
6.93 278.33828 -190.7326 49314.518 -64590.9 5338.94 -69929.8 955.36595
6.94 289.10021 -11.481466 49256.999 -64600.5 5545.37 -70145.9 956.01478
6.95 280.93182 -257.90701 49365.437 -64346.9 5388.69 -69735.6 957.66566
6.96 292.95494 -41.264914 49241.846 -63787 5619.31 -69406.3 954.92576
6.97 282.66421 217.14458 49135.34 -64194.3 5421.92 -69616.2 953.92091
6.98 291.89303 -398.86729 49424.856 -63826.9 5598.94 -69425.8 957.87932
6.99 284.68139 -596.50373 49683.712 -64269.8 5460.61 -69730.4 964.20952
7 295.63725 171.86796 49135.077 -63747.1 5670.76 -69417.8 958.06555
7.01 289.99547 126.83352 48942.927 -64121.8 5562.54 -69684.3 960.30693
7.02 292.5597 -61.1084 49260.349 -64097.4 5611.73 -69709.2 960.67523
7.03 290.56757 348.59652 49169.512 -64166 5573.52 -69739.5 961.19376
7.04 296.52584 -659.50407 49455.029 -64095.3 5687.81 -69783.1 966.9117
7.05 291.84087 229.3405 49196.416 -64053.3 5597.94 -69651.3 967.05602
7.06 293.91419 193.01631 49174.245 -64283 5637.71 -69920.7 968.54404
7.07 287.68294 -84.507718 49368.985 -64439.8 5518.19 -69958 969.50947
7.08 283.50226 -0.81257957 49400.502 -64437 5438 -69875 970.04536
7.09 296.30082 691.20667 49206.578 -64203.8 5683.49 -69887.3 967.75703
7.1 286.02477 -360.43022 49527.217 -64546.8 5486.38 -70033.2 974.58251
7.11 291.19385 125.05688 49404.164 -64580 5585.53 -70165.5 972.89574
7.12 298.0662 -87.521353 49458.623 -64204.9 5717.35 -69922.2 973.40418
7.13 279.26006 -45.649329 49312.199 -64387.8 5356.62 -69744.5 972.3645
7.14 291.69378 399.45326 49041.506 -64070.8 5595.12 -69665.9 966.57353
7.15 291.40369 -64.073018 49217.269 -64259.7 5589.56 -69849.3 966.00446
7.16 293.96153 -527.06971 49431.411 -63910.3 5638.62 -69548.9 972.48482
7.17 276.84423 -39.08846 49191.372 -64271.5 5310.28 -69581.7 972.13918
7.18 292.23321 306.93006 48987.311 -63947.8 5605.47 -69553.2 970.48444
7.19 288.34964 735.8123 49102.25 -64557.8 5530.98 -70088.8 972.96681
7.2 295.75815 34.399145 49404.445 -63907.2 5673.08 -69580.3 978.60144
7.21 283.46732 86.670549 49249.119 -64659.5 5437.33 -70096.8 974.90191
7.22 290.96605 105.30787 49462.774 -64313.7 5581.16 -69894.8 981.51928
7.23 292.71127 -394.33054 49482.03 -64105.6 5614.64 -69720.2 981.44216
7.24 299.58005 23.148626 49388.412 -64353.9 5746.39 -70100.3 981.94358
7.25 292.35555 153.48785 49309.435 -64417.8 5607.81 -70025.6 979.27576
7.26 301.83995 519.20435 49181.863 -64083.4 5789.74 -69873.2 977.55094
7.27 283.25977 177.23754 49115.014 -64352.7 5433.34 -69786 978.02187
7.28 290.40504 -367.22588 49522.964 -64222.1 5570.4 -69792.5 983.25575
7.29 286.55735 -132.43848 49440.105 -64215.5 5496.6 -69712.1 986.83971
7.3 289.3336 264.05704 49260.982 -64319.7 5549.85 -69869.6 986.52704
7.31 299.42078 133.84401 49487.094 -63906 5743.34 -69649.3 991.47657
7.32 285.29143 5.5081402 49141.147 -63890.2 5472.31 -69362.5 985.79027
7.33 286.85481 -314.86538 49283.782 -64206.5 5502.3 -69708.8 993.84329
7.34 277.1571 546.68941 49135.533 -64521.8 5316.29 -69838.1 991.46693
7.35 288.11462 -59.810532 49309.017 -64357.3 5526.47 -69883.8 995.06594
7.36 291.17175 -126.32944 49234.253 -64160.1 5585.11 -69745.2 993.59441
7.37 290.45752 -17.969185 49376.175 -64377.6 5571.41 -69949 993.80581
7.38 293.77314 -111.00388 49290.78 -64368.4 5635.01 -70003.4 994.48183
7.39 297.51273 -452.67558 49607.624 -64248.5 5706.74 -69955.3 999.25548
7.4 288.95718 96.767362 49269.315 -64546.4 5542.63 -70089 995.74044
7.41 291.57731 -38.358776 49160.243 -64226 5592.89 -69818.9 998.04202
7.42 289.9046 -174.63907 49245.42 -64359.6 5560.8 -69920.4 998.52583
7.43 289.27211 149.82369 49343.029 -64364.6 5548.67 -69913.2 1001.4669
7.44 285.9389 -89.553824 49253.854 -64364.4 5484.73 -69849.1 1000.2631
7.45 284.92976 -404.28771 49524.548 -64618.6 5465.38 -70084 1009.7126
7.46 291.65351 -738.08228 49545.682 -64277.2 5594.35 -69871.6 1011.9799
7.47 280.76081 -210.9889 49468.11 -64431.8 5385.41 -69817.2 1013.8396
7.48 288.05771 -784.51869 49595.316 -64213.7 5525.38 -69739.1 1012.9427
7.49 283.01573 74.445155 49142.557 -64577.1 5428.66 -70005.7 1008.3282
7.5 294.49842 -62.019246 49388.552 -64176.8 5648.92 -69825.7 1014.4328
7.51 288.09153 186.48843 49499.385 -64451.3 5526.02 -69977.3 1013.103
7.52 280.64747 353.10119 49250.722 -64515.1 5383.24 -69898.3 1011.4583
7.53 284.85368 -177.15736 49336.77 -64263.3 5463.92 -69727.2 1012.7224
7.54 289.19162 -155.57416 49352.857 -63738.9 5547.13 -69286 1011.109
7.55 290.96889 708.31427 48825.285 -63978.5 5581.22 -69559.7 1002.8603
7.56 280.71698 297.86854 49124.317 -64151.6 5384.57 -69536.2 1004.4172
7.57 288.01701 384.68011 49048.389 -63847.1 5524.6 -69371.6 1003.9666
7.58 286.57751 38.315933 49247.895 -63852.8 5496.98 -69349.8 1008.8263
7.59 289.34418 -31.665613 48971.814 -64141.4 5550.05 -69691.4 1006.9684
7.6 283.26238 472.42255 49168.632 -63811.2 5433.39 -69244.6 1013.8228
7.61 290.66275 31.813376 49102.361 -64196.7 5575.34 -69772.1 1013.6469
7.62 296.2549 -28.962801 49220.677 -63770.4 5682.61 -69453.1 1016.8357
7.63 285.7586 -99.525762 49369.457 -64242.4 5481.28 -69723.6 1020.3819
7.64 296.14781 190.22006 49191.096 -63662.3 5680.56 -69342.8 1016.3661
7.65 287.32486 -190.15323 49279.642 -64106.8 5511.32 -69618.1 1021.5451
7.66 292.89136 226.27447 49071.365 -63980.7 5618.09 -69598.8 1022.4992
7.67 292.52644 18.103198 49291.881 -64298.7 5611.09 -69909.8 1028.9241
7.68 287.27451 107.91593 49267.75 -64499.7 5510.35 -70010.1 1029.2117
7.69 283.6585 -281.86142 49641.811 -64501 5440.99 -69942 1032.2285
7.7 287.6393 -353.40038 49636.248 -64391.3 5517.35 -69908.7 1031.475
7.71 287.42614 604.13238 49245.697 -64562.1 5513.26 -70075.4 1031.3258
7.72 287.00251 -326.15542 49642.679 -64488.1 5505.14 -69993.2 1037.3127
7.73 288.69353 386.44667 49295.113 -64367.7 5537.57 -69905.3 1033.6863
7.74 286.66672 122.53369 49332.148 -63904.1 5498.69 -69402.8 1036.3434
7.75 289.27744 -298.17519 49305.741 -64135.5 5548.77 -69684.3 1038.7311
7.76 289.92831 478.91104 48899.108 -63644 5561.26 -69205.3 1031.9007
7.77 291.68088 370.94603 48878.068 -63230.3 5594.87 -68825.1 1033.436
7.78 289.80406 228.59255 48899.239 -63603.3 5558.87 -69162.2 1036.7909
7.79 278.86793 44.755734 48973.441 -63403.7 5349.1 -68752.8 1036.1444
7.8 279.61362 -762.04032 49276.547 -63812.3 5363.41 -69175.7 1041.9538
7.81 293.93114 -53.094438 48972.136 -63287.1 5638.04 -68925.1 1041.7419
7.82 291.83727 -129.99092 49093.833 -63569.2 5597.87 -69167.1 1048.7233
7.83 289.20509 298.13599 49116.583 -63928 5547.38 -69475.4 1051.1714
7.84 297.49335 -66.308351 49108.371 -63400.7 5706.37 -69107 1051.6626
7.85 291.85957 930.21712 48873.874 -63952.2 5598.3 -69550.5 1048.1879
7.86 289.22893 -123.64443 49189.892 -63778.7 5547.84 -69326.6 1053.3047
7.87 285.32967 326.85318 49101.139 -64044.5 5473.05 -69517.6 1055.5222
7.88 292.4731 -77.099849 49183.078 -63851.9 5610.07 -69462 1057.6242
7.89 286.8107 660.00092 48984.907 -64104.8 5501.46 -69606.2 1054.3188
7.9 297.6778 480.47793 49145.139 -64003.8 5709.9 -69713.7 1060.0356
7.91 279.95043 -605.72884 49472.24 -64380.7 5369.87 -69750.6 1064.0314
7.92 290.62996 155.06805 49390.295 -64109.2 5574.72 -69683.9 1065.4437
7.93 288.26196 578.9978 49235.653 -64520.7 5529.29 -70050 1063.813
7.94 287.88767 -192.33972 49488.445 -64323.3 5522.11 -69845.4 1069.0026
7.95 287.66493 -75.10204 49396.602 -64516.2 5517.84 -70034.1 1069.6371
7.96 286.92257 -31.922121 49250.302 -64180.9 5503.6 -69684.5 1070.6095
7.97 285.78515 274.67854 48964.489 -64237.4 5481.78 -69719.2 1068.5424
7.98 282.71307 621.23993 48867.313 -64059.2 5422.86 -69482 1066.5171
7.99 288.49573 -161.22978 49261.044 -64096.2 5533.78 -69630 1072.8426
8 282.44368 845.17736 48971.313 -64432.3 5417.69 -69850 1072.8948
8.01 291.13991 179.73015 49324.218 -64031.4 5584.5 -69615.8 1080.0656
8.02 282.77428 -659.937 49597.083 -64192.2 5424.03 -69616.2 1088.3946
8.03 299.45462 -211.50237 49483.589 -64180.1 5743.99 -69924.1 1088.3355
8.04 286.14676 462.50629 49280.367 -64532.7 5488.72 -70021.4 1084.6957
8.05 288.92537 -6.0062542 49420.636 -64427.1 5542.02 -69969.1 1091.1564
8.06 293.67775 733.97851 49248.538 -64396.1 5633.18 -70029.3 1088.1165
8.07 281.86956 157.66536 49182.304 -64379.8 5406.68 -69786.4 1086.2139
8.08 294.83588 130.38334 49398.786 -64071.5 5655.39 -69726.9 1090.3926
8.09 284.73698 304.45232 49069.145 -64509 5461.68 -69970.7 1084.344
8.1 293.06263 587.70425 49303.301 -64200.6 5621.38 -69822 1089.5649
8.11 289.68746 -187.52925 49296.817 -64562.2 5556.64 -70118.9 1090.987
8.12 291.90409 221.33175 49080.683 -64117.6 5599.16 -69716.7 1090.0435
8.13 288.06086 71.85474 49326.733 -64059.1 5525.44 -69584.5 1096.0428
8.14 285.98411 517.77132 49121.79 -64411 5485.6 -69896.6 1093.0228
8.15 290.57583 36.948619 49147.796 -64303.7 5573.68 -69877.4 1093.9131
8.16 292.81249 -319.15823 49522.538 -64400.4 5616.58 -70017 1099.9782
8.17 272.024 -402.49935 49441.958 -64713.4 5217.83 -69931.2 1097.7032
8.18 293.03869 195.46493 49309.83 -64284 5620.92 -69904.9 1095.4997
8.19 288.34159 -53.098072 49500.376 -63812.9 5530.82 -69343.7 1099.0573
8.2 284.90494 -303.70808 49432.065 -64148.3 5464.9 -69613.2 1098.7642
8.21 301.32366 125.95432 49085.503 -63733.6 5779.84 -69513.5 1090.8918
8.22 287.15902 -483.71088 49392.577 -64161.1 5508.14 -69669.2 1095.3528
8.23 289.79394 -35.428532 49134.049 -64093.3 5558.68 -69651.9 1092.9619
8.24 289.31891 -437.87909 49451.821 -64415.7 5549.57 -69965.3 1097.3283
8.25 288.80083 -169.91141 49395.286 -64636 5539.63 -70175.6 1099.0782
8.26 290.71188 -161.17914 49537.698 -64620.7 5576.29 -70197 1104.2088
8.27 291.02091 122.0571 49464.5 -64452 5582.21 -70034.3 1102.7865
8.28 279.92304 129.70796 49427.908 -64747.9 5369.34 -70117.2 1102.2743
8.29 298.27075 -21.130423 49539.168 -64251.5 5721.28 -69972.8 1106.1937
8.3 286.6251 328.14609 49276.932 -64507.3 5497.9 -70005.2 1103.3265
8.31 298.58448 13.926022 49419.3 -64098 5727.29 -69825.3 1109.371
8.32 289.26842 -335.36382 49723.1 -64564.9 5548.6 -70113.5 1116.031
8.33 285.86526 230.36102 49253.88 -64123.4 5483.32 -69606.7 1109.0328
8.34 289.89558 -147.32761 49456.8 -64256.1 5560.63 -69816.7 1113.7294
8.35 296.20781 244.7019 49143.014 -63794.5 5681.71 -69476.2 1105.6476
8.36 285.08931 -288.49289 49512.797 -64175 5468.44 -69643.4 1114.9382
8.37 283.73906 -215.95684 49210.638 -64463.3 5442.54 -69905.8 1110.6755
8.38 296.80286 255.23708 49295.648 -64245.7 5693.12 -69938.8 1114.7601
8.39 298.99307 -350.22146 49422.043 -63934 5735.13 -69669.1 1115.9833
8.4 290.00277 -999.57796 49909.704 -64107.2 5562.68 -69669.9 1127.3338
8.41 286.55476 -189.06832 49381.329 -64311 5496.55 -69807.5 1119.1434
8.42 273.39622 140.68033 49396.71 -64861.3 5244.15 -70105.5 1122.0946
8.43 279.9821 -86.686636 49358.319 -64571.4 5370.47 -69941.9 1119.0601
8.44 284.93634 80.878313 49418.833 -64401.1 5465.5 -69866.6 1121.6267
8.45 272.41594 -315.05494 49573.492 -64931.5 5225.34 -70156.8 1124.5349
8.46 290.86399 44.874304 49528.582 -64645.8 5579.2 -70225 1125.628
8.47 296.48944 309.0539 49333.661 -64623.9 5687.11 -70311 1123.0245
8.48 282.87753 -544.93511 49782.115 -64647.6 5426.01 -70073.6 1129.964
8.49 295.6124 602.29138 49201.683 -64462.9 5670.29 -70133.2 1123.101
8.5 276.49972 -212.77008 49605.326 -64869.9 5303.68 -70173.6 1126.5467
8.51 287.43543 293.61392 49441.376 -64602.9 5513.44 -70116.4 1127.5527
8.52 291.46826 50.190358 49444.717 -64632.4 5590.8 -70223.2 1127.8576
8.53 295.68325 -505.68319 49581.388 -64202.7 5671.65 -69874.4 1131.1199
8.54 290.05277 -126.44898 49436.057 -64366.8 5563.64 -69930.4 1129.0113
8.55 290.03916 -94.854369 49382.021 -64497 5563.38 -70060.4 1128.6448
8.56 276.12835 -104.53027 49388.901 -64724.6 5296.55 -70021.2 1130.4764
8.57 296.05441 -53.838878 49290.935 -64112.1 5678.76 -69790.9 1128.6038
8.58 280.55492 -394.84614 49407.647 -64485.5 5381.46 -69866.9 1131.349
8.59 286.01517 508.15701 48832.737 -64249.3 5486.2 -69735.5 1120.775
8.6 278.62756 93.362237 49092.054 -64725.6 5344.49 -70070.1 1126.5548
8.61 289.82121 -191.90896 49489.721 -64436.3 5559.2 -69995.5 1133.6692
8.62 293.16581 -467.11665 49505.537 -64470.9 5623.36 -70094.2 1133.4582
8.63 286.2984 -268.66114 49379.172 -64746.2 5491.63 -70237.9 1133.5137
8.64 297.12101 131.6522 49439.043 -64331.3 5699.22 -70030.5 1135.1622
8.65 286.95271 359.53955 49101.364 -64542.3 5504.18 -70046.4 1132.8687
8.66 280.91471 58.463408 49209.658 -64562.3 5388.36 -69950.7 1133.8583
8.67 289.81566 408.6211 49268.686 -64493 5559.1 -70052.1 1137.5237
8.68 282.50228 119.40844 49502.121 -64229.5 5418.81 -69648.3 1143.5335
8.69 287.75219 28.931195 49088.951 -64542.6 5519.52 -70062.1 1140.2483
8.7 297.79083 508.44092 49141.16 -64241 5712.07 -69953.1 1142.0892
8.71 298.1946 169.91409 49194.512 -64055.8 5719.82 -69775.6 1142.9645
8.72 282.29129 -402.61916 49532.041 -64332.1 5414.77 -69746.9 1148.7876
8.73 291.84474 47.164521 49390.678 -64022.2 5598.02 -69620.2 1145.5708
8.74 293.76551 -60.747751 49285.873 -64001.6 5634.86 -69636.5 1141.8557
8.75 300.61204 382.38874 49224.484 -63842.5 5766.19 -69608.7 1141.5398
8.76 294.24352 -0.33818685 49625.615 -64312.2 5644.03 -69956.2 1148.5225
8.77 294.37308 632.50082 49063.964 -64500.3 5646.51 -70146.8 1139.6263
8.78 285.75604 9.5442701 49382.798 -64527.6 5481.23 -70008.8 1148.0341
8.79 287.94398 -410.35659 49357.476 -64366.5 5523.19 -69889.7 1148.65
8.8 284.76385 -627.06938 49785.456 -64371.3 5462.19 -69833.5 1157.2883
8.81 276.85265 -60.799741 49352.38 -64594.6 5310.45 -69905 1148.9751
8.82 292.40687 -258.07793 49446.384 -64512.8 5608.8 -70121.6 1152.6211
8.83 299.39915 363.66842 49285.535 -63965.7 5742.92 -69708.6 1146.4041
8.84 289.5121 130.52497 49496.884 -64195.3 5553.27 -69748.6 1148.906
8.85 277.49761 -433.26678 49456.048 -64794.4 5322.82 -70117.2 1144.4441
8.86 289.99331 67.451055 49462.299 -64655.4 5562.5 -70217.9 1144.3786
8.87 288.94881 195.85526 49428.73 -64353.5 5542.47 -69896 1145.8563
8.88 285.47535 -188.42235 49619.283 -64705.1 5475.84 -70181 1148.0829
8.89 279.92384 -219.19803 49518.373 -64549 5369.36 -69918.3 1144.1584
8.9 286.24088 246.10526 49299.082 -64728.8 5490.53 -70219.3 1141.2959
8.91 290.69686 -183.77477 49498.115 -64504.2 5576 -70080.2 1144.8878
8.92 294.35508 -207.02994 49492.707 -64308.9 5646.17 -69955 1144.8456
8.93 288.29964 364.45811 49349.282 -64246 5530.02 -69776 1145.1308
8.94 288.59349 767.17382 49155.671 -64630.8 5535.65 -70166.4 1147.4028
8.95 294.24266 298.70679 49169.449 -64353.5 5644.01 -69997.6 1145.4752
8.96 292.0464 39.930143 49484.196 -64419.5 5601.88 -70021.4 1154.429
8.97 280.14975 106.12312 49335.378 -64567 5373.69 -69940.7 1151.307
8.98 292.2294 482.14871 49229.539 -64219.6 5605.39 -69825 1151.3245
8.99 285.98136 -350.55495 49501.598 -64634.8 5485.55 -70120.4 1157.1758
9 289.48521 161.71098 49365.003 -64314 5552.76 -69866.7 1155.8914
9.01 283.49014 644.30628 49085.574 -64486.2 5437.76 -69923.9 1150.9416
9.02 298.5603 614.1281 49205.605 -64349.2 5726.83 -70076 1152.9927
9.03 288.45683 461.16209 49271.544 -64639.3 5533.03 -70172.3 1154.7429
9.04 285.60381 -53.259651 49299.195 -64639.7 5478.31 -70118 1154.5913
9.05 292.7728 -54.912144 49305.91 -64316.2 5615.82 -69932 1156.7205
9.06 292.95315 -134.29879 49674.996 -64539.6 5619.28 -70158.9 1163.4586
9.07 282.17768 305.29871 49368.929 -64409 5412.59 -69821.6 1159.8487
9.08 295.35251 86.414015 49367.017 -64123.3 5665.3 -69788.6 1159.61
9.09 293.29802 -619.48394 49810.491 -64213.8 5625.89 -69839.7 1168.3929
9.1 296.54445 -248.16184 49357.107 -64001.6 5688.16 -69689.8 1163.6032
9.11 291.69044 -75.86517 49349.613 -64157.4 5595.06 -69752.5 1165.209
9.12 298.56921 -322.21977 49337.457 -63765 5727 -69492 1169.5384
9.13 286.02267 -292.96591 49087.192 -64201.2 5486.34 -69687.5 1162.7283
9.14 292.75909 106.55506 49124.696 -64026 5615.56 -69641.6 1164.0579
9.15 288.69675 -346.00984 49199.587 -64041.1 5537.63 -69578.7 1164.8093
9.16 283.88341 71.82206 49292.419 -64251.5 5445.31 -69696.8 1169.9881
9.17 288.35416 -107.83222 49457.033 -64635.2 5531.06 -70166.2 1171.7483
9.18 293.14749 -109.07161 49477.823 -64301.1 5623.01 -69924.1 1172.973
9.19 292.1215 123.69446 49261.226 -64626.6 5603.33 -70229.9 1169.0405
9.2 287.95799 79.3318 49492.124 -64827.8 5523.46 -70351.3 1175.4625
9.21 284.18219 426.46825 49257.912 -64961.6 5451.04 -70412.7 1171.802
9.22 296.91448 440.87324 49503.195 -64597.6 5695.26 -70292.9 1174.9366
9.23 287.60719 87.260166 49438.665 -65138.3 5516.73 -70655.1 1174.9658
9.24 287.29862 -71.407595 49656.114 -64740.7 5510.82 -70251.5 1179.9901
9.25 290.04016 269.36918 49502.744 -64419.1 5563.4 -69982.5 1177.4697
9.26 287.15505 -77.773194 49608.205 -64735.8 5508.06 -70243.9 1180.5068
9.27 292.97275 -66.65427 49530.241 -64377.8 5619.65 -69997.4 1182.3187
9.28 285.06059 -538.54427 49559.666 -64500.5 5467.89 -69968.3 1181.037
9.29 290.21962 225.83203 49511.033 -64669.9 5566.84 -70236.7 1177.5627
9.3 299.18403 203.97731 49297.476 -64317.2 5738.8 -70056 1177.697
9.31 292.74913 -456.33415 49404.267 -64115.2 5615.36 -69730.5 1180.3105
9.32 285.35384 48.852738 49380.267 -64253.2 5473.51 -69726.7 1183.3158
9.33 283.1556 -301.03431 49608.68 -64549.7 5431.35 -69981.1 1182.896
9.34 299.084 -1.6753133 49167.984 -64177 5736.88 -69913.8 1176.2335
9.35 288.06576 142.02208 49089.71 -64588.2 5525.53 -70113.7 1176.8966
9.36 295.4836 95.41524 49389.439 -64309.7 5667.82 -69977.5 1183.1475
9.37 303.0114 91.617892 49105.84 -63906.9 5812.21 -69719.1 1178.1594
9.38 289.38227 71.361468 49328.493 -64162.8 5550.78 -69713.6 1183.8213
9.39 297.72446 -10.127319 49373.797 -63722.8 5710.8 -69433.6 1184.7169
9.4 282.93966 -233.43147 49303.891 -64166.9 5427.2 -69594.1 1182.0933
9.41 289.53352 -531.23078 49500.357 -64097.2 5553.68 -69650.8 1187.7664
9.42 300.88222 -396.20183 49190.294 -63623.4 5771.37 -69394.8 1183.4936
9.43 291.98686 -115.32406 49251.604 -64261.9 5600.74 -69862.6 1183.865
9.44 283.68351 -500.6745 49513.31 -64364.8 5441.47 -69806.3 1190.7255
9.45 289.6438 -402.97177 49515.46 -64451.4 5555.8 -70007.2 1190.9271
9.46 282.02197 -184.7706 49605.727 -64475.4 5409.6 -69885 1192.8721
9.47 287.61533 354.77662 49187.825 -64181.3 5516.89 -69698.2 1184.9682
9.48 289.97931 230.12069 49228.715 -64333.6 5562.23 -69895.8 1186.7625
9.49 288.19969 469.4199 49209.63 -64464.2 5528.1 -69992.3 1188.8373
9.5 285.49351 -218.28518 49235.152 -64276 5476.19 -69752.2 1189.523
9.51 291.05383 340.67648 49321.619 -64611.6 5582.85 -70194.4 1189.2227
9.52 296.63754 -529.09367 49579.867 -64328.2 5689.95 -70018.1 1194.8758
9.53 290.96573 -32.741096 49136.845 -63793.3 5581.16 -69374.4 1191.6127
9.54 300.60953 -122.14256 49324.896 -64385.9 5766.14 -70152 1198.8881
9.55 290.18636 326.66729 49109.205 -64222.9 5566.21 -69789.2 1197.7558
9.56 288.89049 256.23845 49285.671 -64638.9 5541.35 -70180.2 1199.0854
9.57 286.48653 -376.38495 49517.336 -64371.6 5495.24 -69866.9 1204.6253
9.58 289.54821 287.72117 49258.254 -64878 5553.97 -70432 1199.3476
9.59 285.9671 -189.18693 49498.814 -64595 5485.27 -70080.3 1202.4649
9.6 291.78385 -246.60342 49650.219 -64847.1 5596.85 -70444 1207.1479
9.61 289.85812 466.15537 49269.425 -64649.5 5559.91 -70209.4 1202.2237
9.62 284.32425 603.04087 49128.3 -64738.9 5453.76 -70192.7 1202.2817
9.63 299.58437 198.93301 49332.796 -64573 5746.47 -70319.4 1207.0434
9.64 282.66743 185.64431 49316.937 -64593.8 5421.98 -70015.8 1208.8877
9.65 294.96325 144.67217 49235.248 -64584 5657.83 -70241.8 1210.0583
9.66 282.23445 -142.08326 49493.492 -64391.1 5413.68 -69804.8 1216.1861
9.67 282.67939 179.42237 49361.54 -64729.2 5422.21 -70151.4 1209.4087
9.68 296.46266 25.317142 49583.078 -64587 5686.59 -70273.6 1215.4749
9.69 289.3376 -42.242455 49501.923 -64738.4 5549.93 -70288.3 1211.7282
9.7 287.9768 173.06421 49334.615 -64453.4 5523.82 -69977.2 1209.9425
9.71 293.50254 263.04228 49295.49 -64192.5 5629.82 -69822.3 1212.2209
9.72 285.00255 -124.43427 49612.879 -64497.5 5466.77 -69964.2 1218.5213
9.73 306.89362 363.57245 49414.896 -63988.7 5886.68 -69875.3 1216.2927
9.74 284.31621 -48.737756 49309.514 -64470.9 5453.61 -69924.5 1213.1444
9.75 284.29074 -93.689494 49315.795 -63974 5453.12 -69427.2 1211.147
9.76 286.2469 34.583999 49127.318 -64485.6 5490.64 -69976.2 1207.5092
9.77 295.79778 -522.08596 49430.414 -64095.1 5673.84 -69768.9 1209.9176
9.78 283.55405 -12.022298 49266.504 -64514.6 5438.99 -69953.5 1208.6877
9.79 285.76921 -301.55057 49404.686 -64279.2 5481.48 -69760.7 1213.367
9.8 289.19897 144.27109 49211.417 -64419.9 5547.27 -69967.1 1210.4621
9.81 289.68757 -254.48334 49515.521 -64300.6 5556.64 -69857.3 1215.2258
9.82 281.86652 26.375785 49385.427 -64773.5 5406.62 -70180.1 1217.0398
9.83 291.01488 -258.64867 49358.849 -64291.6 5582.1 -69873.7 1218.4577
9.84 291.23021 -183.44365 49346.612 -64264.7 5586.23 -69850.9 1219.0503
9.85 280.82526 121.58363 49251.408 -64610.7 5386.65 -69997.3 1221.5971
9.86 287.46816 -295.16849 49446.355 -64613.9 5514.07 -70128 1221.8895
9.87 294.15371 -272.34308 49294.61 -64396.6 5642.31 -70038.9 1220.1427
9.88 282.51717 -177.59928 49496.443 -64711.7 5419.1 -70130.8 1221.3828
9.89 285.8498 -6.4660718 49514.883 -64573.4 5483.02 -70056.4 1223.6175
9.9 295.98729 -263.17167 49405.735 -64305.9 5677.48 -69983.3 1221.9258
9.91 282.7947 -45.810934 49415.482 -64847.8 5424.42 -70272.2 1221.9667
9.92 296.67623 163.78637 49316.824 -64603.8 5690.69 -70294.5 1220.6516
9.93 278.98904 -247.5892 49439.717 -64647.9 5351.43 -69999.3 1222.8252
9.94 283.31953 14.590357 49531.166 -64868.1 5434.49 -70302.6 1226.0774
9.95 292.02521 72.809342 49334.931 -64564.1 5601.48 -70165.6 1223.7753
9.96 284.9595 146.16472 49380.811 -64752.5 5465.95 -70218.5 1225.1974
9.97 289.24256 391.95086 49292.807 -64272 5548.1 -69820.1 1225.0593
9.98 296.4118 18.9923 49565.304 -64552.9 5685.62 -70238.5 1229.0388
