0 292.11024 -1001.5573 50114.139 -62834.1 5759.76 -68593.9 9.7715713
0.01 281.14798 -484.04915 50003.798 -63214.3 5543.61 -68757.9 19.874855
0.02 284.38261 -206.15464 50092.262 -63070.6 5607.39 -68678 27.539228
0.03 290.36321 -432.38507 50286.775 -63355.4 5725.32 -69080.8 32.501284
0.04 288.50465 -865.4702 50107.504 -63053.2 5688.67 -68741.9 38.121644
0.05 285.76942 -225.51759 50194.291 -63061.2 5634.74 -68696 43.974037
0.06 296.62197 -601.92296 50421.889 -62495 5848.72 -68343.7 51.770374
0.07 293.63348 -806.44338 50195.435 -62983.3 5789.8 -68773.1 59.521925
0.08 293.57629 -558.86338 49862.485 -63089.7 5788.67 -68878.4 66.080087
0.09 286.99416 159.32923 49992.742 -62896.3 5658.89 -68555.2 74.46856
0.1 291.69397 -940.28189 50249.107 -63006.9 5751.56 -68758.5 81.763806
0.11 284.25978 -748.88087 50201.73 -63396.4 5604.97 -69001.4 88.749378
0.12 293.48031 -368.88538 49889.452 -63323.9 5786.78 -69110.6 95.719141
0.13 291.98948 -427.28256 50185.254 -63024.3 5757.38 -68781.7 105.48831
0.14 295.08737 -545.95378 50210.85 -63397.8 5818.47 -69216.3 112.46294
0.15 292.48356 -913.84984 50130.957 -63265.6 5767.12 -69032.7 118.02068
0.16 293.58391 -530.11384 50367.527 -63738.9 5788.82 -69527.7 122.71908
0.17 295.43533 -635.31477 50740.834 -63720.5 5825.33 -69545.8 129.03535
0.18 286.22561 -735.50238 50259.733 -63832.8 5643.73 -69476.5 133.2623
0.19 287.7412 -999.3561 50426.863 -63651.1 5673.62 -69324.7 139.6641
0.2 296.35108 -559.50491 50738.594 -64161.3 5843.38 -70004.7 145.20519
0.21 298.04178 -894.87101 50571.906 -63994 5876.72 -69870.8 147.89902
0.22 295.35 -800.53568 50649.61 -64522 5823.64 -70345.6 151.38079
0.23 292.74754 -861.77122 50742.315 -64194.7 5772.33 -69967 155.4512
0.24 292.84086 -652.97145 50484.268 -64495.3 5774.17 -70269.5 157.86146
0.25 281.5798 -1066.1733 50415.72 -64737.5 5552.13 -70289.7 161.20774
0.26 290.63732 -212.44756 50392.659 -64745.8 5730.72 -70476.6 164.55887
0.27 286.72029 -873.41745 50676.573 -64615.7 5653.49 -70269.2 168.92739
0.28 306.93508 -722.26221 50882.845 -64403.8 6052.08 -70455.9 172.21119
0.29 289.81283 -658.53504 50473.924 -64400.4 5714.46 -70114.9 175.00817
0.3 294.25253 -413.34935 50619.065 -64848.3 5802 -70650.3 179.20861
0.31 292.06329 -732.30694 50622.341 -64917.8 5758.84 -70676.6 184.25918
0.32 290.154 -642.25473 50689.2 -64894.7 5721.19 -70615.9 187.74671
0.33 299.24339 -215.10062 50581.502 -64897.8 5900.41 -70798.2 189.37642
0.34 296.19296 49.227699 50468.486 -65202.5 5840.27 -71042.8 190.68859
0.35 301.04639 -468.90477 50577.208 -65277.2 5935.96 -71213.2 193.29311
0.36 285.99964 -620.31626 50991.325 -65194.6 5639.28 -70833.9 196.82848
0.37 297.84081 -288.76618 50590.01 -64801.4 5872.76 -70674.1 197.26792
0.38 285.50854 -475.49556 50657.481 -65346.4 5629.59 -70976 200.44026
0.39 299.95167 -555.23296 50502.774 -64763.7 5914.38 -70678.1 201.68709
0.4 288.28782 -456.49731 50903.706 -65326.3 5684.39 -71010.7 205.09852
0.41 294.08059 -180.54202 50624.608 -65237.5 5798.61 -71036.1 206.58964
0.42 291.35086 -379.78347 50735.858 -65448.7 5744.79 -71193.5 209.80889
0.43 294.22617 354.27526 50318.32 -65115.9 5801.48 -70917.4 209.73242
0.44 291.66805 -672.89523 50764.024 -65475.7 5751.04 -71226.7 212.89827
0.45 283.74019 -1158.6288 51094.006 -65449.6 5594.72 -71044.3 216.74323
0.46 293.24255 -2.9044905 50412.141 -65079.3 5782.09 -70861.4 216.48363
0.47 290.38163 -679.1264 51085.858 -65355 5725.68 -71080.6 220.64568
0.48 293.89054 -130.73889 50761.72 -65429.2 5794.87 -71224.1 218.02321
0.49 286.85409 -628.33493 50812.828 -65448.4 5656.12 -71104.5 220.43629
0.5 290.59109 -162.829 50532.741 -65692.8 5729.81 -71422.6 221.248
0.51 285.08082 -613.36188 50900.569 -65980.8 5621.16 -71602 223.36841
0.52 291.35425 -546.56026 50965.583 -65553.2 5744.86 -71298 225.37055
0.53 300.35687 66.383457 50641.323 -65926.1 5922.37 -71848.5 225.5266
0.54 302.59124 -877.87904 51165.051 -65075.5 5966.43 -71041.9 228.01548
0.55 286.9977 -237.04012 50914.145 -66172.7 5658.96 -71831.7 227.14552
0.56 287.34193 -505.60958 51039.588 -66390 5665.74 -72055.7 227.77126
0.57 292.27562 -394.34862 51043.489 -66641.8 5763.02 -72404.9 227.38473
0.58 292.82463 -181.77391 51023.297 -67010.2 5773.85 -72784 227.4972
0.59 295.36155 -347.75982 51170.435 -67282.2 5823.87 -73106 229.25777
0.6 288.08258 -1263.4665 51510.847 -67482.3 5680.35 -73162.6 230.14972
0.61 290.62605 -820.59783 51301.791 -67318.7 5730.5 -73049.2 229.9498
0.62 281.74642 -622.10399 51457.181 -67656.7 5555.41 -73212.1 230.4846
0.63 289.97671 -386.74947 51341.486 -67454.1 5717.69 -73171.8 229.92883
0.64 291.21923 -422.65054 51428.156 -67672 5742.19 -73414.2 230.14632
0.65 294.06538 -344.85435 51413.866 -67170 5798.31 -72968.3 230.41104
0.66 287.08575 -164.78291 51276.577 -67738.6 5660.69 -73399.3 229.9503
0.67 286.04936 -547.36278 51632.506 -67485.5 5640.26 -73125.8 231.18368
0.68 295.77234 -560.08562 51517.316 -67702.8 5831.97 -73534.8 230.56588
0.69 299.12096 -299.07278 51528.854 -67430.4 5898 -73328.4 230.76185
0.7 287.89332 -61.779991 51329.001 -67729.4 5676.61 -73406 230.0478
0.71 282.6355 -1045.4185 51849.807 -67887.6 5572.94 -73460.5 231.68517
0.72 287.52613 -380.9949 51526.628 -67731 5669.37 -73400.4 231.42127
0.73 279.68863 -66.536768 51348.071 -67731.4 5514.84 -73246.2 230.39703
0.74 284.5877 -1049.906 51838.84 -67903.1 5611.44 -73514.5 231.94248
0.75 292.02783 -743.01332 51688.206 -67666.6 5758.14 -73424.8 231.78928
0.76 289.77253 -85.579452 51400.859 -67823.4 5713.67 -73537 230.99427
0.77 289.82676 -371.18061 51522.739 -67758.5 5714.74 -73473.3 230.72726
0.78 296.11706 -924.36344 51799.018 -67516.8 5838.77 -73355.6 232.08409
0.79 292.55055 -604.05008 51640.154 -67852.1 5768.45 -73620.6 231.14288
0.8 301.59281 -542.6547 51636.277 -67536.1 5946.74 -73482.8 231.21138
0.81 298.65774 -413.6563 51569.229 -68086 5888.87 -73974.8 231.04604
0.82 290.56522 -6.6404213 51505.941 -67683.2 5729.3 -73412.5 230.48708
0.83 299.0941 -649.17862 51636.059 -67788.5 5897.47 -73686 231.411
0.84 281.50768 -245.56233 51499.092 -67528.7 5550.7 -73079.4 231.02472
0.85 293.82166 -393.10292 51576.464 -67909.5 5793.51 -73703 231.58058
0.86 290.75207 -275.51195 51618.721 -67648.8 5732.98 -73381.8 232.17748
0.87 286.7251 -571.29048 51648.426 -68071.8 5653.58 -73725.4 232.05213
0.88 289.31031 -179.15791 51452.539 -67773.3 5704.55 -73477.9 231.73899
0.89 286.87503 -197.71157 51501.225 -67649.2 5656.54 -73305.7 231.38974
0.9 283.37076 -749.10363 51744.78 -67972.5 5587.44 -73559.9 232.15926
0.91 294.97476 -653.48664 51730.535 -67689.6 5816.25 -73505.9 232.26067
0.92 288.99052 -652.50242 51697.814 -67968.5 5698.25 -73666.7 232.22758
0.93 292.70326 -399.38939 51565.359 -67707.2 5771.46 -73478.7 231.67703
0.94 275.06236 -806.12396 51733.386 -68014.1 5423.62 -73437.7 232.19046
0.95 295.82056 -871.04886 51829.828 -67706.4 5832.92 -73539.3 232.74105
0.96 290.4642 -576.63338 51665.829 -67737 5727.31 -73464.3 231.61905
0.97 286.26301 -473.71913 51556.122 -67817.5 5644.47 -73462 231.34592
0.98 290.08186 -622.14908 51746.048 -67871 5719.77 -73590.8 232.36794
0.99 289.00876 -307.50256 51629.66 -67560.7 5698.61 -73259.3 231.74715
1 290.30811 -614.0123 51765.892 -67887.7 5724.23 -73611.9 232.28458
1.01 304.49281 -622.90712 51746.069 -67434.9 6003.92 -73438.8 232.23597
1.02 288.52445 -397.25004 51602.907 -67822 5689.06 -73511.1 231.78397
1.03 299.84812 -336.94237 51652.998 -67844.3 5912.34 -73756.6 232.07657
1.04 286.70666 -668.17057 51677.823 -67975.4 5653.22 -73628.6 232.13536
1.05 287.45525 -754.36166 51755.631 -67956.8 5667.98 -73624.8 232.08822
1.06 292.50711 -253.82761 51546.224 -67458.7 5767.59 -73226.2 232.08721
1.07 293.51532 -267.69347 51586.994 -67851.2 5787.47 -73638.7 231.67845
1.08 313.39882 -783.85564 51810.036 -67145.2 6179.53 -73324.7 232.30807
1.09 290.48971 -922.94083 51819.096 -67821 5727.81 -73548.8 232.66749
1.1 301.60821 -107.98336 51471.652 -67513.3 5947.04 -73460.3 231.28714
1.11 285.76429 -531.81181 51655.339 -67978.4 5634.64 -73613.1 231.7578
1.12 304.50445 -625.9337 51731.826 -67504.5 6004.15 -73508.7 232.06738
1.13 272.80301 -534.9994 51583.42 -67951.9 5379.07 -73330.9 231.89145
1.14 282.23652 -538.20645 51624.764 -68004 5565.08 -73569.1 231.44618
1.15 282.74258 -338.45864 51535.171 -67933.5 5575.05 -73508.5 231.76775
1.16 290.77949 -371.27836 51549.84 -67764.6 5733.52 -73498.1 231.31122
1.17 284.17918 -899.16703 51797.73 -67961.3 5603.38 -73564.7 232.59089
1.18 293.71695 -628.42749 51769.734 -67605.6 5791.44 -73397 232.40967
1.19 293.45504 -475.61906 51603.996 -67940.1 5786.28 -73726.3 231.8146
1.2 289.57615 -462.42106 51670.361 -67697.4 5709.8 -73407.2 231.91038
1.21 297.09245 -1161.8259 51978.044 -67855.4 5858 -73713.4 233.2412
1.22 292.47047 -854.09967 51872.814 -67812.5 5766.87 -73579.4 232.94994
1.23 286.14968 -716.73279 51689.334 -67907.5 5642.23 -73549.8 231.95067
1.24 300.17358 -411.68168 51486.965 -67550.6 5918.75 -73469.3 231.21881
1.25 292.11302 -624.46395 51524.402 -67769.5 5759.82 -73529.3 231.32671
1.26 289.39328 -279.42218 51562.215 -67631.6 5706.19 -73337.8 231.82005
1.27 285.05214 -545.32337 51692.704 -67986.4 5620.59 -73607 232.42331
1.28 290.28012 -1289.6109 52095.323 -67738.2 5723.68 -73461.9 233.7312
1.29 288.72183 -143.55288 51460.201 -67736.2 5692.95 -73429.2 231.41439
1.3 290.95863 -821.60284 51744.201 -67790.7 5737.06 -73527.8 231.70468
1.31 301.74697 -541.25411 51712.794 -67767.2 5949.78 -73717 231.85293
1.32 288.99941 -636.896 51763.101 -67784 5698.42 -73482.4 232.352
1.33 292.68916 -307.74035 51554.393 -67688.8 5771.18 -73460 231.3303
1.34 301.47878 -755.20411 51785.886 -67408.1 5944.49 -73352.6 232.30121
1.35 295.83798 -842.71992 51846.779 -67843.5 5833.27 -73676.7 232.75723
1.36 288.81926 -632.00644 51715.711 -67778.4 5694.87 -73473.3 232.17474
1.37 289.54723 -290.13316 51596.541 -67632.1 5709.23 -73341.4 231.76673
1.38 290.98951 -409.09392 51570.507 -67647.6 5737.66 -73385.3 231.60712
1.39 279.40923 -697.28095 51747.374 -67964.6 5509.33 -73473.9 231.87145
1.4 288.08549 -805.08986 51686.032 -67716.5 5680.4 -73396.9 231.64341
1.41 292.35841 -657.85447 51551.611 -67898.2 5764.66 -73662.9 231.50481
1.42 295.62949 -722.06637 51807.888 -67649.5 5829.16 -73478.7 232.39351
1.43 298.76239 -210.51034 51475.515 -67920.6 5890.93 -73811.5 231.6804
1.44 286.99985 -998.01004 51699.511 -67638.8 5659 -73297.8 232.14076
1.45 280.23987 -683.27627 51658.582 -68054.9 5525.71 -73580.6 231.73356
1.46 289.95892 -522.86296 51599.453 -67518.3 5717.34 -73235.7 231.50573
1.47 275.03426 -518.59223 51564.491 -67889.7 5423.06 -73312.8 231.57986
1.48 282.6988 -586.39984 51765.579 -67652.4 5574.19 -73226.6 232.32932
1.49 275.42197 -432.30563 51623.06 -67927.1 5430.71 -73357.8 232.49827
1.5 291.09744 -1294.9895 52089.046 -67658.8 5739.79 -73398.6 232.98862
1.51 281.151 -790.48273 51780.269 -68029.5 5543.67 -73573.1 231.99075
1.52 290.49675 -32.011775 51307.266 -67885.3 5727.95 -73613.3 230.38278
1.53 297.19803 -196.6633 51492.414 -67558.7 5860.08 -73418.8 231.17172
1.54 288.20583 -730.3129 51676.284 -68062.8 5682.78 -73745.6 231.54547
1.55 291.86643 -514.01434 51560.899 -67761.8 5754.96 -73516.8 231.29719
1.56 288.62682 -465.15556 51632.411 -67873.4 5691.08 -73564.5 231.3921
1.57 288.66424 -642.19853 51647.955 -67927 5691.82 -73618.8 231.6296
1.58 284.64011 -431.46241 51586.844 -67904.1 5612.47 -73516.6 231.37507
1.59 295.50574 -333.75762 51639.256 -67473.1 5826.71 -73299.8 231.56011
1.6 287.07886 -632.53652 51728.289 -67817.6 5660.56 -73478.1 231.99021
1.61 294.90141 -642.66012 51776.019 -67737.9 5814.8 -73552.7 231.99919
1.62 285.07889 -452.2199 51747.524 -68099.2 5621.12 -73720.3 232.4872
1.63 292.73625 60.539558 51442.52 -67844.8 5772.11 -73616.9 231.19571
1.64 293.23212 -221.67824 51567.93 -67871.1 5781.88 -73653 231.30402
1.65 296.1474 -710.23919 51822.695 -67640.6 5839.37 -73479.9 232.34467
1.66 298.77725 -453.5712 51677.495 -67690.8 5891.22 -73582 231.97625
1.67 285.02299 -640.63228 51842.195 -67909.4 5620.02 -73529.5 232.38475
1.68 284.7735 -30.485235 51597.484 -67734.8 5615.1 -73349.9 231.52129
1.69 291.04552 -544.50035 51792.672 -67630.9 5738.77 -73369.6 232.4347
1.7 295.83374 -732.81883 51705.263 -67931.1 5833.18 -73764.3 231.76599
1.71 287.56085 -656.67014 51788.635 -67673.1 5670.06 -73343.2 232.21283
1.72 297.50909 255.59788 51369.168 -67986.6 5866.22 -73852.8 231.08472
1.73 281.93522 -861.34949 51927.099 -67798.3 5559.13 -73357.4 232.52094
1.74 283.26631 -346.66529 51696.23 -68071.3 5585.38 -73656.6 231.91319
1.75 290.85954 -406.75514 51621.608 -67668.6 5735.1 -73403.7 231.37417
1.76 293.59796 -14.188278 51467.37 -67836.6 5789.1 -73625.7 231.34204
1.77 286.72346 -1125.079 51920.107 -68021.3 5653.55 -73674.9 232.29117
1.78 290.41826 -487.16619 51567.577 -67850.1 5726.4 -73576.5 231.12793
1.79 286.59184 -759.55101 51825.582 -67836.3 5650.95 -73487.2 232.25334
1.8 286.46221 135.42665 51431.344 -67801.9 5648.4 -73450.3 231.18595
1.81 302.26562 -126.84864 51452.927 -67916.9 5960 -73876.9 230.54658
1.82 285.09258 -451.21575 51612.007 -67716.8 5621.39 -73338.2 231.62729
1.83 291.38019 -758.69879 51773.448 -67624.4 5745.37 -73369.8 232.59809
1.84 307.14807 -906.30912 51936.658 -67727.8 6056.28 -73784.1 232.92562
1.85 275.57445 135.26872 51317.559 -68095.3 5433.71 -73529.1 230.94915
1.86 296.56228 -637.56423 51722.678 -67714.2 5847.55 -73561.8 232.35053
1.87 289.97294 -717.1492 51723.009 -67832.5 5717.62 -73550.1 231.82518
1.88 290.68002 -838.27122 51867.059 -67559.6 5731.56 -73291.2 232.84307
1.89 292.8638 -553.73593 51788.34 -67812.3 5774.62 -73586.9 232.50873
1.9 302.78991 -0.50580594 51485.515 -67616.8 5970.34 -73587.2 231.816
1.91 289.36863 -512.70854 51815.979 -68132.7 5705.7 -73838.5 232.16261
1.92 299.26706 -767.87986 51831.659 -67783.5 5900.88 -73684.4 232.34898
1.93 293.53164 -641.14617 51947.901 -67817.1 5787.79 -73604.8 232.88092
1.94 294.90768 -498.37514 51649.003 -67719.7 5814.92 -73534.6 231.55427
1.95 290.75034 -668.79387 51781.564 -67792.1 5732.95 -73525.1 232.01469
1.96 278.45052 -701.03267 51724.944 -67998.7 5490.42 -73489.1 232.13102
1.97 288.46706 -402.7132 51580.466 -67654 5687.93 -73342 231.68944
1.98 293.25108 -468.21546 51600.477 -67848.9 5782.26 -73631.1 231.39466
1.99 294.13561 -668.49179 51854.344 -67619.6 5799.7 -73419.3 231.98184
2 287.88076 -812.44379 51870.953 -67814.9 5676.37 -73491.2 232.67657
2.01 292.77253 -694.23684 51805.597 -67688 5772.82 -73460.9 232.63021
2.02 279.83658 -412.04526 51653.352 -68004.9 5517.75 -73522.7 231.88857
2.03 298.20905 -360.29968 51641.44 -67771.9 5880.02 -73651.9 232.11209
2.04 292.44852 335.29267 51309.601 -67974.4 5766.43 -73740.9 230.93314
2.05 301.59149 -694.33203 51790.309 -67659.9 5946.71 -73606.6 231.74559
2.06 292.91623 -192.34481 51491.012 -67788.4 5775.66 -73564 230.73187
2.07 286.29318 -458.78333 51689.616 -67905.8 5645.06 -73550.9 231.44154
2.08 294.5176 126.33179 51369.179 -67914.1 5807.23 -73721.3 230.29146
2.09 286.34866 -702.59908 51752.334 -67802.8 5646.16 -73449 231.9558
2.1 277.73631 -733.78401 51722.086 -67992.9 5476.34 -73469.3 231.92319
2.11 293.24276 -954.23745 51821.801 -67694.3 5782.09 -73476.4 232.19021
2.12 296.70816 -1078.3708 51988.178 -67482.9 5850.42 -73333.3 232.26534
2.13 292.64181 -834.82716 51817.178 -67766.8 5770.24 -73537.1 232.20241
2.14 289.98314 -585.96752 51772.979 -67708.3 5717.82 -73426.1 231.77446
2.15 291.07946 -381.65061 51520.615 -68007.9 5739.44 -73747.3 231.43338
2.16 299.10084 -472.04938 51650.69 -67540.7 5897.6 -73438.3 231.2944
2.17 288.13699 -94.383282 51462.017 -67813.9 5681.42 -73495.4 230.97738
2.18 288.91656 -242.34416 51533.716 -67670 5696.79 -73366.8 231.51404
2.19 283.1832 -523.25472 51774.276 -67826.9 5583.74 -73410.6 232.17512
2.2 301.33754 -711.47013 51861.213 -67487.6 5941.71 -73429.3 232.24844
2.21 297.76173 -900.31556 51809.226 -67776.1 5871.2 -73647.3 231.93949
2.22 293.59753 -832.5308 51691.58 -67761.4 5789.09 -73550.5 231.8142
2.23 288.04421 -948.00984 51892.196 -67740.1 5679.59 -73419.7 231.45997
2.24 286.70017 -654.58038 51641.267 -67845.8 5653.09 -73498.9 231.01097
2.25 296.99214 -499.32157 51645.556 -67704.3 5856.02 -73560.4 230.83653
2.26 283.12969 -575.43818 51674.743 -68015.8 5582.69 -73598.5 231.63644
2.27 297.24314 -455.83008 51608.098 -67622.6 5860.97 -73483.6 231.19784
2.28 284.33263 -519.0168 51634.915 -67718 5606.41 -73324.4 231.42403
2.29 301.93974 -371.00986 51613.988 -67693.9 5953.58 -73647.5 231.39591
2.3 298.91768 -942.05055 51842.351 -67740.2 5893.99 -73634.2 231.84805
2.31 305.25269 -215.77459 51506.63 -67507.6 6018.9 -73526.5 230.60436
2.32 288.21658 -898.54921 51764.078 -67674.4 5682.99 -73357.4 231.79255
2.33 279.74518 -319.90631 51421.119 -68154 5515.95 -73669.9 230.65955
2.34 291.10989 -558.06632 51672.375 -67688.8 5740.04 -73428.9 231.51012
2.35 283.41913 -619.13795 51668.452 -67979.5 5588.39 -73567.9 231.4684
2.36 298.01393 -693.02212 51687.999 -67859.9 5876.17 -73736.1 230.94396
2.37 290.47804 -786.51161 51700.087 -67945 5727.58 -73672.6 231.04094
2.38 290.12307 -555.51676 51704.194 -67744.1 5720.58 -73464.7 231.29628
2.39 283.61169 -1191.2589 51895.041 -68072.3 5592.19 -73664.5 232.17155
2.4 293.5517 -440.75321 51619.662 -67629.5 5788.19 -73417.7 231.48972
2.41 292.07918 -1116.5406 52025.461 -67908.9 5759.15 -73668.1 232.76074
2.42 295.13157 -739.35154 51776.686 -67792.1 5819.34 -73611.4 231.92222
2.43 287.6229 -46.099498 51445.231 -67975.3 5671.28 -73646.5 230.85299
2.44 289.52767 -115.30633 51353.926 -67670.1 5708.84 -73379 230.18781
2.45 285.28115 -748.80153 51669.245 -67776.5 5625.11 -73401.6 231.67529
2.46 282.41073 -493.14018 51575.027 -67944.9 5568.51 -73513.4 231.25251
2.47 295.80468 -482.70947 51570.736 -67700.4 5832.61 -73533 231.33386
2.48 284.17418 -983.34941 51876.391 -68008.4 5603.28 -73611.7 232.03581
2.49 283.92874 -653.37214 51641.897 -67632.4 5598.44 -73230.9 231.63092
2.5 293.95954 -592.7493 51628.265 -67954.4 5796.23 -73750.6 231.52462
2.51 296.21764 -485.85943 51540.217 -67501.7 5840.75 -73342.5 231.44345
2.52 292.72215 -385.07156 51580.873 -67850.4 5771.83 -73622.2 231.25339
2.53 291.91726 -1037.0468 51824.33 -67657.3 5755.96 -73413.3 231.82959
2.54 282.57609 -68.108933 51328.067 -68038.8 5571.77 -73610.6 230.38827
2.55 293.83931 -785.12263 51649.051 -67549.7 5793.86 -73343.5 231.01616
2.56 298.29565 -657.4943 51659.451 -67730.9 5881.73 -73612.6 230.82439
2.57 297.02039 -498.06197 51551.62 -67615.6 5856.58 -73472.2 231.18546
2.58 292.45317 -574.17358 51582.395 -67781 5766.53 -73547.5 230.67587
2.59 298.96159 -762.20656 51725.224 -67576.1 5894.86 -73470.9 231.2423
2.6 294.30152 -28.905486 51346.25 -67751.2 5802.97 -73554.2 230.81595
2.61 289.00866 -244.74794 51355.841 -67795 5698.61 -73493.6 230.52227
2.62 293.97555 -703.17931 51623.568 -67584.6 5796.54 -73381.1 231.46281
2.63 283.24253 -109.59766 51443.046 -68125.9 5584.91 -73710.8 230.81356
2.64 289.94155 -499.40074 51524.897 -67661.3 5717 -73378.3 230.91565
2.65 300.50399 -354.0537 51505.355 -67516.5 5925.27 -73441.8 230.39479
2.66 295.3997 -343.62609 51624.537 -67846.6 5824.62 -73671.2 231.18779
2.67 291.38067 -286.14789 51487.233 -67741.5 5745.38 -73486.9 230.61268
2.68 281.26404 -436.77247 51544.02 -67875.3 5545.9 -73421.2 230.93689
2.69 293.86605 66.388756 51310.117 -67728 5794.38 -73522.4 230.02073
2.7 288.58242 -315.21122 51431.125 -67928.3 5690.2 -73618.5 230.58842
2.71 301.41512 -154.72842 51501.173 -67715.1 5943.23 -73658.3 230.84907
2.72 293.13453 -788.16587 51713.301 -67778 5779.96 -73558 231.3052
2.73 297.06891 -618.583 51785.805 -67676.3 5857.54 -73533.9 232.09792
2.74 300.31638 -1145.0785 51964.685 -67553.9 5921.57 -73475.4 232.29722
2.75 287.85995 -148.07281 51477.394 -67853.3 5675.96 -73529.3 230.72654
2.76 291.05312 -390.9713 51621.472 -67736.5 5738.92 -73475.4 230.72554
2.77 286.6662 -638.06912 51736.213 -67929.9 5652.42 -73582.4 231.52385
2.78 305.2195 -426.74088 51666.972 -67331.2 6018.25 -73349.4 231.19895
2.79 295.69782 -204.85641 51479.09 -67876.2 5830.5 -73706.7 230.89711
2.8 296.61522 -628.35986 51613.526 -67542.8 5848.59 -73391.4 231.1124
2.81 287.43034 -332.34446 51495.324 -67948.7 5667.49 -73616.2 230.99007
2.82 290.79607 -554.40152 51591.965 -67700.8 5733.85 -73434.6 230.94381
2.83 279.59213 -577.07338 51595.637 -68097.4 5512.93 -73610.3 231.04743
2.84 289.70861 -843.48167 51810.386 -67667.6 5712.41 -73380 232.10024
2.85 296.44656 -309.53902 51554.299 -67852.2 5845.27 -73697.5 231.49057
2.86 296.63508 -951.16324 51877.843 -67439.6 5848.98 -73288.5 232.13716
2.87 290.36938 -207.25988 51450.623 -67886.3 5725.44 -73611.8 231.08484
2.88 295.06906 -450.26445 51516.074 -67470.9 5818.1 -73289 230.91781
2.89 279.47986 -661.51432 51628.535 -67900.6 5510.72 -73411.3 231.50502
2.9 296.11944 -283.22674 51515.059 -67586.8 5838.82 -73425.6 231.38044
2.91 290.16771 -268.98023 51411.608 -67690.7 5721.46 -73412.2 230.54936
2.92 287.24732 -812.42362 51780.162 -67681 5663.88 -73344.9 231.62366
2.93 297.28927 -496.44151 51530.745 -67515.9 5861.88 -73377.8 230.86863
2.94 290.5213 -106.35212 51271.627 -67746.9 5728.43 -73475.3 230.61399
2.95 293.24625 -627.25685 51698.055 -67616.4 5782.16 -73398.6 232.02083
2.96 294.89387 -666.14777 51732.576 -67594.5 5814.65 -73409.1 232.0213
2.97 288.18844 -517.6184 51680.782 -67839.9 5682.43 -73522.4 231.5547
2.98 296.87556 -422.04562 51580.362 -67733.8 5853.72 -73587.6 231.77842
2.99 285.3163 -949.89653 51856.314 -67974.6 5625.8 -73600.4 232.04967
3 296.29267 -392.79401 51715.275 -67497.6 5842.23 -73339.9 231.68155
3.01 294.00533 -330.29618 51651.155 -67796.3 5797.13 -73593.5 231.83241
3.02 285.23517 -309.83455 51569.608 -67944.9 5624.2 -73569.1 231.75555
3.03 292.45155 -636.1714 51798.297 -67490.4 5766.49 -73256.9 232.3467
3.04 293.84144 -595.70298 51819.913 -67769.1 5793.9 -73563 232.81894
3.05 284.08056 -723.73215 51729.339 -67988 5601.44 -73589.5 231.99842
3.06 297.31816 -17.976058 51540.232 -67681.2 5862.45 -73543.6 231.5439
3.07 279.52506 -755.08657 51744.555 -67970.8 5511.61 -73482.4 232.25546
3.08 297.17691 -664.49426 51737.377 -67602.5 5859.67 -73462.2 232.37233
3.09 298.38714 -474.37445 51682.387 -67854.8 5883.53 -73738.3 232.38011
3.1 293.01591 -636.09017 51795.665 -67676.5 5777.62 -73454.1 232.72568
3.11 283.63878 -372.90077 51708.144 -67984.2 5592.72 -73576.9 232.51753
3.12 284.92175 -928.17337 51896.716 -67932.8 5618.02 -73550.9 233.08
3.13 284.78812 -497.76051 51676.141 -67760.1 5615.39 -73375.5 232.32841
3.14 293.65911 -580.32891 51723.63 -67619.8 5790.3 -73410.1 232.15492
3.15 288.89995 -747.33156 51813.951 -67991.9 5696.46 -73688.4 233.24832
3.16 295.53761 -477.89845 51688.261 -67451.5 5827.34 -73278.8 232.49231
3.17 279.3866 -854.03115 51814.961 -67831.3 5508.88 -73340.2 232.63952
3.18 294.33999 -608.84053 51780.924 -67454.1 5803.73 -73257.9 232.97337
3.19 289.86377 -673.8847 51778.326 -67725.5 5715.47 -73441 232.6638
3.2 288.77531 -155.06461 51513.612 -68213.9 5694.01 -73907.9 232.15727
3.21 291.60472 -346.35471 51639.983 -67669.3 5749.8 -73419.1 232.79982
3.22 291.72912 -1036.5924 51833.014 -67889.1 5752.25 -73641.3 232.22563
3.23 287.81157 -289.01862 51630.136 -67783.5 5675 -73458.5 232.15978
3.24 289.44375 -287.66534 51498.288 -67603.3 5707.19 -73310.4 231.66423
3.25 300.0281 -670.02211 51729.708 -67637.2 5915.89 -73553.1 232.24308
3.26 278.72746 -544.06645 51717.108 -67943.5 5495.88 -73439.4 232.24581
3.27 277.23756 -825.87108 51725.342 -67874 5466.51 -73340.5 232.39458
3.28 293.54461 -823.97711 51869.693 -67623.8 5788.05 -73411.8 233.19794
3.29 292.25917 -645.20178 51858.526 -67845.9 5762.7 -73608.6 233.20831
3.3 290.76121 -542.22468 51713.693 -67551.2 5733.16 -73284.4 232.91943
3.31 289.64403 -610.32301 51727.585 -67837.1 5711.13 -73548.2 232.71969
3.32 290.15942 -604.29243 51760.592 -67766.4 5721.3 -73487.7 232.82818
3.33 283.93789 -708.60615 51768.997 -67984.4 5598.62 -73583 232.51716
3.34 298.60862 -748.48414 51791.295 -67339.4 5887.9 -73227.3 233.23241
3.35 289.06229 -242.34055 51594.752 -67983.8 5699.66 -73683.4 232.32842
3.36 292.73922 104.90733 51407.903 -67636.4 5772.17 -73408.6 231.55302
3.37 290.06064 -495.53158 51766.376 -67791.5 5719.35 -73510.8 232.89234
3.38 294.36605 -309.47245 51687.119 -67576.6 5804.24 -73380.9 232.63745
3.39 295.13707 -342.84387 51656.983 -67926.1 5819.45 -73745.6 232.54183
3.4 296.30037 -96.10554 51435.189 -67700.5 5842.38 -73542.9 231.37309
3.41 293.70642 -455.03994 51623.908 -67984.3 5791.24 -73775.6 232.36244
3.42 294.04899 -929.21676 51797.755 -67806.2 5797.99 -73604.2 232.57079
3.43 298.23704 -525.47382 51723.331 -67550 5880.57 -73430.6 232.43128
3.44 299.68281 -45.255891 51424.629 -67887.1 5909.08 -73796.2 231.65898
3.45 290.78289 -356.62222 51666.933 -67739.8 5733.59 -73473.4 232.34349
3.46 292.51344 -373.95017 51650.814 -67642.6 5767.71 -73410.3 232.58507
3.47 289.25697 13.175902 51451.348 -68009.5 5703.5 -73713 232.13719
3.48 283.85217 -550.51541 51680.621 -67856.4 5596.93 -73453.3 232.36823
3.49 289.83944 -601.39916 51738.48 -68001.1 5714.99 -73716.1 232.63737
3.5 292.85524 -447.80381 51575.078 -67595.6 5774.45 -73370.1 232.04665
3.51 283.80031 -439.99019 51627.735 -67921.7 5595.91 -73517.6 232.62714
3.52 298.44563 -659.55072 51672.608 -67235.9 5884.68 -73120.6 232.42665
3.53 293.20568 -280.7386 51556.91 -67925.4 5781.36 -73706.7 232.07043
3.54 292.33316 59.064353 51538.6 -67608.6 5764.16 -73372.8 232.12652
3.55 276.87525 -722.65399 51678.224 -67964.7 5459.36 -73424.1 232.11027
3.56 295.54251 -69.844278 51486.566 -67716.9 5827.44 -73544.3 232.0472
3.57 292.33697 -691.6271 51789.415 -67796.1 5764.23 -73560.3 233.13865
3.58 289.10019 -355.36465 51550.661 -67825.9 5700.41 -73526.3 232.03931
3.59 290.22163 -429.58622 51582.291 -67927.7 5722.52 -73650.2 231.95322
3.6 288.77867 8.125369 51401.991 -67868.5 5694.07 -73562.6 231.45958
3.61 288.58973 -429.16417 51778.62 -67687.6 5690.35 -73378 232.4344
3.62 295.98989 98.965607 51416.601 -67787.1 5836.26 -73623.4 231.51275
3.63 293.10316 -321.16975 51634.699 -67845.8 5779.34 -73625.1 232.01604
3.64 300.65849 -697.58105 51641.359 -67404.9 5928.32 -73333.2 232.01222
3.65 284.84074 -338.38515 51565.491 -67931.3 5616.43 -73547.7 232.07734
3.66 282.66531 -207.29539 51474.723 -67977.3 5573.53 -73550.8 232.09731
3.67 298.88455 -354.39008 51748.304 -67532.5 5893.34 -73425.9 232.99114
3.68 291.82287 -428.82491 51598.45 -67867.7 5754.1 -73621.8 232.50735
3.69 294.20787 -1040.5553 51923.336 -67578.2 5801.12 -73379.3 233.16522
3.7 290.36879 8.8962215 51462.292 -67833.3 5725.43 -73558.7 231.90985
3.71 294.84716 -396.66639 51550.157 -67532.2 5813.73 -73345.9 231.82409
3.72 292.61831 -884.35658 51779.561 -67825.1 5769.78 -73594.9 233.00391
3.73 290.85162 -562.43502 51653.615 -67492 5734.95 -73226.9 232.66057
3.74 288.36238 -408.42995 51567.699 -67947 5685.86 -73632.9 232.05743
3.75 287.55008 -708.9753 51792.406 -67763.4 5669.85 -73433.2 233.17464
3.76 298.52812 -141.23387 51617.444 -67564.7 5886.31 -73451 232.9027
3.77 290.43905 -501.14296 51619.035 -67871.6 5726.81 -73598.4 232.84529
3.78 298.37984 -490.17519 51719.949 -67428.8 5883.39 -73312.2 232.51434
3.79 300.57046 -558.10786 51602.133 -67605.9 5926.58 -73532.4 232.31661
3.8 291.00289 -622.10601 51686.191 -67945.8 5737.93 -73683.7 233.16676
3.81 294.32491 -244.50833 51546.52 -67639.2 5803.43 -73442.7 232.09801
3.82 291.69481 -502.36882 51625.805 -67878.1 5751.57 -73629.7 232.67292
3.83 292.6999 -804.4235 51711.872 -67940.1 5771.39 -73711.5 232.44717
3.84 273.50116 -881.3513 51777.4 -67958.2 5392.83 -73351 232.9174
3.85 304.0673 -690.76072 51793.211 -67496.4 5995.53 -73491.9 233.01886
3.86 290.52538 -670.26464 51715.74 -67873.4 5728.51 -73601.9 232.77286
3.87 296.68103 -321.3227 51462.433 -67661.6 5849.89 -73511.5 231.53416
3.88 299.43012 -200.39024 51672.503 -67653 5904.09 -73557.1 232.43591
3.89 285.15512 -681.66931 51736.686 -67817.2 5622.62 -73439.8 233.03869
3.9 298.65923 -538.45557 51720.169 -67379.7 5888.89 -73268.6 232.91378
3.91 290.65939 -592.05156 51697.822 -67744.7 5731.16 -73475.8 232.45204
3.92 298.40079 -542.04062 51755.039 -67650.9 5883.8 -73534.7 232.20466
3.93 288.80766 -867.24512 51928.492 -67807.2 5694.64 -73501.9 233.5481
3.94 292.30356 -281.12864 51627.081 -67615.2 5763.58 -73378.7 232.88025
3.95 294.00305 -171.15852 51541.744 -67854.5 5797.09 -73651.6 231.88749
3.96 298.30259 -567.50313 51811.892 -67607.2 5881.86 -73489 232.63468
3.97 289.45338 -209.38375 51434.267 -67726.9 5707.38 -73434.2 231.7116
3.98 294.19411 -282.88918 51463.013 -67800.8 5800.85 -73601.6 231.71603
3.99 284.6151 -893.7218 51837.683 -68027.9 5611.98 -73639.9 232.77309
4 292.32197 163.93524 51276.762 -67630.2 5763.94 -73394.1 230.82189
4.01 292.35823 -814.00367 51867.658 -67616 5764.65 -73380.6 233.12642
4.02 290.17329 -583.4623 51706.741 -67757.1 5721.57 -73478.6 232.92575
4.03 293.26999 -123.9958 51395.733 -67749.1 5782.63 -73531.7 231.14372
4.04 292.29335 -534.18325 51719.188 -67790.8 5763.37 -73554.2 232.97148
4.05 284.49488 -307.88527 51662.574 -67787.1 5609.61 -73396.7 232.3927
4.06 298.52339 -272.92443 51555.882 -67550.8 5886.22 -73437 231.57211
4.07 289.18027 -504.56261 51738.183 -67845.7 5701.99 -73547.7 232.5988
4.08 296.20953 -617.51936 51851.422 -67574 5840.59 -73414.6 233.07285
4.09 277.66468 65.954865 51325.972 -68511.2 5474.93 -73986.2 231.01586
4.1 293.93682 -762.93571 51784.881 -67808.1 5795.78 -73603.8 232.8925
4.11 292.54107 334.21396 51176.185 -67808.8 5768.26 -73577.1 230.26718
4.12 285.25781 -738.17054 51663.768 -67999.7 5624.65 -73624.3 232.4617
4.13 281.55777 -536.72953 51612.302 -67707.1 5551.69 -73258.8 231.84954
4.14 286.43302 -58.570515 51328.736 -67910.1 5647.82 -73557.9 231.3812
4.15 290.76154 -626.80839 51686.896 -67666.9 5733.17 -73400 232.33156
4.16 286.40969 -714.22094 51737.162 -67909.8 5647.36 -73557.2 232.58374
4.17 298.44971 -591.33452 51824.633 -67531.6 5884.76 -73416.4 233.20803
4.18 288.61062 -1060.565 51930.002 -67797 5690.76 -73487.7 233.30197
4.19 292.87706 -557.23157 51719.098 -67757.3 5774.88 -73532.2 232.94774
4.2 286.09917 -752.8945 51853.014 -67612 5641.24 -73253.2 233.00678
4.21 293.03091 -110.97369 51557.233 -67910.2 5777.92 -73688.2 231.96197
4.22 293.83325 86.157159 51397.527 -67737.1 5793.74 -73530.8 231.66841
4.23 290.23713 -561.52071 51787.246 -68064.7 5722.83 -73787.5 232.9033
4.24 296.06196 -363.68454 51696.649 -67608.1 5837.68 -73445.8 232.82937
4.25 287.49694 -982.24806 51838.332 -67926.2 5668.8 -73595 232.84508
4.26 295.59343 -652.16304 51725.521 -67745.1 5828.44 -73573.5 232.58878
4.27 289.66667 -393.39444 51726.724 -67912 5711.58 -73623.5 232.7859
4.28 292.28184 -569.97956 51615.596 -67736.1 5763.15 -73499.3 232.11917
4.29 290.74298 -776.63871 51812.704 -67749.2 5732.8 -73482 232.73975
4.3 290.04553 -340.68476 51570.09 -68213.2 5719.05 -73932.2 232.20099
4.31 295.07134 -400.01829 51711.655 -67698.5 5818.15 -73516.6 232.59507
4.32 293.08814 -446.43362 51691.234 -67758.2 5779.05 -73537.2 232.63405
4.33 293.92463 -625.52588 51653.557 -67840.3 5795.54 -73635.9 232.22602
4.34 297.95453 -349.69144 51618.242 -67651.5 5875 -73526.5 232.22992
4.35 276.4169 -603.71543 51682.648 -68334.4 5450.33 -73784.8 232.71349
4.36 297.9952 -1483.8028 52227.841 -67643.7 5875.8 -73519.5 234.67501
4.37 299.25575 -181.6025 51616.041 -67715.5 5900.66 -73616.1 232.29403
4.38 286.71073 -659.93792 51811.539 -68092.8 5653.3 -73746.1 233.14168
4.39 299.93239 -492.79605 51732.839 -67627.9 5914 -73541.9 232.5116
4.4 285.44322 -315.31379 51631.647 -67900.7 5628.3 -73529 232.57145
4.41 296.49546 -963.25822 51917.942 -67564.3 5846.23 -73410.6 233.32701
4.42 286.3241 -397.96944 51590.714 -68041.7 5645.67 -73687.3 232.2868
4.43 282.97292 -811.66647 51984.904 -68142 5579.6 -73721.6 234.01186
4.44 294.28909 -624.46848 51801.257 -67723.6 5802.73 -73526.3 232.8703
4.45 285.40044 -154.9394 51558.893 -67849.8 5627.46 -73477.3 232.30575
4.46 292.67949 -272.34057 51599.637 -67603.7 5770.99 -73374.7 232.19607
4.47 285.34401 -751.09751 51878.09 -67783.9 5626.35 -73410.3 233.33497
4.48 288.12566 -815.42668 51851.207 -67651.9 5681.2 -73333.1 233.14502
4.49 293.16306 -597.36223 51744.48 -68005.8 5780.52 -73786.3 232.92671
4.5 285.62286 -449.50223 51690.015 -67990.8 5631.85 -73622.7 232.81369
4.51 294.5217 -374.8587 51589.138 -67753.3 5807.31 -73560.6 232.26199
4.52 287.71424 34.1555 51468.111 -67974.6 5673.08 -73647.7 232.30903
4.53 295.10033 -529.21441 51660.655 -67656.3 5818.72 -73475 232.56828
4.54 286.49493 -86.970004 51343.272 -67760.4 5649.04 -73409.4 231.51224
4.55 297.96459 -586.03157 51622.472 -67436.6 5875.2 -73311.8 232.88379
4.56 287.45875 -265.34697 51438.88 -67593.7 5668.05 -73261.7 231.64685
4.57 276.23338 -589.34498 51513.966 -68213.1 5446.71 -73659.9 231.35494
4.58 297.69538 439.12363 51179.057 -67698.3 5869.89 -73568.2 230.69231
4.59 285.72252 -27.360118 51373.499 -68082.4 5633.81 -73716.2 231.51526
4.6 289.71338 -270.98394 51517.437 -67847.1 5712.5 -73559.6 231.74456
4.61 296.59528 -1111.3115 51961.59 -67400.9 5848.2 -73249.1 233.20297
4.62 293.30891 -648.30764 51719.651 -67864.5 5783.4 -73647.9 232.44396
4.63 292.13451 -47.183966 51445.03 -67626 5760.24 -73386.3 231.71857
4.64 286.82029 -385.32025 51631.171 -67919.7 5655.46 -73575.2 232.27712
4.65 295.2865 -516.91672 51614.297 -67691 5822.39 -73513.4 232.44723
4.66 286.43577 -633.81851 51634.101 -67978.4 5647.88 -73626.2 232.25017
4.67 296.01446 -337.21497 51414.573 -67668.9 5836.75 -73505.6 231.51418
4.68 297.80177 16.275718 51386.557 -67499.1 5871.99 -73371.1 231.21803
4.69 285.52014 -1074.1918 51806.911 -67902.3 5629.82 -73532.1 233.32851
4.7 287.54526 -654.43092 51572.69 -67737.3 5669.75 -73407 231.7441
4.71 286.12013 -82.197899 51352.793 -68117.5 5641.65 -73759.2 231.41727
4.72 287.89307 -342.78297 51497.466 -67867.5 5676.61 -73544.1 231.18847
4.73 287.04831 -646.30321 51727.98 -67778 5659.95 -73437.9 232.54948
4.74 287.67334 -922.35849 51756.389 -67765 5672.28 -73437.3 232.2467
4.75 291.40112 -479.64884 51591.127 -67856.8 5745.78 -73602.6 231.82919
4.76 292.36287 -583.29199 51668.677 -67547.5 5764.74 -73312.2 232.33041
4.77 283.28698 -383.50702 51577.592 -67849.4 5585.79 -73435.2 232.16613
4.78 297.37033 -413.66618 51580.24 -67758 5863.48 -73621.5 232.33666
4.79 296.53189 -457.60387 51596.229 -67879.5 5846.95 -73726.4 231.99712
4.8 285.00779 -576.39889 51756.231 -67699.6 5619.72 -73319.4 232.81675
4.81 287.80751 -200.97148 51523.034 -67960.6 5674.92 -73635.5 231.9277
4.82 290.49287 -657.9168 51739.725 -67807.6 5727.87 -73535.5 232.58628
4.83 292.88094 -910.87545 51789.817 -67591.2 5774.96 -73366.1 232.56731
4.84 280.70179 -395.50118 51611.265 -67973.4 5534.81 -73508.2 232.27747
4.85 295.74096 -866.54037 51870.916 -67595.5 5831.35 -73426.8 232.81988
4.86 291.83624 587.46923 51096.474 -68040.9 5754.36 -73795.2 230.76823
4.87 286.12447 -559.48064 51600.775 -67709.9 5641.74 -73351.6 232.31893
4.88 288.38924 -696.34441 51725.202 -67817.1 5686.39 -73503.5 232.72316
4.89 296.70131 -416.54666 51501.714 -67720.9 5850.29 -73571.2 231.89109
4.9 297.96688 -200.28092 51543.998 -67673.9 5875.24 -73549.1 232.09889
4.91 298.12323 138.17047 51355.027 -67675.3 5878.33 -73553.7 231.82354
4.92 286.34954 -388.47452 51537.277 -67884.1 5646.17 -73530.3 232.08453
4.93 292.46598 -389.29079 51521.643 -67667.1 5766.78 -73433.9 231.60426
4.94 288.68547 -514.56845 51628.005 -67734.7 5692.23 -73427 231.79351
4.95 284.72844 -669.71594 51685.237 -68167.9 5614.21 -73782.2 231.92866
4.96 289.58325 -379.67585 51463.762 -67587.8 5709.94 -73297.7 231.62206
4.97 288.42358 -729.74458 51735.196 -67772.5 5687.07 -73459.6 232.2607
4.98 287.9408 -553.12665 51599.003 -67708.7 5677.55 -73386.3 231.99307
4.99 308.6461 -547.19496 51681.051 -67342.7 6085.81 -73428.5 232.14231
5 282.95277 -447.10741 51732.59 -67831.2 5579.2 -73410.4 232.82021
5.01 300.19224 -361.86552 51577.889 -67500.3 5919.12 -73419.4 232.26236
5.02 293.53767 -359.34371 51617.622 -67703.2 5787.91 -73491.1 232.1334
5.03 284.13121 -472.81573 51731.788 -68002.6 5602.43 -73605 232.59596
5.04 297.14524 -1008.7629 51943.76 -67738.3 5859.04 -73597.3 233.22926
5.05 285.74018 -296.05204 51518.722 -68121 5634.16 -73755.2 231.84343
5.06 288.74111 -240.85739 51560.946 -67878.5 5693.33 -73571.8 232.10459
5.07 297.11213 -594.08734 51824.796 -67630.3 5858.39 -73488.7 233.18325
5.08 287.90586 -860.37363 51904.111 -67994.6 5676.86 -73671.5 232.7907
5.09 287.97262 -333.33195 51620.547 -67721.7 5678.18 -73399.9 232.01722
5.1 290.32817 -2.7916128 51477.01 -68032.1 5724.62 -73756.7 231.58196
5.11 291.243 -801.97267 51863.852 -67770.1 5742.66 -73512.8 232.75048
5.12 288.70136 -763.4008 51711.731 -67990.7 5692.55 -73683.2 232.28869
5.13 287.11649 -747.46906 51788.58 -67742.5 5661.3 -73403.8 232.31931
5.14 286.91512 -640.56016 51807.351 -67925.6 5657.33 -73582.9 232.86302
5.15 291.66491 -221.64633 51611.043 -67690.9 5750.98 -73441.9 232.06584
5.16 292.22141 -405.40368 51697.939 -67781.2 5761.96 -73543.2 232.28915
5.17 286.90297 -892.8894 51783.376 -68011.9 5657.09 -73668.9 232.41965
5.18 292.23092 -92.123982 51552.115 -67832.3 5762.14 -73594.5 231.95547
5.19 290.69088 -640.35991 51774.77 -68015.4 5731.78 -73747.2 232.75819
5.2 298.87317 -727.37494 51773.747 -67507 5893.11 -73400.1 232.64176
5.21 279.96504 270.3556 51348.581 -67923.2 5520.29 -73443.5 231.72405
5.22 294.90992 -329.58629 51509.645 -67757.3 5814.97 -73572.3 232.17166
5.23 284.77679 -221.91623 51542.908 -67992.3 5615.16 -73607.5 231.69163
5.24 293.78633 -447.85245 51628.024 -67645.5 5792.81 -73438.3 231.8982
5.25 282.4282 -652.11264 51669.497 -67893.6 5568.86 -73462.4 232.03287
5.26 292.78907 -149.85705 51571.034 -67686.3 5773.15 -73459.5 231.94269
5.27 293.23348 -513.13985 51632.003 -67862.1 5781.91 -73644 232.36249
5.28 299.40957 -91.206866 51518.569 -67545.2 5903.69 -73448.8 232.081
5.29 301.4374 -601.93442 51825.59 -67725.3 5943.67 -73668.9 232.88471
5.3 282.69518 -749.54497 51926.996 -68003.9 5574.12 -73578 233.36982
5.31 282.22601 -1204.404 52031.269 -67716.2 5564.87 -73281.1 233.29739
5.32 290.6595 -695.25195 51766.463 -67832.2 5731.16 -73563.3 232.82689
5.33 302.01125 -348.65226 51689.216 -67437.5 5954.99 -73392.5 232.74634
5.34 287.88083 -134.24953 51523.774 -67783.1 5676.37 -73459.5 232.18326
5.35 297.89792 -541.76412 51764.588 -67618.7 5873.88 -73492.6 232.90171
5.36 285.88862 -561.88377 51718.813 -67977.1 5637.09 -73614.2 232.63955
5.37 293.12809 -322.28108 51589.851 -67691.2 5779.83 -73471 232.14482
5.38 283.57933 -395.05287 51555.504 -68271.4 5591.55 -73862.9 231.86546
5.39 294.51183 -608.23102 51693.483 -67568.1 5807.12 -73375.2 232.51224
5.4 285.27142 -338.31012 51591.112 -67963.9 5624.92 -73588.8 232.40165
5.41 291.51702 61.333823 51360.76 -67727.1 5748.07 -73475.2 231.67011
5.42 289.41363 -344.99796 51526.176 -67784.5 5706.59 -73491.1 232.24794
5.43 289.77605 -301.55336 51677.303 -67864.4 5713.74 -73578.1 232.94505
5.44 292.1 -430.75419 51644.704 -67626.6 5759.56 -73386.2 232.3437
5.45 294.1118 -653.21244 51619.527 -67824.3 5799.23 -73623.5 232.23431
5.46 290.41139 -627.24825 51655.376 -67764.7 5726.27 -73491 232.00319
5.47 301.51268 -503.28927 51496.483 -67625.3 5945.16 -73570.5 231.83056
5.48 288.27448 -666.18897 51568.107 -67948 5684.13 -73632.2 232.22493
5.49 289.18488 -358.2943 51455.713 -67765.6 5702.08 -73467.7 231.36921
5.5 282.62114 184.67489 51277.207 -68075.9 5572.66 -73648.5 231.27916
5.51 297.26759 -890.08009 51730.458 -67648.4 5861.45 -73509.9 232.80255
5.52 298.4365 -648.41445 51690.909 -67448 5884.5 -73332.5 232.38826
5.53 289.93814 180.17733 51285.834 -67837.6 5716.93 -73554.5 231.39619
5.54 305.83219 -336.13046 51620.633 -67326.7 6030.33 -73357 232.59303
5.55 286.82197 -460.30467 51656.2 -67860.9 5655.49 -73516.4 232.67081
5.56 281.2437 -803.17137 51768.357 -67983.6 5545.5 -73529.1 233.01604
5.57 298.94207 -241.94841 51573.098 -67581.5 5894.47 -73475.9 232.39933
5.58 284.78378 -235.01309 51506.933 -67725.2 5615.3 -73340.5 232.40467
5.59 284.53212 -710.24118 51837.693 -67969.9 5610.34 -73580.3 233.34221
5.6 290.57296 -265.28817 51562.662 -67713.4 5729.45 -73442.9 232.32057
5.61 284.01616 -976.19375 51934.822 -68062.8 5600.17 -73663 233.68529
5.62 284.29463 -550.59096 51722.645 -67713.5 5605.66 -73319.2 233.00153
5.63 287.47374 -245.08134 51569.964 -67743.8 5668.34 -73412.1 232.17909
5.64 291.84807 -993.77768 51946.984 -67764.6 5754.59 -73519.2 233.69177
5.65 295.57517 -732.51778 51871.982 -67596.6 5828.08 -73424.7 233.4707
5.66 287.385 -535.78898 51736.005 -68042 5666.59 -73708.6 233.11598
5.67 288.20096 -1206.5528 52011.841 -67726.3 5682.68 -73408.9 233.94074
5.68 288.76436 -348.91989 51628.914 -68066.6 5693.79 -73760.4 233.15315
5.69 298.26831 -274.07505 51607.613 -67742.2 5881.19 -73623.4 232.67662
5.7 286.70605 -707.35269 51777.345 -67658.1 5653.2 -73311.3 233.33852
5.71 285.70736 -224.76165 51555.846 -67950.1 5633.51 -73583.6 232.97546
5.72 300.68078 -326.61361 51630.228 -67429.7 5928.76 -73358.4 233.32801
5.73 288.57814 -504.59536 51706.465 -67845.8 5690.12 -73536 233.30797
5.74 302.7185 -360.17177 51596.237 -67478.2 5968.93 -73447.1 232.81393
5.75 284.11041 -942.3033 51805.684 -67835.6 5602.02 -73437.6 232.82085
5.76 290.01491 -1025.5971 51949.573 -67760.7 5718.45 -73479.1 233.96967
5.77 288.86815 -568.91232 51619.928 -67971.4 5695.84 -73667.2 232.64527
5.78 285.51392 -975.48724 51782.997 -67694.2 5629.7 -73323.9 233.11724
5.79 302.00698 -392.36872 51657.793 -67677.2 5954.9 -73632.1 233.08688
5.8 282.01517 -644.3457 51665.467 -67858.1 5560.71 -73418.8 233.0002
5.81 296.60401 126.09022 51324.269 -67631.5 5848.37 -73479.8 232.34663
5.82 292.9998 -446.81961 51553.792 -67744.3 5777.3 -73521.6 232.66433
5.83 296.52893 -952.39055 51824.064 -67636.3 5846.89 -73483.2 233.80206
5.84 287.51023 -1171.3246 52071.47 -67802 5669.06 -73471.1 234.65297
5.85 302.27099 -651.36712 51824.911 -67484.9 5960.11 -73445 233.69285
5.86 284.15815 -357.10799 51603.09 -67869.6 5602.97 -73472.6 232.76429
5.87 286.78451 -393.58817 51706.658 -67598.5 5654.75 -73253.3 232.87254
5.88 289.17333 -941.10731 51858.816 -67698.4 5701.85 -73400.2 233.13171
5.89 287.62523 -419.36566 51702.387 -67731.6 5671.33 -73402.9 233.35992
5.9 287.01779 -1.3639021 51401.26 -67759.3 5659.35 -73418.7 232.24659
5.91 289.68844 -838.17207 51731.135 -67458.2 5712.01 -73170.2 233.33062
5.92 285.44638 -1035.8903 51850.711 -67853.4 5628.37 -73481.8 233.4663
5.93 294.29521 -617.27877 51729.241 -67480.3 5802.85 -73283.2 232.78468
5.94 284.94977 -744.07067 51705.17 -67738 5618.57 -73356.6 233.09281
5.95 290.36781 -498.73006 51552.699 -67614.2 5725.41 -73339.6 232.69677
5.96 291.63706 -559.16863 51697.756 -67776.9 5750.43 -73527.4 233.1539
5.97 300.50292 -490.25465 51680.213 -67625.3 5925.25 -73550.6 233.06946
5.98 294.70931 -151.97124 51505.224 -67883.7 5811.01 -73694.7 233.04495
5.99 291.38789 -523.43566 51663.647 -67630.7 5745.52 -73376.2 232.8573
6 289.70711 -375.76625 51635.55 -67668.4 5712.38 -73380.8 232.80343
6.01 284.68908 -403.0607 51697.012 -67780.2 5613.43 -73393.7 233.31787
6.02 290.94349 -587.53675 51743.624 -67688.9 5736.76 -73425.7 233.3331
6.03 287.51426 -468.08781 51606.797 -67940.3 5669.14 -73609.5 232.9401
6.04 293.59938 -452.34853 51728.078 -67486.3 5789.13 -73275.4 233.60448
6.05 290.43618 -400.91538 51601.165 -67874.4 5726.75 -73601.2 232.84346
6.06 301.76181 -714.13791 51801.791 -67487.6 5950.07 -73437.7 233.90867
6.07 282.00472 -1076.2199 51956.034 -67891.7 5560.51 -73452.2 233.80547
6.08 293.1829 -196.74278 51589.067 -67654.4 5780.91 -73435.3 232.86874
6.09 286.57425 -348.66243 51561.833 -67992.1 5650.61 -73642.7 233.18843
6.1 289.43293 -350.21309 51613.591 -67706.8 5706.97 -73413.8 232.82817
6.11 283.87465 -173.4601 51495.144 -67861.4 5597.38 -73458.7 232.59788
6.12 297.75892 -588.87624 51798.793 -67498 5871.14 -73369.2 233.89098
6.13 288.42585 -540.43205 51709.549 -67977.9 5687.12 -73665 233.59478
6.14 298.20319 -633.94574 51694.211 -67889.3 5879.9 -73769.3 233.08636
6.15 289.21029 -411.36368 51641.834 -67723.4 5702.58 -73426 233.26653
6.16 284.23307 -1158.6762 51960.746 -67964.6 5604.44 -73569 234.27541
6.17 289.19736 -381.13144 51557.933 -67963.7 5702.33 -73666 232.82514
6.18 282.32849 -382.00003 51548.733 -67745.1 5566.89 -73312 233.05205
6.19 279.56095 -606.39821 51679.419 -67952.4 5512.32 -73464.7 233.40205
6.2 295.28532 -891.34442 51829.181 -67688 5822.37 -73510.3 234.20565
6.21 291.21606 -375.15076 51627.789 -67934.9 5742.13 -73677 233.09603
6.22 295.72469 -459.00965 51636.835 -67861.7 5831.03 -73692.7 233.08505
6.23 288.46954 -553.69444 51697.999 -67921.2 5687.98 -73609.2 233.65741
6.24 285.99573 -762.99536 51810.723 -67823.2 5639.2 -73462.4 233.80139
6.25 292.21507 -402.68199 51638.854 -67938 5761.83 -73699.8 233.72212
6.26 294.90728 -398.30941 51705.677 -67676.2 5814.91 -73491.1 233.71418
6.27 274.6954 -1051.794 51902.334 -68007.6 5416.38 -73424 233.96294
6.28 303.70519 -594.18105 51685.224 -67380 5988.39 -73368.4 233.04221
6.29 293.37071 -681.07168 51793.962 -67911.6 5784.62 -73696.2 233.58195
6.3 290.03408 -398.76534 51616.409 -68073.3 5718.83 -73792.1 233.29237
6.31 299.26897 -363.36498 51637.34 -67745.5 5900.92 -73646.4 233.70241
6.32 279.56236 -52.295113 51463.919 -68210.3 5512.35 -73722.6 232.90667
6.33 292.74453 -643.39142 51784.141 -67769.9 5772.27 -73542.2 233.78491
6.34 287.43509 -603.72411 51773.922 -67519.1 5667.58 -73186.7 234.23192
6.35 285.80708 -885.74471 51799.088 -67888.2 5635.48 -73523.6 234.19679
6.36 294.28144 -584.05889 51788.42 -67597.6 5802.57 -73400.1 234.04468
6.37 290.76932 -415.95475 51682.166 -67893.1 5733.32 -73626.4 233.36952
6.38 295.00737 -818.95758 51856.105 -67663.2 5816.89 -73480.1 234.07173
6.39 291.34372 -55.340596 51557.148 -67753.6 5744.65 -73498.3 233.03931
6.4 284.66074 -598.02349 51740.955 -67854.9 5612.88 -73467.7 234.09884
6.41 293.26133 -655.28108 51865.729 -67735.7 5782.46 -73518.1 234.48707
6.42 286.33248 71.195371 51403.378 -68131.1 5645.84 -73777 232.68306
6.43 290.75875 -609.97858 51709.607 -67941.8 5733.11 -73674.9 233.81928
6.44 291.72987 106.65668 51443.562 -67851.9 5752.26 -73604.1 233.4145
6.45 299.04034 -343.30926 51517.155 -67729.4 5896.41 -73625.8 232.691
6.46 292.52642 -681.72819 51672.497 -67554.1 5767.97 -73322.1 233.27549
6.47 294.97172 -559.58072 51843.975 -67606.1 5816.19 -73422.3 234.17248
6.48 282.62491 -947.8187 51917.07 -67852.4 5572.73 -73425.1 233.64317
6.49 292.73962 -569.92442 51701.553 -67597.7 5772.17 -73369.8 233.20928
6.5 278.95896 -999.837 51864.536 -68013.6 5500.45 -73514.1 233.91187
6.51 295.77662 -497.97354 51613.681 -67643.1 5832.06 -73475.2 233.09122
6.52 287.16769 -274.25562 51478.44 -67768.9 5662.31 -73431.2 232.30291
6.53 286.80985 -715.8822 51739.229 -67729.2 5655.25 -73384.4 233.37783
6.54 292.59536 -508.75639 51581.897 -67734.7 5769.33 -73504.1 233.02454
6.55 285.26618 -580.95062 51602.137 -67857.2 5624.81 -73482 233.16742
6.56 286.92293 -350.52079 51588.606 -67929.9 5657.48 -73587.4 233.2022
6.57 289.91489 -604.32256 51610.919 -67863.2 5716.48 -73579.7 233.32084
6.58 295.43388 96.28093 51290.995 -67736.6 5825.3 -73561.9 232.09204
6.59 295.67197 -803.37622 51756.264 -67568.2 5829.99 -73398.2 233.42814
6.6 290.41529 -24.804219 51480.159 -67824.7 5726.34 -73551 233.45753
6.61 278.66687 -246.45063 51574.129 -67916 5494.69 -73410.6 233.37035
6.62 289.98301 -645.98893 51694.792 -67811.2 5717.82 -73529 233.88762
6.63 298.88385 -411.53789 51675.951 -67392.7 5893.32 -73286.1 233.72696
6.64 284.69464 -765.27656 51835.429 -67795.7 5613.54 -73409.2 234.11718
6.65 287.33728 -615.69251 51647.691 -67639.3 5665.65 -73305 232.96246
6.66 285.2685 -675.74886 51734.184 -68078.5 5624.86 -73703.4 233.91204
6.67 289.63587 -1264.3529 52049.772 -67614.5 5710.97 -73325.5 234.71679
6.68 289.91253 -697.2231 51749.538 -67768.3 5716.43 -73484.7 233.56705
6.69 293.49613 -163.01651 51572.83 -67819.9 5787.09 -73606.9 233.28144
6.7 279.68918 -152.04729 51460.282 -67947.4 5514.85 -73462.3 232.94043
6.71 297.14379 -548.93356 51676.058 -67373.3 5859.01 -73232.3 233.42589
6.72 289.39373 -820.48203 51818.759 -67938.6 5706.2 -73644.8 233.94655
6.73 286.38995 -958.1851 51842.891 -67525.9 5646.97 -73172.9 234.06088
6.74 286.07957 -197.76737 51492.031 -67888.6 5640.85 -73529.4 232.92797
6.75 299.03784 -388.1668 51609.985 -67813.5 5896.36 -73709.8 233.5068
6.76 292.60872 -640.68978 51781.008 -67820.2 5769.59 -73589.7 233.77486
6.77 283.97163 60.683348 51546.3 -67790.5 5599.29 -73389.8 233.37854
6.78 299.61469 -46.516634 51595.636 -67505.1 5907.73 -73412.8 233.4099
6.79 294.5073 -587.57743 51738.608 -67802.5 5807.03 -73609.5 233.59002
6.8 290.97275 -365.19647 51578.557 -67744.1 5737.33 -73481.4 233.23369
6.81 294.60756 -427.51902 51571.365 -67556.9 5809 -73365.9 233.38013
6.82 292.54197 -652.85944 51668.907 -67836.3 5768.28 -73604.6 233.28808
6.83 302.00181 -354.92809 51560.094 -67470.5 5954.8 -73425.3 233.57537
6.84 284.53106 170.34096 51300.652 -67976.8 5610.32 -73587.1 232.34987
6.85 283.76382 -79.657338 51422.666 -67969.7 5595.19 -73564.9 232.89516
6.86 296.01197 -454.24088 51692.495 -67471.7 5836.7 -73308.4 234.02778
6.87 287.25665 -344.26702 51624.18 -67827.2 5664.06 -73491.3 233.25025
6.88 294.93542 -243.85456 51559.065 -67713.2 5815.47 -73528.6 232.99841
6.89 298.23017 -214.82351 51541.592 -67787.1 5880.43 -73667.5 233.31379
6.9 294.62254 -426.3116 51628.882 -67714.5 5809.3 -73523.8 232.91992
6.91 298.22487 -147.31298 51510.512 -67642.2 5880.33 -73522.5 233.25053
6.92 286.0637 -878.32709 51842.26 -67849.2 5640.54 -73489.7 234.37658
6.93 291.42503 -172.34105 51555.936 -67610.9 5746.25 -73357.2 233.07149
6.94 282.56081 -471.32946 51552.029 -68035.3 5571.47 -73606.7 232.63644
6.95 287.52806 -155.88415 51394.425 -68034.1 5669.41 -73703.5 232.36036
6.96 298.29961 -217.17458 51568.502 -67710.2 5881.8 -73592 233.34721
6.97 282.47417 -551.89008 51706.269 -68146.6 5569.76 -73716.4 233.44594
6.98 296.82028 -656.04501 51793.004 -67614.5 5852.63 -73467.1 233.76584
6.99 290.51478 -374.90262 51684.126 -67882.9 5728.3 -73611.2 233.64663
7 294.89509 -371.34366 51613.162 -67702.1 5814.67 -73516.7 233.39321
7.01 277.45231 -612.28753 51714.446 -68159.9 5470.74 -73630.6 233.44722
7.02 289.53032 -783.57416 51771.445 -67772.5 5708.89 -73481.4 233.76361
7.03 285.03427 -479.51781 51758.255 -67909.9 5620.24 -73530.1 234.06507
7.04 289.47075 -486.35614 51678.247 -67960.4 5707.72 -73668.1 233.60699
7.05 283.47515 -646.38256 51829.407 -67906.9 5589.5 -73496.4 233.86696
7.06 299.51573 -114.36804 51483.943 -67674.9 5905.78 -73580.6 233.03444
7.07 285.85646 -232.45507 51628.619 -67840.7 5636.45 -73477.2 233.6113
7.08 305.32609 -662.02894 51788.998 -67096.4 6020.35 -73116.7 233.78706
7.09 286.23672 -926.38505 51958.859 -67846.6 5643.95 -73490.6 234.11875
7.1 299.89593 -81.019151 51483.175 -67535 5913.28 -73448.3 232.78646
7.11 286.53166 -513.20589 51732.5 -67887.3 5649.77 -73537.1 233.43435
7.12 291.6507 -310.72442 51687.03 -67644.3 5750.7 -73395 233.89969
7.13 294.02495 -368.70264 51669.433 -67873.9 5797.52 -73671.4 233.41763
7.14 293.58684 142.34539 51376.348 -67536 5788.88 -73324.8 232.75977
7.15 300.72807 -586.2519 51792.756 -67880.9 5929.69 -73810.5 234.2231
7.16 295.67472 -658.30211 51859.448 -67457.3 5830.05 -73287.3 234.72506
7.17 283.97009 -511.8939 51640.419 -67862.6 5599.26 -73461.8 233.91201
7.18 298.15591 -705.12842 51800.518 -67774.2 5878.97 -73653.2 234.14781
7.19 289.02255 -718.18313 51802.103 -67809.9 5698.88 -73508.8 233.86703
7.2 290.37274 -627.31073 51766.294 -67716 5725.5 -73441.5 233.79296
7.21 286.94423 -647.34034 51838.868 -67910.5 5657.9 -73568.4 234.38164
7.22 296.06912 -509.66771 51733.917 -67899.8 5837.82 -73737.6 234.0725
7.23 287.26595 -582.23673 51776.688 -67680.9 5664.24 -73345.2 234.42572
7.24 290.67301 -107.50033 51481.422 -67995.4 5731.42 -73726.8 232.91022
7.25 289.1846 -282.24289 51566.658 -67749 5702.08 -73451.1 233.42881
7.26 287.5871 -421.6345 51608.288 -67894.7 5670.58 -73565.3 233.20759
7.27 290.27668 -376.38693 51590.586 -67817.8 5723.61 -73541.4 233.50706
7.28 294.88595 -334.78889 51679.938 -67579.6 5814.49 -73394.1 233.6382
7.29 282.22715 -508.40284 51747.507 -67836 5564.89 -73400.9 234.19993
7.3 296.81303 -405.53636 51713.619 -67573.8 5852.49 -73426.3 233.72071
7.31 285.6986 -701.28863 51772.435 -67877.5 5633.34 -73510.8 233.78415
7.32 293.75878 -189.17095 51582.917 -67520.8 5792.27 -73313 233.53631
7.33 289.7878 -474.85683 51676.108 -67956 5713.97 -73670 234.06871
7.34 305.31782 -402.37349 51774.801 -67629.5 6020.19 -73649.7 234.09478
7.35 284.11301 147.52349 51417.528 -68289.6 5602.08 -73891.7 232.68526
7.36 297.87806 -843.07827 51886.757 -67698.1 5873.49 -73571.6 234.59216
7.37 277.57704 -977.29161 51909.428 -68092.4 5473.2 -73565.6 234.71801
7.38 282.87057 -601.65375 51683.89 -67809.6 5577.58 -73387.2 233.62388
7.39 285.77692 -181.10782 51576.083 -67837.9 5634.88 -73472.8 233.59769
7.4 289.67819 94.523487 51397.412 -67860.9 5711.81 -73572.8 232.81284
7.41 291.83461 -240.15948 51585.268 -67805.8 5754.33 -73560.1 232.85194
7.42 290.11647 -172.39249 51544.121 -68080.2 5720.45 -73800.7 233.36833
7.43 290.9728 -221.55824 51610.956 -67801.6 5737.34 -73539 233.52105
7.44 307.31595 -56.143486 51455.245 -67547.5 6059.59 -73607.1 233.08454
7.45 286.43961 -712.90643 51844.524 -67877.4 5647.95 -73525.3 234.42912
7.46 293.19152 -865.11863 51862.158 -67684.9 5781.08 -73465.9 234.1078
7.47 292.03897 12.835724 51418.957 -67796 5758.36 -73554.3 232.84222
7.48 286.34478 -424.17909 51655.803 -67873.7 5646.08 -73519.7 233.78675
7.49 295.17443 -496.77358 51797.823 -67453.8 5820.18 -73274 233.9237
7.5 295.45028 77.053535 51485.273 -67844.2 5825.62 -73669.8 233.51994
7.51 291.98315 -526.6085 51702.756 -67633.5 5757.26 -73390.8 233.72698
7.52 287.6648 -714.32633 51698.264 -68089.2 5672.11 -73761.3 233.78218
7.53 290.22416 -551.23894 51756.748 -67584.1 5722.57 -73306.7 233.75856
7.54 291.94179 -419.20202 51626.537 -67852.9 5756.44 -73609.3 233.86648
7.55 286.20682 -208.22674 51561.201 -67936.6 5643.36 -73579.9 233.2175
7.56 293.45918 -298.80314 51553.116 -67846.2 5786.36 -73632.6 233.09113
7.57 295.06728 -960.63482 51891.386 -67769.3 5818.07 -73587.3 234.18088
7.58 283.92888 -354.60536 51624.086 -67916 5598.45 -73514.5 233.11679
7.59 303.01068 -635.94174 51810.804 -67357.9 5974.7 -73332.6 233.44742
7.6 283.08194 -960.02954 51909.236 -68005.6 5581.75 -73587.4 234.10583
7.61 300.54483 -678.97757 51795.955 -67678.2 5926.07 -73604.3 233.94822
7.62 293.45307 -743.86974 51820.317 -67614.5 5786.24 -73400.8 233.70694
7.63 295.55932 -288.4605 51617.761 -67836.4 5827.77 -73664.1 233.63921
7.64 289.33892 -433.28894 51654.845 -67584 5705.12 -73289.1 233.41093
7.65 290.86783 -1052.3669 51940.473 -67835.3 5735.27 -73570.6 234.64825
7.66 294.10816 -520.12251 51711.328 -67436.3 5799.16 -73235.4 233.58923
7.67 295.4233 -752.41242 51809.157 -67840.9 5825.09 -73666 233.88191
7.68 291.3608 -774.61194 51804.468 -67631 5744.99 -73376 233.74313
7.69 297.88406 -1196.6019 51935.005 -67803 5873.61 -73676.6 234.15977
7.7 284.73585 -352.3753 51476.132 -68131.8 5614.36 -73746.1 232.41835
7.71 286.70037 -1082.8247 51914.003 -67802.7 5653.09 -73455.8 234.47926
7.72 290.38736 -816.6674 51799.544 -67495.7 5725.79 -73221.5 234.40438
7.73 285.96202 -131.1863 51521.637 -67890 5638.53 -73528.5 233.78341
7.74 292.24557 -210.48135 51626.409 -67683.2 5762.43 -73445.6 233.6561
7.75 292.66255 -421.45294 51669.82 -67753.7 5770.65 -73524.4 233.82506
7.76 287.6818 -940.30825 51798.366 -67693.3 5672.44 -73365.7 234.18976
7.77 291.02225 -661.82987 51745.083 -67993.1 5738.31 -73731.4 234.17596
7.78 295.78099 -146.95008 51522.121 -67629.6 5832.14 -73461.7 233.51958
7.79 290.85688 -486.26151 51548.348 -67838 5735.05 -73573.1 233.67173
7.8 300.44588 -92.547386 51426.458 -67567.7 5924.12 -73491.9 233.86204
7.81 282.95072 -538.9333 51596.398 -67874.6 5579.16 -73453.8 233.94887
7.82 288.8327 -380.90824 51571.408 -67487.7 5695.14 -73182.9 233.3139
7.83 292.97851 -477.3456 51606.025 -67870.2 5776.88 -73647 233.79453
7.84 283.14799 -59.257854 51389.557 -67876.1 5583.05 -73459.1 233.14833
7.85 290.51862 -200.09708 51353.755 -67405.1 5728.38 -73133.5 233.83051
7.86 289.03891 200.59184 51227.606 -67806.9 5699.2 -73506.1 233.10017
7.87 290.8232 -458.7073 51585.52 -67958.9 5734.39 -73693.3 234.15972
7.88 292.87066 -553.76225 51699.791 -67569.5 5774.76 -73344.3 234.01842
7.89 289.13758 -738.7352 51584.64 -67735.1 5701.15 -73436.2 234.36538
7.9 292.15322 -153.04593 51364.75 -67560.2 5760.61 -73320.9 234.06762
7.91 293.69019 -265.95718 51403.53 -67746.8 5790.92 -73537.7 234.50619
7.92 283.18323 -576.79457 51576.769 -67937.3 5583.74 -73521 234.445
7.93 292.76399 -275.7776 51580.107 -67499.8 5772.65 -73272.4 234.99886
7.94 283.64622 -425.38626 51646.822 -67976.2 5592.87 -73569.1 235.42454
7.95 301.90041 196.19702 51385.34 -67413.5 5952.8 -73366.3 234.45533
7.96 288.49781 -505.22014 51683.72 -67813.5 5688.53 -73502 235.05693
7.97 291.50507 -576.87205 51651.069 -67830.9 5747.83 -73578.7 235.40879
7.98 294.28674 -583.81082 51768.684 -67592.8 5802.68 -73395.4 234.94103
7.99 284.8667 -525.33695 51644.66 -67785.6 5616.94 -73402.6 234.98416
8 282.6907 -991.86503 51912.22 -67956.9 5574.03 -73530.9 235.80228
8.01 290.43057 -735.71663 51680.283 -67652.6 5726.64 -73379.2 235.02029
8.02 293.833 -473.83769 51683.306 -67648.6 5793.73 -73442.4 235.05786
8.03 287.47147 13.911258 51483.187 -67923.8 5668.3 -73592.1 234.57224
8.04 294.67188 -4.0227781 51291.935 -67710.8 5810.27 -73521.1 233.69486
8.05 283.78035 -341.19082 51466.015 -68072.1 5595.52 -73667.6 233.84762
8.06 288.92348 -714.21123 51734.847 -67761.2 5696.93 -73458.1 235.1026
8.07 285.85331 -282.59121 51472.875 -68143.1 5636.39 -73779.5 233.93134
8.08 284.71169 183.36397 51329.362 -67915.7 5613.88 -73529.6 233.58205
8.09 293.85622 -992.98676 51989.664 -67483.4 5794.19 -73277.6 235.5797
8.1 283.38892 -858.21919 51799.262 -67896.3 5587.8 -73484 234.97629
8.11 287.69504 -427.1072 51675.86 -67899.9 5672.71 -73572.6 234.75937
8.12 288.07652 -416.80886 51622.959 -68063.1 5680.23 -73743.4 234.41787
8.13 290.947 -361.69193 51585.816 -67745.7 5736.83 -73482.6 234.65134
8.14 282.83418 -789.06519 51830.418 -68152.7 5576.86 -73729.6 235.21967
8.15 291.68554 -807.21023 51921.308 -67618 5751.39 -73369.4 235.97037
8.16 283.72312 -98.82184 51460.476 -67940.3 5594.39 -73534.7 234.31011
8.17 300.40783 -254.5494 51655.594 -67567.4 5923.37 -73490.7 235.02026
8.18 288.60304 -62.723832 51441.168 -67995.2 5690.61 -73685.9 234.57988
8.19 291.56181 104.34079 51412.901 -67555.6 5748.95 -73304.5 234.72153
8.2 291.30231 -380.27477 51645.482 -67867.9 5743.83 -73611.7 234.52812
8.21 295.8537 -537.35937 51760.57 -67566.7 5833.58 -73400.3 235.19895
8.22 288.98666 -1104.5105 51914.73 -68047.4 5698.17 -73745.5 235.24987
8.23 284.76599 -444.47616 51613.334 -67705.2 5614.95 -73320.2 234.63713
8.24 288.21755 -670.03379 51768.89 -67855.3 5683.01 -73538.3 234.31884
8.25 292.0415 237.76012 51294.689 -67777.8 5758.41 -73536.2 233.39423
8.26 290.6755 -241.72244 51592.983 -67896.2 5731.47 -73627.7 234.61813
8.27 280.56604 -601.21022 51657.126 -67810.3 5532.14 -73342.4 234.00793
8.28 291.35569 -255.47286 51560.132 -67631.5 5744.89 -73376.4 234.373
8.29 278.2132 -461.43512 51633.866 -68155.1 5485.74 -73640.8 234.7894
8.3 293.29599 -600.15294 51756.262 -67702 5783.14 -73485.2 235.08609
8.31 285.21027 -854.48838 51818.681 -67554.5 5623.71 -73178.2 234.9721
8.32 281.5882 -789.54462 51813.611 -67837.7 5552.29 -73390 235.07947
8.33 297.91038 -208.83127 51505.888 -67534 5874.13 -73408.2 234.08395
8.34 287.25076 -914.98018 51846.488 -67904.5 5663.95 -73568.4 234.7341
8.35 297.34559 -363.19439 51734.375 -67535.9 5862.99 -73398.9 235.09042
8.36 287.56364 -582.19398 51710.26 -67935.4 5670.11 -73605.5 234.6987
8.37 301.49075 -939.53409 51955.897 -67797.9 5944.73 -73742.6 235.92757
8.38 282.75846 140.82814 51327.536 -68209.6 5575.37 -73785 233.91589
8.39 295.61292 -475.43577 51723.92 -67692.6 5828.83 -73521.4 235.05427
8.4 299.94792 18.107001 51355.084 -67728.6 5914.3 -73642.9 233.77512
8.41 294.77531 -438.43496 51649.773 -67777.2 5812.31 -73589.5 234.9896
8.42 293.51404 -306.0856 51585.797 -67607.7 5787.44 -73395.1 234.55907
8.43 287.66348 -376.5561 51468.707 -67843 5672.08 -73515 233.66705
8.44 292.6655 -107.03513 51426.421 -67918.2 5770.71 -73688.9 234.44198
8.45 284.62464 -657.85251 51669.531 -67980.1 5612.16 -73592.2 234.82653
8.46 295.84344 -420.7488 51689.659 -67697.8 5833.37 -73531.2 235.16666
8.47 293.41419 -888.5174 51812.921 -68002.3 5785.47 -73787.7 235.19134
8.48 297.25569 -339.93026 51649.503 -67758.5 5861.22 -73619.7 234.91497
8.49 294.99031 -325.88587 51616.438 -67878.8 5816.55 -73695.4 234.44491
8.5 294.84281 -292.5736 51567.39 -67568.7 5813.64 -73382.3 234.72288
8.51 282.6048 -266.42522 51523.251 -67885.1 5572.34 -73457.4 234.19341
8.52 295.23249 -699.03105 51830.486 -67634.1 5821.33 -73455.4 235.25288
8.53 289.81421 -560.53225 51777.108 -67888.2 5714.49 -73602.7 234.75584
8.54 287.42293 -494.96325 51590.567 -67812.6 5667.34 -73479.9 234.47316
8.55 299.71231 -407.84747 51630.77 -67475.3 5909.66 -73385 234.78922
8.56 294.36323 -104.47361 51577.768 -67893.2 5804.19 -73697.4 234.96039
8.57 295.96306 -111.9787 51533.509 -67712.6 5835.73 -73548.4 234.73159
8.58 290.83712 -555.19116 51727.377 -67975.5 5734.66 -73710.2 235.16394
8.59 295.10785 -285.99267 51720.77 -67664.1 5818.87 -73483 234.80421
8.6 284.79506 -427.30846 51714.293 -67975.8 5615.52 -73591.3 235.68966
8.61 290.96184 -316.42578 51676.894 -67815.2 5737.12 -73552.3 235.13098
8.62 287.38991 -358.0648 51539.932 -68120.2 5666.69 -73786.8 234.59636
8.63 291.81554 -419.34875 51718.499 -67674.9 5753.95 -73428.8 235.06082
8.64 291.85295 -910.47861 51850.132 -67479.1 5754.69 -73233.8 235.46151
8.65 290.12732 -523.33836 51677.84 -67878.5 5720.66 -73599.2 234.98703
8.66 293.15862 -736.03511 51706.611 -67729.6 5780.43 -73510 234.77271
8.67 283.39736 -119.82869 51588.503 -68006.3 5587.96 -73594.3 234.80333
8.68 289.92251 -74.396716 51472.781 -68006.6 5716.63 -73723.2 234.55408
8.69 299.39476 -997.53401 51941.491 -67724.9 5903.4 -73628.3 235.41199
8.7 286.17578 -814.90429 51890.77 -67986.3 5642.75 -73629.1 235.94494
8.71 293.38641 -525.41674 51752.251 -67716.1 5784.93 -73501 235.44116
8.72 283.87594 -401.2725 51744.141 -68135.4 5597.4 -73732.8 235.38702
8.73 281.95918 -513.69411 51655.492 -67635.9 5559.61 -73195.5 234.87761
8.74 279.03398 -1135.5905 51892.872 -68059 5501.93 -73560.9 235.37861
8.75 287.08646 -823.165 51914.423 -67672.4 5660.71 -73333.1 235.45575
8.76 283.10255 -744.28943 51828.159 -68029.2 5582.15 -73611.3 235.91863
8.77 305.79633 -926.26846 51768.003 -67365.6 6029.62 -73395.2 235.53715
8.78 290.50178 -365.77261 51567.712 -67918.3 5728.05 -73646.3 235.1288
8.79 296.25142 -346.24406 51568.01 -67640.1 5841.42 -73481.6 234.84274
8.8 287.76967 -469.71008 51642.945 -67994.4 5674.18 -73668.6 235.34608
8.81 291.43878 -754.42166 51720.827 -67726.8 5746.52 -73473.3 235.17957
8.82 298.47863 -822.46414 51879.149 -67716.4 5885.33 -73601.7 236.17403
8.83 289.91875 -595.85841 51594.649 -67864.2 5716.55 -73580.8 234.82678
8.84 292.3863 -530.00012 51684.33 -67588.7 5765.21 -73353.9 235.20902
8.85 295.03089 -471.89298 51716.588 -67874.8 5817.35 -73692.1 235.31497
8.86 289.53229 -734.53337 51758.969 -67749.2 5708.93 -73458.2 235.97955
8.87 290.03752 -205.71378 51512.516 -68060.6 5718.89 -73779.5 235.02308
8.88 290.82449 -286.13062 51458.256 -67740.8 5734.41 -73475.2 234.4864
8.89 287.3764 87.717412 51504.693 -67837.1 5666.42 -73503.5 235.38909
8.9 297.77383 -487.84548 51643.781 -67773.2 5871.44 -73644.6 235.37201
8.91 282.07085 -531.13863 51745.618 -67817.9 5561.81 -73379.7 235.27435
8.92 298.26048 -233.19573 51621.861 -67576.1 5881.03 -73457.1 234.99681
8.93 295.89277 -745.37253 51836.937 -67705.7 5834.35 -73540 235.76131
8.94 290.44952 -847.04844 51902.783 -68034.2 5727.02 -73761.3 235.83419
8.95 297.227 -468.28826 51733.266 -67704.2 5860.65 -73564.9 235.69414
8.96 283.42406 -529.11134 51735.024 -67957.8 5588.49 -73546.3 235.45965
8.97 290.65255 -615.0829 51759.357 -67747.2 5731.02 -73478.2 235.46635
8.98 277.45972 -576.88739 51749.812 -68141.1 5470.89 -73611.9 235.59309
8.99 290.88658 -709.08575 51827.419 -67613.3 5735.64 -73348.9 235.76154
9 285.74915 -215.02838 51586.378 -68017.5 5634.34 -73651.9 235.02195
9.01 293.0982 10.661186 51514.201 -67764.8 5779.24 -73544 235.03205
9.02 284.45697 123.96895 51426.403 -67965.4 5608.86 -73574.2 234.88912
9.03 288.33697 -276.5993 51524.668 -67791.8 5685.36 -73477.1 234.94947
9.04 288.01425 -420.02613 51627.341 -68029.9 5679 -73708.9 235.65236
9.05 291.65187 -375.78855 51715.948 -67826 5750.73 -73576.8 235.49412
9.06 297.9892 165.81208 51226.547 -67509.9 5875.68 -73385.6 234.0341
9.07 291.38772 -615.29087 51732.424 -67655.2 5745.52 -73400.7 235.59871
9.08 284.70918 -474.04692 51612.885 -67991.5 5613.83 -73605.3 235.23518
9.09 292.98785 -693.83029 51819.837 -67933.1 5777.07 -73710.2 235.73466
9.1 292.50527 -686.62789 51689.075 -67842 5767.55 -73609.6 235.63968
9.11 294.74125 -452.22062 51517.879 -67932.1 5811.64 -73743.7 235.35239
9.12 307.91327 -543.72851 51826.553 -67522.5 6071.36 -73593.9 236.3596
9.13 294.83668 -737.94621 51761.1 -67817.1 5813.52 -73630.6 235.87345
9.14 291.06441 -948.57149 51908.846 -67609 5739.14 -73348.1 236.92288
9.15 297.49595 -58.991645 51409.641 -67867.7 5865.96 -73733.6 234.68895
9.16 297.15686 199.23882 51384.776 -67756.6 5859.27 -73615.9 234.65136
9.17 282.94126 -194.35465 51578.749 -68106.8 5578.97 -73685.7 235.62068
9.18 298.58403 -719.19892 51741.77 -67689.9 5887.41 -73577.3 235.51687
9.19 293.60686 -374.57428 51644.656 -67894.6 5789.27 -73683.8 235.52701
9.2 284.47573 -858.78041 51950.787 -67736 5609.23 -73345.2 236.30549
9.21 293.05345 -225.18412 51666.661 -67555.9 5778.36 -73334.3 235.76873
9.22 288.59608 -305.89846 51578.353 -67629.8 5690.47 -73320.2 235.35223
9.23 285.72069 -410.55969 51682.091 -68046.5 5633.78 -73680.3 235.54208
9.24 296.85511 -186.72351 51553.777 -67723.7 5853.32 -73577 235.36329
9.25 289.00989 -402.6668 51535.404 -67922.2 5698.63 -73620.8 235.28657
9.26 298.31439 -686.46429 51760.131 -67555.7 5882.1 -73437.8 235.63037
9.27 290.68971 -402.35733 51626.588 -67928.7 5731.75 -73660.4 235.62295
9.28 292.80632 -887.94603 51819.291 -67624.7 5773.49 -73398.2 235.93952
9.29 298.90744 -42.038013 51448.981 -67681.2 5893.79 -73575 234.85524
9.3 287.12794 -171.83835 51373.682 -67882.1 5661.52 -73543.6 234.28239
9.31 296.77485 -660.23546 51755.927 -67551.8 5851.74 -73403.5 235.89676
9.32 286.95323 -618.86765 51710.722 -67710.1 5658.08 -73368.1 235.77859
9.33 293.80579 -635.4293 51660.709 -67779.2 5793.2 -73572.4 235.44457
9.34 293.35659 -374.71886 51599.784 -67837.5 5784.34 -73621.8 235.51843
9.35 280.13029 -945.54247 51845.302 -67815.8 5523.55 -73339.3 235.91496
9.36 293.01315 -771.66406 51704.002 -67669.2 5777.57 -73446.8 235.35034
9.37 285.89459 -1184.743 51839.224 -67976.8 5637.2 -73614.1 236.01019
9.38 287.57376 -709.53739 51703.143 -67732.5 5670.31 -73402.8 235.5374
9.39 275.42375 -1039.7042 51841.5 -67908.4 5430.74 -73339.1 235.98758
9.4 309.06936 -542.70539 51665.744 -67226.4 6094.16 -73320.6 235.42164
9.41 288.8885 -268.86711 51528.622 -67856.6 5696.24 -73552.9 235.2854
9.42 294.30393 -500.85005 51695.528 -67699.1 5803.02 -73502.2 236.07736
9.43 287.21296 -492.80883 51615.849 -67869 5663.2 -73532.2 235.48071
9.44 299.47083 -665.05307 51799.726 -67505.1 5904.9 -73410 236.4484
9.45 291.39276 -124.68521 51512.517 -67826.7 5745.62 -73572.4 235.00388
9.46 288.18969 -924.1309 51929.294 -67673.1 5682.46 -73355.5 236.43511
9.47 289.4579 -229.6201 51574.486 -67749.7 5707.47 -73457.2 235.41596
9.48 297.04688 -389.07063 51636.657 -67841.5 5857.1 -73698.6 235.76017
9.49 294.8403 -695.30496 51787.12 -67673.9 5813.59 -73487.5 235.65491
9.5 291.08998 -364.25082 51624.401 -67935 5739.65 -73674.6 235.23012
9.51 292.37658 -782.54689 51807.66 -67607.3 5765.01 -73372.4 236.11005
9.52 290.78742 -559.53728 51746.626 -67921.6 5733.68 -73655.3 236.02641
9.53 293.4667 -241.00809 51487.207 -67635.3 5786.51 -73421.8 235.30973
9.54 287.53399 -287.82453 51558.227 -68004.8 5669.53 -73674.4 235.51518
9.55 296.55509 -1018.9989 51896.557 -67675.7 5847.41 -73523.1 236.36675
9.56 292.45942 -883.91976 51840.868 -67826.1 5766.65 -73592.8 236.36024
9.57 286.72081 -519.17945 51695.522 -67972.9 5653.5 -73626.4 236.23754
9.58 288.78646 -1121.0588 52022.903 -67721.7 5694.23 -73415.9 236.71679
9.59 294.06781 -576.45026 51814.611 -67384.3 5798.36 -73182.7 235.97907
9.6 291.66001 -463.91731 51623.169 -67831.8 5750.89 -73582.7 235.31777
9.61 284.49252 -306.72688 51691.539 -67779.1 5609.56 -73388.7 235.29509
9.62 292.5095 -988.31178 51949.76 -67746.8 5767.64 -73514.5 236.19415
9.63 291.45634 -304.46231 51662.612 -67814.1 5746.87 -73560.9 235.50268
9.64 283.9268 -416.69041 51724.988 -68179.6 5598.4 -73778 235.75327
9.65 289.61058 -330.64653 51631.922 -67820.2 5710.48 -73530.7 235.35336
9.66 281.42688 -219.906 51577.522 -68150.8 5549.11 -73699.9 235.15576
9.67 293.9653 -44.767442 51567.492 -67794 5796.34 -73590.3 235.69953
9.68 289.62552 -683.38995 51762.025 -67891.3 5710.77 -73602 235.94832
9.69 293.67244 -604.99505 51742.373 -67814.5 5790.57 -73605.1 235.56073
9.7 301.62062 -465.5527 51670.694 -67733.6 5947.29 -73680.9 235.2517
9.71 295.68798 -805.60937 51875.936 -67872.7 5830.31 -73703 236.62278
9.72 278.95972 -794.06455 51897.097 -68090.4 5500.46 -73590.9 235.91469
9.73 287.68489 -618.91085 51722.814 -67773.9 5672.51 -73446.4 235.88889
9.74 289.74112 -264.84571 51673.246 -68001 5713.05 -73714 235.65753
9.75 282.37058 -53.083413 51520.561 -67975.8 5567.72 -73543.5 235.31044
9.76 295.18604 -520.03668 51823.521 -67544.2 5820.41 -73364.6 236.31226
9.77 292.78268 -385.02689 51718.798 -67840.6 5773.02 -73613.6 235.97953
9.78 291.99477 -495.94177 51810.766 -67744.9 5757.49 -73502.4 236.19311
9.79 287.43645 -338.82719 51613.608 -67719 5667.61 -73386.6 235.43368
9.8 302.83267 -435.45859 51678.137 -67604.9 5971.19 -73576.1 235.77684
9.81 278.20857 -200.92912 51531.115 -67964.8 5485.65 -73450.4 235.42563
9.82 289.84472 -531.24617 51753.85 -67706.2 5715.09 -73421.3 236.26651
9.83 292.05898 -704.93249 51856.111 -68189.6 5758.75 -73948.4 236.13641
9.84 290.52404 -99.9847 51519.628 -67869.6 5728.49 -73598.1 235.19328
9.85 287.25929 -802.52894 51797.934 -68043.4 5664.11 -73707.5 236.22838
9.86 285.68086 -347.43224 51611.466 -67913.7 5632.99 -73546.7 235.53167
9.87 294.7559 -192.14045 51523.439 -67668.6 5811.93 -73480.6 235.18729
9.88 294.58723 -699.86797 51716.068 -68014.8 5808.6 -73823.4 236.09919
9.89 284.49657 -648.47495 51703.961 -67805.3 5609.64 -73415 235.51514
9.9 300.65575 -930.23505 51820.193 -67683.5 5928.26 -73611.8 235.66887
9.91 277.20944 -855.01048 51835.617 -67981.3 5465.95 -73447.2 236.36266
9.92 298.38396 -290.70741 51579.298 -67717.3 5883.47 -73600.8 235.92608
9.93 280.50516 -691.2434 51743.738 -68216.7 5530.94 -73747.7 236.3623
9.94 299.41303 -634.84786 51751.809 -67745.1 5903.76 -73648.9 236.08113
9.95 294.57388 -470.26996 51633.605 -67794.7 5808.34 -73603 236.08855
9.96 283.82516 -271.87543 51576.769 -68243 5596.4 -73839.4 235.92922
9.97 294.36727 126.01386 51329.867 -67730.7 5804.27 -73535 234.74514
9.98 284.05792 -944.05981 51874.857 -67907.1 5600.99 -73508.1 236.49955
