0	0	284	836	703	1539	0.54321
1000	0.01	284.01	817	722	1539	0.530864
2000	0.02	284.02	787	752	1539	0.511371
3000	0.03	284.03	842	697	1539	0.547109
4000	0.04	284.04	839	700	1539	0.545159
5000	0.05	284.05	865	674	1539	0.562053
6000	0.06	284.06	868	671	1539	0.564003
7000	0.07	284.07	872	667	1539	0.566602
8000	0.08	284.08	888	651	1539	0.576998
9000	0.09	284.09	910	629	1539	0.591293
10000	0.1	284.1	891	648	1539	0.578947
11000	0.11	284.11	921	618	1539	0.598441
12000	0.12	284.12	940	599	1539	0.610786
13000	0.13	284.13	968	571	1539	0.62898
14000	0.14	284.14	1016	523	1539	0.660169
15000	0.15	284.15	976	563	1539	0.634178
16000	0.16	284.16	1011	528	1539	0.65692
17000	0.17	284.17	1033	506	1539	0.671215
18000	0.18	284.18	1028	511	1539	0.667966
19000	0.19	284.19	1070	469	1539	0.695257
20000	0.2	284.2	1033	506	1539	0.671215
21000	0.21	284.21	1076	463	1539	0.699155
22000	0.22	284.22	1071	468	1539	0.695906
23000	0.23	284.23	1146	393	1539	0.744639
24000	0.24	284.24	1107	432	1539	0.719298
25000	0.25	284.25	1168	371	1539	0.758934
26000	0.26	284.26	1162	377	1539	0.755036
27000	0.27	284.27	1178	361	1539	0.765432
28000	0.28	284.28	1203	336	1539	0.781676
29000	0.29	284.29	1197	342	1539	0.777778
30000	0.3	284.3	1173	366	1539	0.762183
31000	0.31	284.31	1195	344	1539	0.776478
32000	0.32	284.32	1144	395	1539	0.74334
33000	0.33	284.33	1138	401	1539	0.739441
34000	0.34	284.34	1146	393	1539	0.744639
35000	0.35	284.35	1121	418	1539	0.728395
36000	0.36	284.36	1145	394	1539	0.74399
37000	0.37	284.37	1115	424	1539	0.724496
38000	0.38	284.38	1133	406	1539	0.736192
39000	0.39	284.39	1097	442	1539	0.712801
40000	0.4	284.4	1090	449	1539	0.708252
41000	0.41	284.41	1154	385	1539	0.749838
42000	0.42	284.42	1173	366	1539	0.762183
43000	0.43	284.43	1154	385	1539	0.749838
44000	0.44	284.44	1182	357	1539	0.768031
45000	0.45	284.45	1177	362	1539	0.764782
46000	0.46	284.46	1203	336	1539	0.781676
47000	0.47	284.47	1205	334	1539	0.782976
48000	0.48	284.48	1179	360	1539	0.766082
49000	0.49	284.49	1168	371	1539	0.758934
50000	0.5	284.5	1192	347	1539	0.774529
51000	0.51	284.51	1175	364	1539	0.763483
52000	0.52	284.52	1182	357	1539	0.768031
53000	0.53	284.53	1168	371	1539	0.758934
54000	0.54	284.54	1169	370	1539	0.759584
55000	0.55	284.55	1191	348	1539	0.773879
56000	0.56	284.56	1181	358	1539	0.767381
57000	0.57	284.57	1179	360	1539	0.766082
58000	0.58	284.58	1207	332	1539	0.784276
59000	0.59	284.59	1182	357	1539	0.768031
60000	0.6	284.6	1186	353	1539	0.77063
61000	0.61	284.61	1158	381	1539	0.752437
62000	0.62	284.62	1180	359	1539	0.766732
63000	0.63	284.63	1196	343	1539	0.777128
64000	0.64	284.64	1189	350	1539	0.77258
65000	0.65	284.65	1184	355	1539	0.769331
66000	0.66	284.66	1164	375	1539	0.756335
67000	0.67	284.67	1174	365	1539	0.762833
68000	0.68	284.68	1196	343	1539	0.777128
69000	0.69	284.69	1167	372	1539	0.758285
70000	0.7	284.7	1153	386	1539	0.749188
71000	0.71	284.71	1139	400	1539	0.740091
72000	0.72	284.72	1187	352	1539	0.77128
73000	0.73	284.73	1138	401	1539	0.739441
74000	0.74	284.74	1165	374	1539	0.756985
75000	0.75	284.75	1174	365	1539	0.762833
76000	0.76	284.76	1179	360	1539	0.766082
77000	0.77	284.77	1160	379	1539	0.753736
78000	0.78	284.78	1156	383	1539	0.751137
79000	0.79	284.79	1177	362	1539	0.764782
80000	0.8	284.8	1228	311	1539	0.797921
81000	0.81	284.81	1201	338	1539	0.780377
82000	0.82	284.82	1197	342	1539	0.777778
83000	0.83	284.83	1188	351	1539	0.77193
84000	0.84	284.84	1208	331	1539	0.784925
85000	0.85	284.85	1188	351	1539	0.77193
86000	0.86	284.86	1158	381	1539	0.752437
87000	0.87	284.87	1183	356	1539	0.768681
88000	0.88	284.88	1161	378	1539	0.754386
89000	0.89	284.89	1174	365	1539	0.762833
90000	0.9	284.9	1175	364	1539	0.763483
91000	0.91	284.91	1182	357	1539	0.768031
92000	0.92	284.92	1194	345	1539	0.775828
93000	0.93	284.93	1179	360	1539	0.766082
94000	0.94	284.94	1176	363	1539	0.764133
95000	0.95	284.95	1180	359	1539	0.766732
96000	0.96	284.96	1170	369	1539	0.760234
97000	0.97	284.97	1168	371	1539	0.758934
98000	0.98	284.98	1167	372	1539	0.758285
99000	0.99	284.99	1148	391	1539	0.745939
100000	1	285	1136	403	1539	0.738142
101000	1.01	285.01	1182	357	1539	0.768031
102000	1.02	285.02	1161	378	1539	0.754386
103000	1.03	285.03	1171	368	1539	0.760884
104000	1.04	285.04	1206	333	1539	0.783626
105000	1.05	285.05	1216	323	1539	0.790123
106000	1.06	285.06	1186	353	1539	0.77063
107000	1.07	285.07	1208	331	1539	0.784925
108000	1.08	285.08	1203	336	1539	0.781676
109000	1.09	285.09	1218	321	1539	0.791423
110000	1.1	285.1	1216	323	1539	0.790123
111000	1.11	285.11	1248	291	1539	0.810916
112000	1.12	285.12	1199	340	1539	0.779077
113000	1.13	285.13	1192	347	1539	0.774529
114000	1.14	285.14	1205	334	1539	0.782976
115000	1.15	285.15	1218	321	1539	0.791423
116000	1.16	285.16	1145	394	1539	0.74399
117000	1.17	285.17	1178	361	1539	0.765432
118000	1.18	285.18	1183	356	1539	0.768681
119000	1.19	285.19	1155	384	1539	0.750487
120000	1.2	285.2	1144	395	1539	0.74334
121000	1.21	285.21	1189	350	1539	0.77258
122000	1.22	285.22	1147	392	1539	0.745289
123000	1.23	285.23	1163	376	1539	0.755686
124000	1.24	285.24	1168	371	1539	0.758934
125000	1.25	285.25	1198	341	1539	0.778428
126000	1.26	285.26	1178	361	1539	0.765432
127000	1.27	285.27	1207	332	1539	0.784276
128000	1.28	285.28	1127	412	1539	0.732294
129000	1.29	285.29	1187	352	1539	0.77128
130000	1.3	285.3	1159	380	1539	0.753086
131000	1.31	285.31	1189	350	1539	0.77258
132000	1.32	285.32	1165	374	1539	0.756985
133000	1.33	285.33	1180	359	1539	0.766732
134000	1.34	285.34	1160	379	1539	0.753736
135000	1.35	285.35	1167	372	1539	0.758285
136000	1.36	285.36	1152	387	1539	0.748538
137000	1.37	285.37	1161	378	1539	0.754386
138000	1.38	285.38	1215	324	1539	0.789474
139000	1.39	285.39	1185	354	1539	0.769981
140000	1.4	285.4	1173	366	1539	0.762183
141000	1.41	285.41	1151	388	1539	0.747888
142000	1.42	285.42	1181	358	1539	0.767381
143000	1.43	285.43	1159	380	1539	0.753086
144000	1.44	285.44	1179	360	1539	0.766082
145000	1.45	285.45	1222	317	1539	0.794022
146000	1.46	285.46	1167	372	1539	0.758285
147000	1.47	285.47	1191	348	1539	0.773879
148000	1.48	285.48	1211	328	1539	0.786875
149000	1.49	285.49	1203	336	1539	0.781676
150000	1.5	285.5	1186	353	1539	0.77063
151000	1.51	285.51	1195	344	1539	0.776478
152000	1.52	285.52	1194	345	1539	0.775828
153000	1.53	285.53	1203	336	1539	0.781676
154000	1.54	285.54	1192	347	1539	0.774529
155000	1.55	285.55	1187	352	1539	0.77128
156000	1.56	285.56	1166	373	1539	0.757635
157000	1.57	285.57	1172	367	1539	0.761533
158000	1.58	285.58	1159	380	1539	0.753086
159000	1.59	285.59	1174	365	1539	0.762833
160000	1.6	285.6	1199	340	1539	0.779077
161000	1.61	285.61	1200	339	1539	0.779727
162000	1.62	285.62	1187	352	1539	0.77128
163000	1.63	285.63	1174	365	1539	0.762833
164000	1.64	285.64	1190	349	1539	0.773229
165000	1.65	285.65	1190	349	1539	0.773229
166000	1.66	285.66	1197	342	1539	0.777778
167000	1.67	285.67	1172	367	1539	0.761533
168000	1.68	285.68	1185	354	1539	0.769981
169000	1.69	285.69	1195	344	1539	0.776478
170000	1.7	285.7	1204	335	1539	0.782326
171000	1.71	285.71	1205	334	1539	0.782976
172000	1.72	285.72	1181	358	1539	0.767381
173000	1.73	285.73	1210	329	1539	0.786225
174000	1.74	285.74	1204	335	1539	0.782326
175000	1.75	285.75	1192	347	1539	0.774529
176000	1.76	285.76	1208	331	1539	0.784925
177000	1.77	285.77	1206	333	1539	0.783626
178000	1.78	285.78	1217	322	1539	0.790773
179000	1.79	285.79	1219	320	1539	0.792073
180000	1.8	285.8	1218	321	1539	0.791423
181000	1.81	285.81	1217	322	1539	0.790773
182000	1.82	285.82	1234	305	1539	0.801819
183000	1.83	285.83	1175	364	1539	0.763483
184000	1.84	285.84	1195	344	1539	0.776478
185000	1.85	285.85	1194	345	1539	0.775828
186000	1.86	285.86	1132	407	1539	0.735543
187000	1.87	285.87	1163	376	1539	0.755686
188000	1.88	285.88	1170	369	1539	0.760234
189000	1.89	285.89	1159	380	1539	0.753086
190000	1.9	285.9	1189	350	1539	0.77258
191000	1.91	285.91	1164	375	1539	0.756335
192000	1.92	285.92	1166	373	1539	0.757635
193000	1.93	285.93	1199	340	1539	0.779077
194000	1.94	285.94	1170	369	1539	0.760234
195000	1.95	285.95	1152	387	1539	0.748538
196000	1.96	285.96	1161	378	1539	0.754386
197000	1.97	285.97	1182	357	1539	0.768031
198000	1.98	285.98	1159	380	1539	0.753086
199000	1.99	285.99	1138	401	1539	0.739441
200000	2	286	1157	382	1539	0.751787
201000	2.01	286.01	1196	343	1539	0.777128
202000	2.02	286.02	1129	410	1539	0.733593
203000	2.03	286.03	1186	353	1539	0.77063
204000	2.04	286.04	1166	373	1539	0.757635
205000	2.05	286.05	1228	311	1539	0.797921
206000	2.06	286.06	1185	354	1539	0.769981
207000	2.07	286.07	1183	356	1539	0.768681
208000	2.08	286.08	1188	351	1539	0.77193
209000	2.09	286.09	1194	345	1539	0.775828
210000	2.1	286.1	1180	359	1539	0.766732
211000	2.11	286.11	1169	370	1539	0.759584
212000	2.12	286.12	1181	358	1539	0.767381
213000	2.13	286.13	1212	327	1539	0.787524
214000	2.14	286.14	1192	347	1539	0.774529
215000	2.15	286.15	1176	363	1539	0.764133
216000	2.16	286.16	1168	371	1539	0.758934
217000	2.17	286.17	1190	349	1539	0.773229
218000	2.18	286.18	1137	402	1539	0.738791
219000	2.19	286.19	1173	366	1539	0.762183
220000	2.2	286.2	1203	336	1539	0.781676
221000	2.21	286.21	1207	332	1539	0.784276
222000	2.22	286.22	1199	340	1539	0.779077
223000	2.23	286.23	1180	359	1539	0.766732
224000	2.24	286.24	1153	386	1539	0.749188
225000	2.25	286.25	1190	349	1539	0.773229
226000	2.26	286.26	1153	386	1539	0.749188
227000	2.27	286.27	1166	373	1539	0.757635
228000	2.28	286.28	1168	371	1539	0.758934
229000	2.29	286.29	1197	342	1539	0.777778
230000	2.3	286.3	1158	381	1539	0.752437
231000	2.31	286.31	1212	327	1539	0.787524
232000	2.32	286.32	1169	370	1539	0.759584
233000	2.33	286.33	1154	385	1539	0.749838
234000	2.34	286.34	1168	371	1539	0.758934
235000	2.35	286.35	1201	338	1539	0.780377
236000	2.36	286.36	1170	369	1539	0.760234
237000	2.37	286.37	1175	364	1539	0.763483
238000	2.38	286.38	1169	370	1539	0.759584
239000	2.39	286.39	1173	366	1539	0.762183
240000	2.4	286.4	1134	405	1539	0.736842
241000	2.41	286.41	1119	420	1539	0.727096
242000	2.42	286.42	1125	414	1539	0.730994
243000	2.43	286.43	1122	417	1539	0.729045
244000	2.44	286.44	1175	364	1539	0.763483
245000	2.45	286.45	1192	347	1539	0.774529
246000	2.46	286.46	1192	347	1539	0.774529
247000	2.47	286.47	1171	368	1539	0.760884
248000	2.48	286.48	1182	357	1539	0.768031
249000	2.49	286.49	1171	368	1539	0.760884
250000	2.5	286.5	1212	327	1539	0.787524
251000	2.51	286.51	1198	341	1539	0.778428
252000	2.52	286.52	1194	345	1539	0.775828
253000	2.53	286.53	1188	351	1539	0.77193
254000	2.54	286.54	1177	362	1539	0.764782
255000	2.55	286.55	1146	393	1539	0.744639
256000	2.56	286.56	1160	379	1539	0.753736
257000	2.57	286.57	1194	345	1539	0.775828
258000	2.58	286.58	1165	374	1539	0.756985
259000	2.59	286.59	1176	363	1539	0.764133
260000	2.6	286.6	1161	378	1539	0.754386
261000	2.61	286.61	1173	366	1539	0.762183
262000	2.62	286.62	1172	367	1539	0.761533
263000	2.63	286.63	1198	341	1539	0.778428
264000	2.64	286.64	1196	343	1539	0.777128
265000	2.65	286.65	1194	345	1539	0.775828
266000	2.66	286.66	1189	350	1539	0.77258
267000	2.67	286.67	1199	340	1539	0.779077
268000	2.68	286.68	1201	338	1539	0.780377
269000	2.69	286.69	1214	325	1539	0.788824
270000	2.7	286.7	1216	323	1539	0.790123
271000	2.71	286.71	1210	329	1539	0.786225
272000	2.72	286.72	1202	337	1539	0.781027
273000	2.73	286.73	1206	333	1539	0.783626
274000	2.74	286.74	1186	353	1539	0.77063
275000	2.75	286.75	1207	332	1539	0.784276
276000	2.76	286.76	1188	351	1539	0.77193
277000	2.77	286.77	1173	366	1539	0.762183
278000	2.78	286.78	1213	326	1539	0.788174
279000	2.79	286.79	1178	361	1539	0.765432
280000	2.8	286.8	1186	353	1539	0.77063
281000	2.81	286.81	1218	321	1539	0.791423
282000	2.82	286.82	1194	345	1539	0.775828
283000	2.83	286.83	1183	356	1539	0.768681
284000	2.84	286.84	1198	341	1539	0.778428
285000	2.85	286.85	1224	315	1539	0.795322
286000	2.86	286.86	1211	328	1539	0.786875
287000	2.87	286.87	1198	341	1539	0.778428
288000	2.88	286.88	1201	338	1539	0.780377
289000	2.89	286.89	1181	358	1539	0.767381
290000	2.9	286.9	1189	350	1539	0.77258
291000	2.91	286.91	1178	361	1539	0.765432
292000	2.92	286.92	1198	341	1539	0.778428
293000	2.93	286.93	1184	355	1539	0.769331
294000	2.94	286.94	1176	363	1539	0.764133
295000	2.95	286.95	1203	336	1539	0.781676
296000	2.96	286.96	1143	396	1539	0.74269
297000	2.97	286.97	1146	393	1539	0.744639
298000	2.98	286.98	1160	379	1539	0.753736
299000	2.99	286.99	1163	376	1539	0.755686
300000	3	287	1164	375	1539	0.756335
301000	3.01	287.01	1138	401	1539	0.739441
302000	3.02	287.02	1182	357	1539	0.768031
303000	3.03	287.03	1133	406	1539	0.736192
304000	3.04	287.04	1144	395	1539	0.74334
305000	3.05	287.05	1145	394	1539	0.74399
306000	3.06	287.06	1122	417	1539	0.729045
307000	3.07	287.07	1149	390	1539	0.746589
308000	3.08	287.08	1115	424	1539	0.724496
309000	3.09	287.09	1163	376	1539	0.755686
310000	3.1	287.1	1141	398	1539	0.741391
311000	3.11	287.11	1177	362	1539	0.764782
312000	3.12	287.12	1167	372	1539	0.758285
313000	3.13	287.13	1182	357	1539	0.768031
314000	3.14	287.14	1178	361	1539	0.765432
315000	3.15	287.15	1151	388	1539	0.747888
316000	3.16	287.16	1143	396	1539	0.74269
317000	3.17	287.17	1142	397	1539	0.74204
318000	3.18	287.18	1173	366	1539	0.762183
319000	3.19	287.19	1132	407	1539	0.735543
320000	3.2	287.2	1116	423	1539	0.725146
321000	3.21	287.21	1150	389	1539	0.747238
322000	3.22	287.22	1144	395	1539	0.74334
323000	3.23	287.23	1137	402	1539	0.738791
324000	3.24	287.24	1144	395	1539	0.74334
325000	3.25	287.25	1144	395	1539	0.74334
326000	3.26	287.26	1158	381	1539	0.752437
327000	3.27	287.27	1149	390	1539	0.746589
328000	3.28	287.28	1162	377	1539	0.755036
329000	3.29	287.29	1136	403	1539	0.738142
330000	3.3	287.3	1163	376	1539	0.755686
331000	3.31	287.31	1147	392	1539	0.745289
332000	3.32	287.32	1177	362	1539	0.764782
333000	3.33	287.33	1138	401	1539	0.739441
334000	3.34	287.34	1135	404	1539	0.737492
335000	3.35	287.35	1125	414	1539	0.730994
336000	3.36	287.36	1146	393	1539	0.744639
337000	3.37	287.37	1171	368	1539	0.760884
338000	3.38	287.38	1182	357	1539	0.768031
339000	3.39	287.39	1152	387	1539	0.748538
340000	3.4	287.4	1111	428	1539	0.721897
341000	3.41	287.41	1150	389	1539	0.747238
342000	3.42	287.42	1180	359	1539	0.766732
343000	3.43	287.43	1210	329	1539	0.786225
344000	3.44	287.44	1212	327	1539	0.787524
345000	3.45	287.45	1184	355	1539	0.769331
346000	3.46	287.46	1200	339	1539	0.779727
347000	3.47	287.47	1209	330	1539	0.785575
348000	3.48	287.48	1174	365	1539	0.762833
349000	3.49	287.49	1187	352	1539	0.77128
350000	3.5	287.5	1187	352	1539	0.77128
351000	3.51	287.51	1176	363	1539	0.764133
352000	3.52	287.52	1166	373	1539	0.757635
353000	3.53	287.53	1164	375	1539	0.756335
354000	3.54	287.54	1166	373	1539	0.757635
355000	3.55	287.55	1176	363	1539	0.764133
356000	3.56	287.56	1160	379	1539	0.753736
357000	3.57	287.57	1199	340	1539	0.779077
358000	3.58	287.58	1172	367	1539	0.761533
359000	3.59	287.59	1214	325	1539	0.788824
360000	3.6	287.6	1195	344	1539	0.776478
361000	3.61	287.61	1164	375	1539	0.756335
362000	3.62	287.62	1163	376	1539	0.755686
363000	3.63	287.63	1176	363	1539	0.764133
364000	3.64	287.64	1166	373	1539	0.757635
365000	3.65	287.65	1189	350	1539	0.77258
366000	3.66	287.66	1168	371	1539	0.758934
367000	3.67	287.67	1205	334	1539	0.782976
368000	3.68	287.68	1188	351	1539	0.77193
369000	3.69	287.69	1190	349	1539	0.773229
370000	3.7	287.7	1195	344	1539	0.776478
371000	3.71	287.71	1181	358	1539	0.767381
372000	3.72	287.72	1165	374	1539	0.756985
373000	3.73	287.73	1139	400	1539	0.740091
374000	3.74	287.74	1143	396	1539	0.74269
375000	3.75	287.75	1125	414	1539	0.730994
376000	3.76	287.76	1132	407	1539	0.735543
377000	3.77	287.77	1150	389	1539	0.747238
378000	3.78	287.78	1134	405	1539	0.736842
379000	3.79	287.79	1083	456	1539	0.703704
380000	3.8	287.8	1086	453	1539	0.705653
381000	3.81	287.81	1093	446	1539	0.710201
382000	3.82	287.82	1068	471	1539	0.693957
383000	3.83	287.83	1091	448	1539	0.708902
384000	3.84	287.84	1099	440	1539	0.7141
385000	3.85	287.85	1080	459	1539	0.701754
386000	3.86	287.86	1117	422	1539	0.725796
387000	3.87	287.87	1093	446	1539	0.710201
388000	3.88	287.88	1148	391	1539	0.745939
389000	3.89	287.89	1110	429	1539	0.721248
390000	3.9	287.9	1101	438	1539	0.7154
391000	3.91	287.91	1056	483	1539	0.68616
392000	3.92	287.92	1070	469	1539	0.695257
393000	3.93	287.93	1052	487	1539	0.683561
394000	3.94	287.94	1015	524	1539	0.659519
395000	3.95	287.95	1023	516	1539	0.664717
396000	3.96	287.96	1033	506	1539	0.671215
397000	3.97	287.97	1051	488	1539	0.682911
398000	3.98	287.98	1052	487	1539	0.683561
399000	3.99	287.99	1030	509	1539	0.669266
400000	4	288	1083	456	1539	0.703704
401000	4.01	288.01	1141	398	1539	0.741391
402000	4.02	288.02	1112	427	1539	0.722547
403000	4.03	288.03	1168	371	1539	0.758934
404000	4.04	288.04	1178	361	1539	0.765432
405000	4.05	288.05	1211	328	1539	0.786875
406000	4.06	288.06	1217	322	1539	0.790773
407000	4.07	288.07	1205	334	1539	0.782976
408000	4.08	288.08	1171	368	1539	0.760884
409000	4.09	288.09	1159	380	1539	0.753086
410000	4.1	288.1	1164	375	1539	0.756335
411000	4.11	288.11	1159	380	1539	0.753086
412000	4.12	288.12	1190	349	1539	0.773229
413000	4.13	288.13	1187	352	1539	0.77128
414000	4.14	288.14	1151	388	1539	0.747888
415000	4.15	288.15	1148	391	1539	0.745939
416000	4.16	288.16	1132	407	1539	0.735543
417000	4.17	288.17	1138	401	1539	0.739441
418000	4.18	288.18	1162	377	1539	0.755036
419000	4.19	288.19	1142	397	1539	0.74204
420000	4.2	288.2	1127	412	1539	0.732294
421000	4.21	288.21	1183	356	1539	0.768681
422000	4.22	288.22	1178	361	1539	0.765432
423000	4.23	288.23	1157	382	1539	0.751787
424000	4.24	288.24	1174	365	1539	0.762833
425000	4.25	288.25	1194	345	1539	0.775828
426000	4.26	288.26	1169	370	1539	0.759584
427000	4.27	288.27	1157	382	1539	0.751787
428000	4.28	288.28	1175	364	1539	0.763483
429000	4.29	288.29	1182	357	1539	0.768031
430000	4.3	288.3	1181	358	1539	0.767381
431000	4.31	288.31	1144	395	1539	0.74334
432000	4.32	288.32	1150	389	1539	0.747238
433000	4.33	288.33	1160	379	1539	0.753736
434000	4.34	288.34	1124	415	1539	0.730344
435000	4.35	288.35	1168	371	1539	0.758934
436000	4.36	288.36	1173	366	1539	0.762183
437000	4.37	288.37	1171	368	1539	0.760884
438000	4.38	288.38	1160	379	1539	0.753736
439000	4.39	288.39	1151	388	1539	0.747888
440000	4.4	288.4	1140	399	1539	0.740741
441000	4.41	288.41	1156	383	1539	0.751137
442000	4.42	288.42	1127	412	1539	0.732294
443000	4.43	288.43	1143	396	1539	0.74269
444000	4.44	288.44	1160	379	1539	0.753736
445000	4.45	288.45	1127	412	1539	0.732294
446000	4.46	288.46	1172	367	1539	0.761533
447000	4.47	288.47	1157	382	1539	0.751787
448000	4.48	288.48	1164	375	1539	0.756335
449000	4.49	288.49	1174	365	1539	0.762833
450000	4.5	288.5	1139	400	1539	0.740091
451000	4.51	288.51	1154	385	1539	0.749838
452000	4.52	288.52	1154	385	1539	0.749838
453000	4.53	288.53	1148	391	1539	0.745939
454000	4.54	288.54	1106	433	1539	0.718648
455000	4.55	288.55	1104	435	1539	0.717349
456000	4.56	288.56	1086	453	1539	0.705653
457000	4.57	288.57	1116	423	1539	0.725146
458000	4.58	288.58	1125	414	1539	0.730994
459000	4.59	288.59	1101	438	1539	0.7154
460000	4.6	288.6	1089	450	1539	0.707602
461000	4.61	288.61	1126	413	1539	0.731644
462000	4.62	288.62	1120	419	1539	0.727745
463000	4.63	288.63	1131	408	1539	0.734893
464000	4.64	288.64	1111	428	1539	0.721897
465000	4.65	288.65	1155	384	1539	0.750487
466000	4.66	288.66	1160	379	1539	0.753736
467000	4.67	288.67	1169	370	1539	0.759584
468000	4.68	288.68	1121	418	1539	0.728395
469000	4.69	288.69	1123	416	1539	0.729695
470000	4.7	288.7	1113	426	1539	0.723197
471000	4.71	288.71	1045	494	1539	0.679012
472000	4.72	288.72	1093	446	1539	0.710201
473000	4.73	288.73	1112	427	1539	0.722547
474000	4.74	288.74	1122	417	1539	0.729045
475000	4.75	288.75	1101	438	1539	0.7154
476000	4.76	288.76	1138	401	1539	0.739441
477000	4.77	288.77	1129	410	1539	0.733593
478000	4.78	288.78	1139	400	1539	0.740091
479000	4.79	288.79	1104	435	1539	0.717349
480000	4.8	288.8	1125	414	1539	0.730994
481000	4.81	288.81	1134	405	1539	0.736842
482000	4.82	288.82	1150	389	1539	0.747238
483000	4.83	288.83	1170	369	1539	0.760234
484000	4.84	288.84	1132	407	1539	0.735543
485000	4.85	288.85	1170	369	1539	0.760234
486000	4.86	288.86	1098	441	1539	0.71345
487000	4.87	288.87	1095	444	1539	0.711501
488000	4.88	288.88	1138	401	1539	0.739441
489000	4.89	288.89	1074	465	1539	0.697856
490000	4.9	288.9	1115	424	1539	0.724496
491000	4.91	288.91	1096	443	1539	0.712151
492000	4.92	288.92	1156	383	1539	0.751137
493000	4.93	288.93	1135	404	1539	0.737492
494000	4.94	288.94	1108	431	1539	0.719948
495000	4.95	288.95	1130	409	1539	0.734243
496000	4.96	288.96	1109	430	1539	0.720598
497000	4.97	288.97	1112	427	1539	0.722547
498000	4.98	288.98	1116	423	1539	0.725146
499000	4.99	288.99	1140	399	1539	0.740741
500000	5	289	1114	425	1539	0.723847
501000	5.01	289.01	1141	398	1539	0.741391
502000	5.02	289.02	1182	357	1539	0.768031
503000	5.03	289.03	1178	361	1539	0.765432
504000	5.04	289.04	1190	349	1539	0.773229
505000	5.05	289.05	1180	359	1539	0.766732
506000	5.06	289.06	1167	372	1539	0.758285
507000	5.07	289.07	1172	367	1539	0.761533
508000	5.08	289.08	1186	353	1539	0.77063
509000	5.09	289.09	1194	345	1539	0.775828
510000	5.1	289.1	1163	376	1539	0.755686
511000	5.11	289.11	1153	386	1539	0.749188
512000	5.12	289.12	1185	354	1539	0.769981
513000	5.13	289.13	1151	388	1539	0.747888
514000	5.14	289.14	1156	383	1539	0.751137
515000	5.15	289.15	1157	382	1539	0.751787
516000	5.16	289.16	1178	361	1539	0.765432
517000	5.17	289.17	1163	376	1539	0.755686
518000	5.18	289.18	1169	370	1539	0.759584
519000	5.19	289.19	1150	389	1539	0.747238
520000	5.2	289.2	1161	378	1539	0.754386
521000	5.21	289.21	1138	401	1539	0.739441
522000	5.22	289.22	1170	369	1539	0.760234
523000	5.23	289.23	1175	364	1539	0.763483
524000	5.24	289.24	1195	344	1539	0.776478
525000	5.25	289.25	1152	387	1539	0.748538
526000	5.26	289.26	1154	385	1539	0.749838
527000	5.27	289.27	1151	388	1539	0.747888
528000	5.28	289.28	1170	369	1539	0.760234
529000	5.29	289.29	1133	406	1539	0.736192
530000	5.3	289.3	1128	411	1539	0.732943
531000	5.31	289.31	1099	440	1539	0.7141
532000	5.32	289.32	1135	404	1539	0.737492
533000	5.33	289.33	1097	442	1539	0.712801
534000	5.34	289.34	1140	399	1539	0.740741
535000	5.35	289.35	1141	398	1539	0.741391
536000	5.36	289.36	1154	385	1539	0.749838
537000	5.37	289.37	1125	414	1539	0.730994
538000	5.38	289.38	1167	372	1539	0.758285
539000	5.39	289.39	1157	382	1539	0.751787
540000	5.4	289.4	1179	360	1539	0.766082
541000	5.41	289.41	1118	421	1539	0.726446
542000	5.42	289.42	1167	372	1539	0.758285
543000	5.43	289.43	1174	365	1539	0.762833
544000	5.44	289.44	1170	369	1539	0.760234
545000	5.45	289.45	1162	377	1539	0.755036
546000	5.46	289.46	1180	359	1539	0.766732
547000	5.47	289.47	1186	353	1539	0.77063
548000	5.48	289.48	1172	367	1539	0.761533
549000	5.49	289.49	1178	361	1539	0.765432
550000	5.5	289.5	1152	387	1539	0.748538
551000	5.51	289.51	1203	336	1539	0.781676
552000	5.52	289.52	1166	373	1539	0.757635
553000	5.53	289.53	1200	339	1539	0.779727
554000	5.54	289.54	1162	377	1539	0.755036
555000	5.55	289.55	1187	352	1539	0.77128
556000	5.56	289.56	1191	348	1539	0.773879
557000	5.57	289.57	1137	402	1539	0.738791
558000	5.58	289.58	1134	405	1539	0.736842
559000	5.59	289.59	1158	381	1539	0.752437
560000	5.6	289.6	1165	374	1539	0.756985
561000	5.61	289.61	1175	364	1539	0.763483
562000	5.62	289.62	1190	349	1539	0.773229
563000	5.63	289.63	1165	374	1539	0.756985
564000	5.64	289.64	1138	401	1539	0.739441
565000	5.65	289.65	1151	388	1539	0.747888
566000	5.66	289.66	1137	402	1539	0.738791
567000	5.67	289.67	1132	407	1539	0.735543
568000	5.68	289.68	1163	376	1539	0.755686
569000	5.69	289.69	1161	378	1539	0.754386
570000	5.7	289.7	1177	362	1539	0.764782
571000	5.71	289.71	1164	375	1539	0.756335
572000	5.72	289.72	1160	379	1539	0.753736
573000	5.73	289.73	1174	365	1539	0.762833
574000	5.74	289.74	1155	384	1539	0.750487
575000	5.75	289.75	1161	378	1539	0.754386
576000	5.76	289.76	1162	377	1539	0.755036
577000	5.77	289.77	1189	350	1539	0.77258
578000	5.78	289.78	1116	423	1539	0.725146
579000	5.79	289.79	1106	433	1539	0.718648
580000	5.8	289.8	1153	386	1539	0.749188
581000	5.81	289.81	1200	339	1539	0.779727
582000	5.82	289.82	1139	400	1539	0.740091
583000	5.83	289.83	1132	407	1539	0.735543
584000	5.84	289.84	1135	404	1539	0.737492
585000	5.85	289.85	1110	429	1539	0.721248
586000	5.86	289.86	1121	418	1539	0.728395
587000	5.87	289.87	1120	419	1539	0.727745
588000	5.88	289.88	1046	493	1539	0.679662
589000	5.89	289.89	1091	448	1539	0.708902
590000	5.9	289.9	1106	433	1539	0.718648
591000	5.91	289.91	1105	434	1539	0.717999
592000	5.92	289.92	1131	408	1539	0.734893
593000	5.93	289.93	1161	378	1539	0.754386
594000	5.94	289.94	1179	360	1539	0.766082
595000	5.95	289.95	1182	357	1539	0.768031
596000	5.96	289.96	1143	396	1539	0.74269
597000	5.97	289.97	1179	360	1539	0.766082
598000	5.98	289.98	1204	335	1539	0.782326
599000	5.99	289.99	1171	368	1539	0.760884
600000	6	290	1182	357	1539	0.768031
601000	6.01	290.01	1174	365	1539	0.762833
602000	6.02	290.02	1186	353	1539	0.77063
603000	6.03	290.03	1170	369	1539	0.760234
604000	6.04	290.04	1154	385	1539	0.749838
605000	6.05	290.05	1107	432	1539	0.719298
606000	6.06	290.06	1156	383	1539	0.751137
607000	6.07	290.07	1164	375	1539	0.756335
608000	6.08	290.08	1178	361	1539	0.765432
609000	6.09	290.09	1163	376	1539	0.755686
610000	6.1	290.1	1189	350	1539	0.77258
611000	6.11	290.11	1183	356	1539	0.768681
612000	6.12	290.12	1142	397	1539	0.74204
613000	6.13	290.13	1186	353	1539	0.77063
614000	6.14	290.14	1189	350	1539	0.77258
615000	6.15	290.15	1164	375	1539	0.756335
616000	6.16	290.16	1193	346	1539	0.775179
617000	6.17	290.17	1171	368	1539	0.760884
618000	6.18	290.18	1169	370	1539	0.759584
619000	6.19	290.19	1193	346	1539	0.775179
620000	6.2	290.2	1183	356	1539	0.768681
621000	6.21	290.21	1140	399	1539	0.740741
622000	6.22	290.22	1147	392	1539	0.745289
623000	6.23	290.23	1101	438	1539	0.7154
624000	6.24	290.24	1147	392	1539	0.745289
625000	6.25	290.25	1153	386	1539	0.749188
626000	6.26	290.26	1141	398	1539	0.741391
627000	6.27	290.27	1160	379	1539	0.753736
628000	6.28	290.28	1141	398	1539	0.741391
629000	6.29	290.29	1175	364	1539	0.763483
630000	6.3	290.3	1198	341	1539	0.778428
631000	6.31	290.31	1177	362	1539	0.764782
632000	6.32	290.32	1176	363	1539	0.764133
633000	6.33	290.33	1138	401	1539	0.739441
634000	6.34	290.34	1116	423	1539	0.725146
635000	6.35	290.35	1152	387	1539	0.748538
636000	6.36	290.36	1170	369	1539	0.760234
637000	6.37	290.37	1143	396	1539	0.74269
638000	6.38	290.38	1120	419	1539	0.727745
639000	6.39	290.39	1112	427	1539	0.722547
640000	6.4	290.4	1081	458	1539	0.702404
641000	6.41	290.41	1148	391	1539	0.745939
642000	6.42	290.42	1135	404	1539	0.737492
643000	6.43	290.43	1132	407	1539	0.735543
644000	6.44	290.44	1135	404	1539	0.737492
645000	6.45	290.45	1136	403	1539	0.738142
646000	6.46	290.46	1115	424	1539	0.724496
647000	6.47	290.47	1117	422	1539	0.725796
648000	6.48	290.48	1103	436	1539	0.716699
649000	6.49	290.49	1142	397	1539	0.74204
650000	6.5	290.5	1141	398	1539	0.741391
651000	6.51	290.51	1173	366	1539	0.762183
652000	6.52	290.52	1140	399	1539	0.740741
653000	6.53	290.53	1166	373	1539	0.757635
654000	6.54	290.54	1205	334	1539	0.782976
655000	6.55	290.55	1196	343	1539	0.777128
656000	6.56	290.56	1198	341	1539	0.778428
657000	6.57	290.57	1185	354	1539	0.769981
658000	6.58	290.58	1187	352	1539	0.77128
659000	6.59	290.59	1145	394	1539	0.74399
660000	6.6	290.6	1166	373	1539	0.757635
661000	6.61	290.61	1132	407	1539	0.735543
662000	6.62	290.62	1119	420	1539	0.727096
663000	6.63	290.63	1154	385	1539	0.749838
664000	6.64	290.64	1162	377	1539	0.755036
665000	6.65	290.65	1128	411	1539	0.732943
666000	6.66	290.66	1167	372	1539	0.758285
667000	6.67	290.67	1166	373	1539	0.757635
668000	6.68	290.68	1174	365	1539	0.762833
669000	6.69	290.69	1163	376	1539	0.755686
670000	6.7	290.7	1127	412	1539	0.732294
671000	6.71	290.71	1113	426	1539	0.723197
672000	6.72	290.72	1141	398	1539	0.741391
673000	6.73	290.73	1144	395	1539	0.74334
674000	6.74	290.74	1139	400	1539	0.740091
675000	6.75	290.75	1105	434	1539	0.717999
676000	6.76	290.76	1087	452	1539	0.706303
677000	6.77	290.77	1110	429	1539	0.721248
678000	6.78	290.78	1116	423	1539	0.725146
679000	6.79	290.79	1112	427	1539	0.722547
680000	6.8	290.8	1101	438	1539	0.7154
681000	6.81	290.81	1104	435	1539	0.717349
682000	6.82	290.82	1091	448	1539	0.708902
683000	6.83	290.83	1109	430	1539	0.720598
684000	6.84	290.84	1107	432	1539	0.719298
685000	6.85	290.85	1066	473	1539	0.692658
686000	6.86	290.86	1099	440	1539	0.7141
687000	6.87	290.87	1095	444	1539	0.711501
688000	6.88	290.88	1102	437	1539	0.716049
689000	6.89	290.89	1088	451	1539	0.706953
690000	6.9	290.9	1090	449	1539	0.708252
691000	6.91	290.91	1098	441	1539	0.71345
692000	6.92	290.92	1096	443	1539	0.712151
693000	6.93	290.93	1106	433	1539	0.718648
694000	6.94	290.94	1062	477	1539	0.690058
695000	6.95	290.95	1087	452	1539	0.706303
696000	6.96	290.96	1103	436	1539	0.716699
697000	6.97	290.97	1133	406	1539	0.736192
698000	6.98	290.98	1113	426	1539	0.723197
699000	6.99	290.99	1137	402	1539	0.738791
700000	7	291	1078	461	1539	0.700455
701000	7.01	291.01	1139	400	1539	0.740091
702000	7.02	291.02	1115	424	1539	0.724496
703000	7.03	291.03	1113	426	1539	0.723197
704000	7.04	291.04	1148	391	1539	0.745939
705000	7.05	291.05	1135	404	1539	0.737492
706000	7.06	291.06	1178	361	1539	0.765432
707000	7.07	291.07	1190	349	1539	0.773229
708000	7.08	291.08	1197	342	1539	0.777778
709000	7.09	291.09	1148	391	1539	0.745939
710000	7.1	291.1	1162	377	1539	0.755036
711000	7.11	291.11	1122	417	1539	0.729045
712000	7.12	291.12	1140	399	1539	0.740741
713000	7.13	291.13	1138	401	1539	0.739441
714000	7.14	291.14	1079	460	1539	0.701105
715000	7.15	291.15	1114	425	1539	0.723847
716000	7.16	291.16	1108	431	1539	0.719948
717000	7.17	291.17	1109	430	1539	0.720598
718000	7.18	291.18	1108	431	1539	0.719948
719000	7.19	291.19	1101	438	1539	0.7154
720000	7.2	291.2	1086	453	1539	0.705653
721000	7.21	291.21	1088	451	1539	0.706953
722000	7.22	291.22	1092	447	1539	0.709552
723000	7.23	291.23	1090	449	1539	0.708252
724000	7.24	291.24	1104	435	1539	0.717349
725000	7.25	291.25	1109	430	1539	0.720598
726000	7.26	291.26	1106	433	1539	0.718648
727000	7.27	291.27	1113	426	1539	0.723197
728000	7.28	291.28	1075	464	1539	0.698506
729000	7.29	291.29	1061	478	1539	0.689409
730000	7.3	291.3	1052	487	1539	0.683561
731000	7.31	291.31	1070	469	1539	0.695257
732000	7.32	291.32	1094	445	1539	0.710851
733000	7.33	291.33	1085	454	1539	0.705003
734000	7.34	291.34	1122	417	1539	0.729045
735000	7.35	291.35	1102	437	1539	0.716049
736000	7.36	291.36	1136	403	1539	0.738142
737000	7.37	291.37	1080	459	1539	0.701754
738000	7.38	291.38	1105	434	1539	0.717999
739000	7.39	291.39	1083	456	1539	0.703704
740000	7.4	291.4	1140	399	1539	0.740741
741000	7.41	291.41	1142	397	1539	0.74204
742000	7.42	291.42	1149	390	1539	0.746589
743000	7.43	291.43	1145	394	1539	0.74399
744000	7.44	291.44	1125	414	1539	0.730994
745000	7.45	291.45	1149	390	1539	0.746589
746000	7.46	291.46	1177	362	1539	0.764782
747000	7.47	291.47	1151	388	1539	0.747888
748000	7.48	291.48	1151	388	1539	0.747888
749000	7.49	291.49	1181	358	1539	0.767381
750000	7.5	291.5	1163	376	1539	0.755686
751000	7.51	291.51	1140	399	1539	0.740741
752000	7.52	291.52	1140	399	1539	0.740741
753000	7.53	291.53	1138	401	1539	0.739441
754000	7.54	291.54	1126	413	1539	0.731644
755000	7.55	291.55	1155	384	1539	0.750487
756000	7.56	291.56	1118	421	1539	0.726446
757000	7.57	291.57	1159	380	1539	0.753086
758000	7.58	291.58	1130	409	1539	0.734243
759000	7.59	291.59	1156	383	1539	0.751137
760000	7.6	291.6	1140	399	1539	0.740741
761000	7.61	291.61	1128	411	1539	0.732943
762000	7.62	291.62	1117	422	1539	0.725796
763000	7.63	291.63	1104	435	1539	0.717349
764000	7.64	291.64	1103	436	1539	0.716699
765000	7.65	291.65	1077	462	1539	0.699805
766000	7.66	291.66	1062	477	1539	0.690058
767000	7.67	291.67	1098	441	1539	0.71345
768000	7.68	291.68	1111	428	1539	0.721897
769000	7.69	291.69	1089	450	1539	0.707602
770000	7.7	291.7	1086	453	1539	0.705653
771000	7.71	291.71	1121	418	1539	0.728395
772000	7.72	291.72	1089	450	1539	0.707602
773000	7.73	291.73	1096	443	1539	0.712151
774000	7.74	291.74	1076	463	1539	0.699155
775000	7.75	291.75	1065	474	1539	0.692008
776000	7.76	291.76	1052	487	1539	0.683561
777000	7.77	291.77	1118	421	1539	0.726446
778000	7.78	291.78	1089	450	1539	0.707602
779000	7.79	291.79	1094	445	1539	0.710851
780000	7.8	291.8	1106	433	1539	0.718648
781000	7.81	291.81	1097	442	1539	0.712801
782000	7.82	291.82	1143	396	1539	0.74269
783000	7.83	291.83	1139	400	1539	0.740091
784000	7.84	291.84	1189	350	1539	0.77258
785000	7.85	291.85	1178	361	1539	0.765432
786000	7.86	291.86	1165	374	1539	0.756985
787000	7.87	291.87	1164	375	1539	0.756335
788000	7.88	291.88	1165	374	1539	0.756985
789000	7.89	291.89	1161	378	1539	0.754386
790000	7.9	291.9	1136	403	1539	0.738142
791000	7.91	291.91	1119	420	1539	0.727096
792000	7.92	291.92	1081	458	1539	0.702404
793000	7.93	291.93	1091	448	1539	0.708902
794000	7.94	291.94	1071	468	1539	0.695906
795000	7.95	291.95	1092	447	1539	0.709552
796000	7.96	291.96	1088	451	1539	0.706953
797000	7.97	291.97	1114	425	1539	0.723847
798000	7.98	291.98	1065	474	1539	0.692008
799000	7.99	291.99	1125	414	1539	0.730994
800000	8	292	1109	430	1539	0.720598
801000	8.01	292.01	1089	450	1539	0.707602
802000	8.02	292.02	1097	442	1539	0.712801
803000	8.03	292.03	1073	466	1539	0.697206
804000	8.04	292.04	1019	520	1539	0.662118
805000	8.05	292.05	1048	491	1539	0.680962
806000	8.06	292.06	1085	454	1539	0.705003
807000	8.07	292.07	1074	465	1539	0.697856
808000	8.08	292.08	1045	494	1539	0.679012
809000	8.09	292.09	1075	464	1539	0.698506
810000	8.1	292.1	1103	436	1539	0.716699
811000	8.11	292.11	1067	472	1539	0.693307
812000	8.12	292.12	1079	460	1539	0.701105
813000	8.13	292.13	1091	448	1539	0.708902
814000	8.14	292.14	1085	454	1539	0.705003
815000	8.15	292.15	1097	442	1539	0.712801
816000	8.16	292.16	1115	424	1539	0.724496
817000	8.17	292.17	1149	390	1539	0.746589
818000	8.18	292.18	1103	436	1539	0.716699
819000	8.19	292.19	1129	410	1539	0.733593
820000	8.2	292.2	1120	419	1539	0.727745
821000	8.21	292.21	1133	406	1539	0.736192
822000	8.22	292.22	1137	402	1539	0.738791
823000	8.23	292.23	1155	384	1539	0.750487
824000	8.24	292.24	1150	389	1539	0.747238
825000	8.25	292.25	1151	388	1539	0.747888
826000	8.26	292.26	1141	398	1539	0.741391
827000	8.27	292.27	1090	449	1539	0.708252
828000	8.28	292.28	1126	413	1539	0.731644
829000	8.29	292.29	1081	458	1539	0.702404
830000	8.3	292.3	1065	474	1539	0.692008
831000	8.31	292.31	1081	458	1539	0.702404
832000	8.32	292.32	1046	493	1539	0.679662
833000	8.33	292.33	1054	485	1539	0.68486
834000	8.34	292.34	1089	450	1539	0.707602
835000	8.35	292.35	1102	437	1539	0.716049
836000	8.36	292.36	1116	423	1539	0.725146
837000	8.37	292.37	1132	407	1539	0.735543
838000	8.38	292.38	1135	404	1539	0.737492
839000	8.39	292.39	1127	412	1539	0.732294
840000	8.4	292.4	1140	399	1539	0.740741
841000	8.41	292.41	1125	414	1539	0.730994
842000	8.42	292.42	1108	431	1539	0.719948
843000	8.43	292.43	1095	444	1539	0.711501
844000	8.44	292.44	1071	468	1539	0.695906
845000	8.45	292.45	1121	418	1539	0.728395
846000	8.46	292.46	1092	447	1539	0.709552
847000	8.47	292.47	1072	467	1539	0.696556
848000	8.48	292.48	1058	481	1539	0.687459
849000	8.49	292.49	1060	479	1539	0.688759
850000	8.5	292.5	1066	473	1539	0.692658
851000	8.51	292.51	1047	492	1539	0.680312
852000	8.52	292.52	1076	463	1539	0.699155
853000	8.53	292.53	1076	463	1539	0.699155
854000	8.54	292.54	1039	500	1539	0.675114
855000	8.55	292.55	1011	528	1539	0.65692
856000	8.56	292.56	979	560	1539	0.636127
857000	8.57	292.57	974	565	1539	0.632878
858000	8.58	292.58	956	583	1539	0.621183
859000	8.59	292.59	956	583	1539	0.621183
860000	8.6	292.6	976	563	1539	0.634178
861000	8.61	292.61	993	546	1539	0.645224
862000	8.62	292.62	981	558	1539	0.637427
863000	8.63	292.63	951	588	1539	0.617934
864000	8.64	292.64	961	578	1539	0.624431
865000	8.65	292.65	962	577	1539	0.625081
866000	8.66	292.66	1021	518	1539	0.663418
867000	8.67	292.67	980	559	1539	0.636777
868000	8.68	292.68	1007	532	1539	0.654321
869000	8.69	292.69	998	541	1539	0.648473
870000	8.7	292.7	1018	521	1539	0.661468
871000	8.71	292.71	986	553	1539	0.640676
872000	8.72	292.72	994	545	1539	0.645874
873000	8.73	292.73	997	542	1539	0.647823
874000	8.74	292.74	953	586	1539	0.619233
875000	8.75	292.75	945	594	1539	0.614035
876000	8.76	292.76	990	549	1539	0.643275
877000	8.77	292.77	933	606	1539	0.606238
878000	8.78	292.78	974	565	1539	0.632878
879000	8.79	292.79	975	564	1539	0.633528
880000	8.8	292.8	1016	523	1539	0.660169
881000	8.81	292.81	960	579	1539	0.623782
882000	8.82	292.82	1011	528	1539	0.65692
883000	8.83	292.83	1023	516	1539	0.664717
884000	8.84	292.84	1057	482	1539	0.68681
885000	8.85	292.85	1029	510	1539	0.668616
886000	8.86	292.86	1052	487	1539	0.683561
887000	8.87	292.87	1004	535	1539	0.652372
888000	8.88	292.88	1099	440	1539	0.7141
889000	8.89	292.89	1115	424	1539	0.724496
890000	8.9	292.9	1074	465	1539	0.697856
891000	8.91	292.91	1036	503	1539	0.673164
892000	8.92	292.92	1061	478	1539	0.689409
893000	8.93	292.93	1045	494	1539	0.679012
894000	8.94	292.94	1081	458	1539	0.702404
895000	8.95	292.95	1048	491	1539	0.680962
896000	8.96	292.96	1049	490	1539	0.681611
897000	8.97	292.97	1054	485	1539	0.68486
898000	8.98	292.98	1075	464	1539	0.698506
899000	8.99	292.99	1087	452	1539	0.706303
900000	9	293	1105	434	1539	0.717999
901000	9.01	293.01	1110	429	1539	0.721248
902000	9.02	293.02	1117	422	1539	0.725796
903000	9.03	293.03	1044	495	1539	0.678363
904000	9.04	293.04	1109	430	1539	0.720598
905000	9.05	293.05	1072	467	1539	0.696556
906000	9.06	293.06	1108	431	1539	0.719948
907000	9.07	293.07	1086	453	1539	0.705653
908000	9.08	293.08	1105	434	1539	0.717999
909000	9.09	293.09	1068	471	1539	0.693957
910000	9.1	293.1	1075	464	1539	0.698506
911000	9.11	293.11	1055	484	1539	0.68551
912000	9.12	293.12	1079	460	1539	0.701105
913000	9.13	293.13	1026	513	1539	0.666667
914000	9.14	293.14	1085	454	1539	0.705003
915000	9.15	293.15	1081	458	1539	0.702404
916000	9.16	293.16	1051	488	1539	0.682911
917000	9.17	293.17	1068	471	1539	0.693957
918000	9.18	293.18	1026	513	1539	0.666667
919000	9.19	293.19	1012	527	1539	0.65757
920000	9.2	293.2	1018	521	1539	0.661468
921000	9.21	293.21	956	583	1539	0.621183
922000	9.22	293.22	954	585	1539	0.619883
923000	9.23	293.23	946	593	1539	0.614685
924000	9.24	293.24	925	614	1539	0.60104
925000	9.25	293.25	922	617	1539	0.59909
926000	9.26	293.26	887	652	1539	0.576348
927000	9.27	293.27	836	703	1539	0.54321
928000	9.28	293.28	827	712	1539	0.537362
929000	9.29	293.29	824	715	1539	0.535413
930000	9.3	293.3	870	669	1539	0.565302
931000	9.31	293.31	840	699	1539	0.545809
932000	9.32	293.32	820	719	1539	0.532814
933000	9.33	293.33	856	683	1539	0.556205
934000	9.34	293.34	835	704	1539	0.54256
935000	9.35	293.35	826	713	1539	0.536712
936000	9.36	293.36	830	709	1539	0.539311
937000	9.37	293.37	801	738	1539	0.520468
938000	9.38	293.38	846	693	1539	0.549708
939000	9.39	293.39	768	771	1539	0.499025
940000	9.4	293.4	800	739	1539	0.519818
941000	9.41	293.41	755	784	1539	0.490578
942000	9.42	293.42	786	753	1539	0.510721
943000	9.43	293.43	784	755	1539	0.509422
944000	9.44	293.44	805	734	1539	0.523067
945000	9.45	293.45	786	753	1539	0.510721
946000	9.46	293.46	774	765	1539	0.502924
947000	9.47	293.47	785	754	1539	0.510071
948000	9.48	293.48	762	777	1539	0.495127
949000	9.49	293.49	800	739	1539	0.519818
950000	9.5	293.5	788	751	1539	0.512021
951000	9.51	293.51	815	724	1539	0.529565
952000	9.52	293.52	846	693	1539	0.549708
953000	9.53	293.53	805	734	1539	0.523067
954000	9.54	293.54	825	714	1539	0.536062
955000	9.55	293.55	854	685	1539	0.554906
956000	9.56	293.56	791	748	1539	0.51397
957000	9.57	293.57	856	683	1539	0.556205
958000	9.58	293.58	844	695	1539	0.548408
959000	9.59	293.59	859	680	1539	0.558155
960000	9.6	293.6	841	698	1539	0.546459
961000	9.61	293.61	880	659	1539	0.5718
962000	9.62	293.62	815	724	1539	0.529565
963000	9.63	293.63	819	720	1539	0.532164
964000	9.64	293.64	774	765	1539	0.502924
965000	9.65	293.65	763	776	1539	0.495776
966000	9.66	293.66	747	792	1539	0.48538
967000	9.67	293.67	734	805	1539	0.476933
968000	9.68	293.68	752	787	1539	0.488629
969000	9.69	293.69	760	779	1539	0.493827
970000	9.7	293.7	799	740	1539	0.519168
971000	9.71	293.71	803	736	1539	0.521767
972000	9.72	293.72	774	765	1539	0.502924
973000	9.73	293.73	806	733	1539	0.523717
974000	9.74	293.74	817	722	1539	0.530864
975000	9.75	293.75	816	723	1539	0.530214
976000	9.76	293.76	803	736	1539	0.521767
977000	9.77	293.77	835	704	1539	0.54256
978000	9.78	293.78	830	709	1539	0.539311
979000	9.79	293.79	842	697	1539	0.547109
980000	9.8	293.8	851	688	1539	0.552956
981000	9.81	293.81	784	755	1539	0.509422
982000	9.82	293.82	805	734	1539	0.523067
983000	9.83	293.83	751	788	1539	0.487979
984000	9.84	293.84	788	751	1539	0.512021
985000	9.85	293.85	769	770	1539	0.499675
986000	9.86	293.86	751	788	1539	0.487979
987000	9.87	293.87	807	732	1539	0.524366
988000	9.88	293.88	741	798	1539	0.481481
989000	9.89	293.89	716	823	1539	0.465237
990000	9.9	293.9	717	822	1539	0.465887
991000	9.91	293.91	711	828	1539	0.461988
992000	9.92	293.92	716	823	1539	0.465237
993000	9.93	293.93	660	879	1539	0.42885
994000	9.94	293.94	710	829	1539	0.461339
995000	9.95	293.95	691	848	1539	0.448993
996000	9.96	293.96	734	805	1539	0.476933
997000	9.97	293.97	680	859	1539	0.441845
998000	9.98	293.98	723	816	1539	0.469786
999000	9.99	293.99	741	798	1539	0.481481
1000000	10	294	718	821	1539	0.466537
