0	0	289	494	1566	2060	0.239806
1000	0.01	289.002	412	1648	2060	0.2
2000	0.02	289.005	485	1575	2060	0.235437
3000	0.03	289.007	474	1586	2060	0.230097
4000	0.04	289.01	469	1591	2060	0.22767
5000	0.05	289.012	430	1630	2060	0.208738
6000	0.06	289.015	448	1612	2060	0.217476
7000	0.07	289.017	407	1653	2060	0.197573
8000	0.08	289.02	431	1629	2060	0.209223
9000	0.09	289.022	427	1633	2060	0.207282
10000	0.1	289.025	460	1600	2060	0.223301
11000	0.11	289.027	434	1626	2060	0.21068
12000	0.12	289.03	456	1604	2060	0.221359
13000	0.13	289.033	481	1579	2060	0.233495
14000	0.14	289.035	521	1539	2060	0.252913
15000	0.15	289.038	507	1553	2060	0.246117
16000	0.16	289.04	516	1544	2060	0.250485
17000	0.17	289.043	500	1560	2060	0.242718
18000	0.18	289.045	511	1549	2060	0.248058
19000	0.19	289.048	536	1524	2060	0.260194
20000	0.2	289.05	520	1540	2060	0.252427
21000	0.21	289.053	528	1532	2060	0.256311
22000	0.22	289.055	543	1517	2060	0.263592
23000	0.23	289.058	565	1495	2060	0.274272
24000	0.24	289.06	537	1523	2060	0.26068
25000	0.25	289.062	569	1491	2060	0.276214
26000	0.26	289.065	591	1469	2060	0.286893
27000	0.27	289.067	571	1489	2060	0.277184
28000	0.28	289.07	585	1475	2060	0.283981
29000	0.29	289.072	579	1481	2060	0.281068
30000	0.3	289.075	580	1480	2060	0.281553
31000	0.31	289.077	581	1479	2060	0.282039
32000	0.32	289.08	570	1490	2060	0.276699
33000	0.33	289.082	591	1469	2060	0.286893
34000	0.34	289.085	604	1456	2060	0.293204
35000	0.35	289.087	572	1488	2060	0.27767
36000	0.36	289.09	550	1510	2060	0.26699
37000	0.37	289.092	556	1504	2060	0.269903
38000	0.38	289.095	570	1490	2060	0.276699
39000	0.39	289.098	512	1548	2060	0.248544
40000	0.4	289.1	526	1534	2060	0.25534
41000	0.41	289.103	528	1532	2060	0.256311
42000	0.42	289.105	500	1560	2060	0.242718
43000	0.43	289.108	549	1511	2060	0.266505
44000	0.44	289.11	520	1540	2060	0.252427
45000	0.45	289.113	479	1581	2060	0.232524
46000	0.46	289.115	491	1569	2060	0.23835
47000	0.47	289.118	514	1546	2060	0.249515
48000	0.48	289.12	545	1515	2060	0.264563
49000	0.49	289.123	520	1540	2060	0.252427
50000	0.5	289.125	571	1489	2060	0.277184
51000	0.51	289.127	589	1471	2060	0.285922
52000	0.52	289.13	568	1492	2060	0.275728
53000	0.53	289.132	602	1458	2060	0.292233
54000	0.54	289.135	607	1453	2060	0.29466
55000	0.55	289.137	614	1446	2060	0.298058
56000	0.56	289.14	583	1477	2060	0.28301
57000	0.57	289.142	530	1530	2060	0.257282
58000	0.58	289.145	594	1466	2060	0.28835
59000	0.59	289.147	610	1450	2060	0.296117
60000	0.6	289.15	578	1482	2060	0.280583
61000	0.61	289.152	632	1428	2060	0.306796
62000	0.62	289.155	602	1458	2060	0.292233
63000	0.63	289.158	589	1471	2060	0.285922
64000	0.64	289.16	644	1416	2060	0.312621
65000	0.65	289.163	679	1381	2060	0.329612
66000	0.66	289.165	655	1405	2060	0.317961
67000	0.67	289.168	628	1432	2060	0.304854
68000	0.68	289.17	673	1387	2060	0.326699
69000	0.69	289.173	657	1403	2060	0.318932
70000	0.7	289.175	668	1392	2060	0.324272
71000	0.71	289.178	666	1394	2060	0.323301
72000	0.72	289.18	665	1395	2060	0.322816
73000	0.73	289.183	632	1428	2060	0.306796
74000	0.74	289.185	650	1410	2060	0.315534
75000	0.75	289.188	658	1402	2060	0.319417
76000	0.76	289.19	625	1435	2060	0.303398
77000	0.77	289.192	656	1404	2060	0.318447
78000	0.78	289.195	638	1422	2060	0.309709
79000	0.79	289.197	685	1375	2060	0.332524
80000	0.8	289.2	652	1408	2060	0.316505
81000	0.81	289.202	694	1366	2060	0.336893
82000	0.82	289.205	622	1438	2060	0.301942
83000	0.83	289.207	656	1404	2060	0.318447
84000	0.84	289.21	626	1434	2060	0.303883
85000	0.85	289.212	644	1416	2060	0.312621
86000	0.86	289.215	696	1364	2060	0.337864
87000	0.87	289.217	665	1395	2060	0.322816
88000	0.88	289.22	671	1389	2060	0.325728
89000	0.89	289.223	659	1401	2060	0.319903
90000	0.9	289.225	693	1367	2060	0.336408
91000	0.91	289.228	683	1377	2060	0.331553
92000	0.92	289.23	708	1352	2060	0.343689
93000	0.93	289.233	684	1376	2060	0.332039
94000	0.94	289.235	643	1417	2060	0.312136
95000	0.95	289.238	630	1430	2060	0.305825
96000	0.96	289.24	695	1365	2060	0.337379
97000	0.97	289.243	657	1403	2060	0.318932
98000	0.98	289.245	692	1368	2060	0.335922
99000	0.99	289.248	656	1404	2060	0.318447
100000	1	289.25	675	1385	2060	0.32767
101000	1.01	289.252	682	1378	2060	0.331068
102000	1.02	289.255	625	1435	2060	0.303398
103000	1.03	289.257	654	1406	2060	0.317476
104000	1.04	289.26	623	1437	2060	0.302427
105000	1.05	289.262	660	1400	2060	0.320388
106000	1.06	289.265	669	1391	2060	0.324757
107000	1.07	289.267	648	1412	2060	0.314563
108000	1.08	289.27	683	1377	2060	0.331553
109000	1.09	289.272	645	1415	2060	0.313107
110000	1.1	289.275	622	1438	2060	0.301942
111000	1.11	289.277	623	1437	2060	0.302427
112000	1.12	289.28	674	1386	2060	0.327184
113000	1.13	289.283	633	1427	2060	0.307282
114000	1.14	289.285	628	1432	2060	0.304854
115000	1.15	289.288	604	1456	2060	0.293204
116000	1.16	289.29	624	1436	2060	0.302913
117000	1.17	289.293	594	1466	2060	0.28835
118000	1.18	289.295	609	1451	2060	0.295631
119000	1.19	289.298	593	1467	2060	0.287864
120000	1.2	289.3	586	1474	2060	0.284466
121000	1.21	289.303	647	1413	2060	0.314078
122000	1.22	289.305	620	1440	2060	0.300971
123000	1.23	289.308	650	1410	2060	0.315534
124000	1.24	289.31	602	1458	2060	0.292233
125000	1.25	289.312	627	1433	2060	0.304369
126000	1.26	289.315	638	1422	2060	0.309709
127000	1.27	289.317	673	1387	2060	0.326699
128000	1.28	289.32	658	1402	2060	0.319417
129000	1.29	289.322	684	1376	2060	0.332039
130000	1.3	289.325	622	1438	2060	0.301942
131000	1.31	289.327	620	1440	2060	0.300971
132000	1.32	289.33	640	1420	2060	0.31068
133000	1.33	289.332	641	1419	2060	0.311165
134000	1.34	289.335	659	1401	2060	0.319903
135000	1.35	289.337	632	1428	2060	0.306796
136000	1.36	289.34	621	1439	2060	0.301456
137000	1.37	289.342	645	1415	2060	0.313107
138000	1.38	289.345	666	1394	2060	0.323301
139000	1.39	289.348	616	1444	2060	0.299029
140000	1.4	289.35	648	1412	2060	0.314563
141000	1.41	289.353	656	1404	2060	0.318447
142000	1.42	289.355	687	1373	2060	0.333495
143000	1.43	289.358	686	1374	2060	0.33301
144000	1.44	289.36	701	1359	2060	0.340291
145000	1.45	289.363	689	1371	2060	0.334466
146000	1.46	289.365	693	1367	2060	0.336408
147000	1.47	289.368	749	1311	2060	0.363592
148000	1.48	289.37	719	1341	2060	0.349029
149000	1.49	289.373	728	1332	2060	0.353398
150000	1.5	289.375	666	1394	2060	0.323301
151000	1.51	289.377	750	1310	2060	0.364078
152000	1.52	289.38	767	1293	2060	0.37233
153000	1.53	289.382	693	1367	2060	0.336408
154000	1.54	289.385	723	1337	2060	0.350971
155000	1.55	289.387	706	1354	2060	0.342718
156000	1.56	289.39	675	1385	2060	0.32767
157000	1.57	289.392	698	1362	2060	0.338835
158000	1.58	289.395	672	1388	2060	0.326214
159000	1.59	289.397	668	1392	2060	0.324272
160000	1.6	289.4	684	1376	2060	0.332039
161000	1.61	289.402	697	1363	2060	0.33835
162000	1.62	289.405	738	1322	2060	0.358252
163000	1.63	289.408	712	1348	2060	0.345631
164000	1.64	289.41	715	1345	2060	0.347087
165000	1.65	289.413	735	1325	2060	0.356796
166000	1.66	289.415	722	1338	2060	0.350485
167000	1.67	289.418	711	1349	2060	0.345146
168000	1.68	289.42	680	1380	2060	0.330097
169000	1.69	289.423	706	1354	2060	0.342718
170000	1.7	289.425	761	1299	2060	0.369417
171000	1.71	289.428	754	1306	2060	0.366019
172000	1.72	289.43	777	1283	2060	0.377184
173000	1.73	289.433	781	1279	2060	0.379126
174000	1.74	289.435	767	1293	2060	0.37233
175000	1.75	289.438	780	1280	2060	0.378641
176000	1.76	289.44	739	1321	2060	0.358738
177000	1.77	289.442	793	1267	2060	0.384951
178000	1.78	289.445	799	1261	2060	0.387864
179000	1.79	289.447	774	1286	2060	0.375728
180000	1.8	289.45	795	1265	2060	0.385922
181000	1.81	289.452	767	1293	2060	0.37233
182000	1.82	289.455	777	1283	2060	0.377184
183000	1.83	289.457	815	1245	2060	0.395631
184000	1.84	289.46	839	1221	2060	0.407282
185000	1.85	289.462	838	1222	2060	0.406796
186000	1.86	289.465	835	1225	2060	0.40534
187000	1.87	289.467	831	1229	2060	0.403398
188000	1.88	289.47	840	1220	2060	0.407767
189000	1.89	289.473	813	1247	2060	0.39466
190000	1.9	289.475	846	1214	2060	0.41068
191000	1.91	289.478	877	1183	2060	0.425728
192000	1.92	289.48	858	1202	2060	0.416505
193000	1.93	289.483	842	1218	2060	0.408738
194000	1.94	289.485	857	1203	2060	0.416019
195000	1.95	289.488	811	1249	2060	0.393689
196000	1.96	289.49	838	1222	2060	0.406796
197000	1.97	289.493	829	1231	2060	0.402427
198000	1.98	289.495	851	1209	2060	0.413107
199000	1.99	289.498	888	1172	2060	0.431068
200000	2	289.5	867	1193	2060	0.420874
201000	2.01	289.502	854	1206	2060	0.414563
202000	2.02	289.505	856	1204	2060	0.415534
203000	2.03	289.507	860	1200	2060	0.417476
204000	2.04	289.51	879	1181	2060	0.426699
205000	2.05	289.512	840	1220	2060	0.407767
206000	2.06	289.515	893	1167	2060	0.433495
207000	2.07	289.517	924	1136	2060	0.448544
208000	2.08	289.52	962	1098	2060	0.46699
209000	2.09	289.522	940	1120	2060	0.456311
210000	2.1	289.525	910	1150	2060	0.441748
211000	2.11	289.527	923	1137	2060	0.448058
212000	2.12	289.53	969	1091	2060	0.470388
213000	2.13	289.533	944	1116	2060	0.458252
214000	2.14	289.535	950	1110	2060	0.461165
215000	2.15	289.538	960	1100	2060	0.466019
216000	2.16	289.54	936	1124	2060	0.454369
217000	2.17	289.543	938	1122	2060	0.45534
218000	2.18	289.545	976	1084	2060	0.473786
219000	2.19	289.548	971	1089	2060	0.471359
220000	2.2	289.55	973	1087	2060	0.47233
221000	2.21	289.553	913	1147	2060	0.443204
222000	2.22	289.555	996	1064	2060	0.483495
223000	2.23	289.558	1011	1049	2060	0.490777
224000	2.24	289.56	1008	1052	2060	0.48932
225000	2.25	289.562	1039	1021	2060	0.504369
226000	2.26	289.565	1051	1009	2060	0.510194
227000	2.27	289.567	1073	987	2060	0.520874
228000	2.28	289.57	1069	991	2060	0.518932
229000	2.29	289.572	1068	992	2060	0.518447
230000	2.3	289.575	1052	1008	2060	0.51068
231000	2.31	289.577	1038	1022	2060	0.503883
232000	2.32	289.58	1090	970	2060	0.529126
233000	2.33	289.582	1074	986	2060	0.521359
234000	2.34	289.585	1082	978	2060	0.525243
235000	2.35	289.587	1083	977	2060	0.525728
236000	2.36	289.59	1067	993	2060	0.517961
237000	2.37	289.592	1040	1020	2060	0.504854
238000	2.38	289.595	1045	1015	2060	0.507282
239000	2.39	289.598	1072	988	2060	0.520388
240000	2.4	289.6	1059	1001	2060	0.514078
241000	2.41	289.603	1044	1016	2060	0.506796
242000	2.42	289.605	1012	1048	2060	0.491262
243000	2.43	289.608	1027	1033	2060	0.498544
244000	2.44	289.61	1026	1034	2060	0.498058
245000	2.45	289.613	1035	1025	2060	0.502427
246000	2.46	289.615	1031	1029	2060	0.500485
247000	2.47	289.618	985	1075	2060	0.478155
248000	2.48	289.62	999	1061	2060	0.484951
249000	2.49	289.623	1028	1032	2060	0.499029
250000	2.5	289.625	1051	1009	2060	0.510194
251000	2.51	289.627	1014	1046	2060	0.492233
252000	2.52	289.63	996	1064	2060	0.483495
253000	2.53	289.632	1016	1044	2060	0.493204
254000	2.54	289.635	1017	1043	2060	0.493689
255000	2.55	289.637	1034	1026	2060	0.501942
256000	2.56	289.64	1049	1011	2060	0.509223
257000	2.57	289.642	1035	1025	2060	0.502427
258000	2.58	289.645	1018	1042	2060	0.494175
259000	2.59	289.647	1066	994	2060	0.517476
260000	2.6	289.65	1086	974	2060	0.527184
261000	2.61	289.652	1087	973	2060	0.52767
262000	2.62	289.655	1126	934	2060	0.546602
263000	2.63	289.658	1078	982	2060	0.523301
264000	2.64	289.66	1080	980	2060	0.524272
265000	2.65	289.663	1051	1009	2060	0.510194
266000	2.66	289.665	1097	963	2060	0.532524
267000	2.67	289.668	1046	1014	2060	0.507767
268000	2.68	289.67	1056	1004	2060	0.512621
269000	2.69	289.673	1061	999	2060	0.515049
270000	2.7	289.675	1029	1031	2060	0.499515
271000	2.71	289.678	1052	1008	2060	0.51068
272000	2.72	289.68	1043	1017	2060	0.506311
273000	2.73	289.683	1039	1021	2060	0.504369
274000	2.74	289.685	1035	1025	2060	0.502427
275000	2.75	289.688	1043	1017	2060	0.506311
276000	2.76	289.69	1034	1026	2060	0.501942
277000	2.77	289.692	1026	1034	2060	0.498058
278000	2.78	289.695	1052	1008	2060	0.51068
279000	2.79	289.697	1031	1029	2060	0.500485
280000	2.8	289.7	1024	1036	2060	0.497087
281000	2.81	289.702	1036	1024	2060	0.502913
282000	2.82	289.705	1054	1006	2060	0.51165
283000	2.83	289.707	1074	986	2060	0.521359
284000	2.84	289.71	1042	1018	2060	0.505825
285000	2.85	289.712	1091	969	2060	0.529612
286000	2.86	289.715	1076	984	2060	0.52233
287000	2.87	289.717	1122	938	2060	0.54466
288000	2.88	289.72	1153	907	2060	0.559709
289000	2.89	289.723	1111	949	2060	0.53932
290000	2.9	289.725	1079	981	2060	0.523786
291000	2.91	289.728	1097	963	2060	0.532524
292000	2.92	289.73	1094	966	2060	0.531068
293000	2.93	289.733	1076	984	2060	0.52233
294000	2.94	289.735	1119	941	2060	0.543204
295000	2.95	289.738	1100	960	2060	0.533981
296000	2.96	289.74	1107	953	2060	0.537379
297000	2.97	289.743	1133	927	2060	0.55
298000	2.98	289.745	1140	920	2060	0.553398
299000	2.99	289.748	1140	920	2060	0.553398
300000	3	289.75	1122	938	2060	0.54466
301000	3.01	289.752	1171	889	2060	0.568447
302000	3.02	289.755	1120	940	2060	0.543689
303000	3.03	289.757	1157	903	2060	0.56165
304000	3.04	289.76	1180	880	2060	0.572816
305000	3.05	289.762	1163	897	2060	0.564563
306000	3.06	289.765	1213	847	2060	0.588835
307000	3.07	289.767	1159	901	2060	0.562621
308000	3.08	289.77	1165	895	2060	0.565534
309000	3.09	289.772	1198	862	2060	0.581553
310000	3.1	289.775	1144	916	2060	0.55534
311000	3.11	289.777	1161	899	2060	0.563592
312000	3.12	289.78	1179	881	2060	0.57233
313000	3.13	289.783	1219	841	2060	0.591748
314000	3.14	289.785	1193	867	2060	0.579126
315000	3.15	289.788	1215	845	2060	0.589806
316000	3.16	289.79	1186	874	2060	0.575728
317000	3.17	289.793	1261	799	2060	0.612136
318000	3.18	289.795	1235	825	2060	0.599515
319000	3.19	289.798	1254	806	2060	0.608738
320000	3.2	289.8	1239	821	2060	0.601456
321000	3.21	289.803	1268	792	2060	0.615534
322000	3.22	289.805	1237	823	2060	0.600485
323000	3.23	289.808	1230	830	2060	0.597087
324000	3.24	289.81	1213	847	2060	0.588835
325000	3.25	289.812	1230	830	2060	0.597087
326000	3.26	289.815	1184	876	2060	0.574757
327000	3.27	289.817	1239	821	2060	0.601456
328000	3.28	289.82	1210	850	2060	0.587379
329000	3.29	289.822	1244	816	2060	0.603883
330000	3.3	289.825	1231	829	2060	0.597573
331000	3.31	289.827	1263	797	2060	0.613107
332000	3.32	289.83	1236	824	2060	0.6
333000	3.33	289.832	1256	804	2060	0.609709
334000	3.34	289.835	1270	790	2060	0.616505
335000	3.35	289.837	1254	806	2060	0.608738
336000	3.36	289.84	1232	828	2060	0.598058
337000	3.37	289.842	1212	848	2060	0.58835
338000	3.38	289.845	1244	816	2060	0.603883
339000	3.39	289.848	1229	831	2060	0.596602
340000	3.4	289.85	1246	814	2060	0.604854
341000	3.41	289.853	1247	813	2060	0.60534
342000	3.42	289.855	1284	776	2060	0.623301
343000	3.43	289.858	1252	808	2060	0.607767
344000	3.44	289.86	1248	812	2060	0.605825
345000	3.45	289.863	1252	808	2060	0.607767
346000	3.46	289.865	1286	774	2060	0.624272
347000	3.47	289.868	1214	846	2060	0.58932
348000	3.48	289.87	1206	854	2060	0.585437
349000	3.49	289.873	1220	840	2060	0.592233
350000	3.5	289.875	1183	877	2060	0.574272
351000	3.51	289.877	1147	913	2060	0.556796
352000	3.52	289.88	1139	921	2060	0.552913
353000	3.53	289.882	1181	879	2060	0.573301
354000	3.54	289.885	1182	878	2060	0.573786
355000	3.55	289.887	1203	857	2060	0.583981
356000	3.56	289.89	1189	871	2060	0.577184
357000	3.57	289.892	1190	870	2060	0.57767
358000	3.58	289.895	1212	848	2060	0.58835
359000	3.59	289.897	1185	875	2060	0.575243
360000	3.6	289.9	1164	896	2060	0.565049
361000	3.61	289.902	1165	895	2060	0.565534
362000	3.62	289.905	1171	889	2060	0.568447
363000	3.63	289.908	1207	853	2060	0.585922
364000	3.64	289.91	1221	839	2060	0.592718
365000	3.65	289.913	1227	833	2060	0.595631
366000	3.66	289.915	1224	836	2060	0.594175
367000	3.67	289.918	1201	859	2060	0.58301
368000	3.68	289.92	1203	857	2060	0.583981
369000	3.69	289.923	1195	865	2060	0.580097
370000	3.7	289.925	1192	868	2060	0.578641
371000	3.71	289.928	1212	848	2060	0.58835
372000	3.72	289.93	1220	840	2060	0.592233
373000	3.73	289.933	1205	855	2060	0.584951
374000	3.74	289.935	1219	841	2060	0.591748
375000	3.75	289.938	1164	896	2060	0.565049
376000	3.76	289.94	1156	904	2060	0.561165
377000	3.77	289.942	1160	900	2060	0.563107
378000	3.78	289.945	1138	922	2060	0.552427
379000	3.79	289.947	1203	857	2060	0.583981
380000	3.8	289.95	1180	880	2060	0.572816
381000	3.81	289.952	1165	895	2060	0.565534
382000	3.82	289.955	1177	883	2060	0.571359
383000	3.83	289.957	1125	935	2060	0.546117
384000	3.84	289.96	1161	899	2060	0.563592
385000	3.85	289.962	1148	912	2060	0.557282
386000	3.86	289.965	1188	872	2060	0.576699
387000	3.87	289.967	1198	862	2060	0.581553
388000	3.88	289.97	1158	902	2060	0.562136
389000	3.89	289.973	1154	906	2060	0.560194
390000	3.9	289.975	1166	894	2060	0.566019
391000	3.91	289.978	1173	887	2060	0.569417
392000	3.92	289.98	1167	893	2060	0.566505
393000	3.93	289.983	1173	887	2060	0.569417
394000	3.94	289.985	1155	905	2060	0.56068
395000	3.95	289.988	1140	920	2060	0.553398
396000	3.96	289.99	1146	914	2060	0.556311
397000	3.97	289.993	1154	906	2060	0.560194
398000	3.98	289.995	1146	914	2060	0.556311
399000	3.99	289.998	1198	862	2060	0.581553
400000	4	290	1236	824	2060	0.6
