0	0	289	802	1258	2060	0.38932
1000	0.01	289.002	865	1195	2060	0.419903
2000	0.02	289.005	827	1233	2060	0.401456
3000	0.03	289.007	837	1223	2060	0.406311
4000	0.04	289.01	833	1227	2060	0.404369
5000	0.05	289.012	813	1247	2060	0.39466
6000	0.06	289.015	815	1245	2060	0.395631
7000	0.07	289.017	808	1252	2060	0.392233
8000	0.08	289.02	866	1194	2060	0.420388
9000	0.09	289.022	857	1203	2060	0.416019
10000	0.1	289.025	858	1202	2060	0.416505
11000	0.11	289.027	850	1210	2060	0.412621
12000	0.12	289.03	890	1170	2060	0.432039
13000	0.13	289.033	892	1168	2060	0.43301
14000	0.14	289.035	921	1139	2060	0.447087
15000	0.15	289.038	920	1140	2060	0.446602
16000	0.16	289.04	922	1138	2060	0.447573
17000	0.17	289.043	921	1139	2060	0.447087
18000	0.18	289.045	941	1119	2060	0.456796
19000	0.19	289.048	928	1132	2060	0.450485
20000	0.2	289.05	919	1141	2060	0.446117
21000	0.21	289.053	900	1160	2060	0.436893
22000	0.22	289.055	893	1167	2060	0.433495
23000	0.23	289.058	899	1161	2060	0.436408
24000	0.24	289.06	892	1168	2060	0.43301
25000	0.25	289.062	924	1136	2060	0.448544
26000	0.26	289.065	887	1173	2060	0.430583
27000	0.27	289.067	919	1141	2060	0.446117
28000	0.28	289.07	957	1103	2060	0.464563
29000	0.29	289.072	966	1094	2060	0.468932
30000	0.3	289.075	960	1100	2060	0.466019
31000	0.31	289.077	973	1087	2060	0.47233
32000	0.32	289.08	973	1087	2060	0.47233
33000	0.33	289.082	974	1086	2060	0.472816
34000	0.34	289.085	969	1091	2060	0.470388
35000	0.35	289.087	968	1092	2060	0.469903
36000	0.36	289.09	953	1107	2060	0.462621
37000	0.37	289.092	935	1125	2060	0.453883
38000	0.38	289.095	1000	1060	2060	0.485437
39000	0.39	289.098	990	1070	2060	0.480583
40000	0.4	289.1	1020	1040	2060	0.495146
41000	0.41	289.103	1004	1056	2060	0.487379
42000	0.42	289.105	1046	1014	2060	0.507767
43000	0.43	289.108	1023	1037	2060	0.496602
44000	0.44	289.11	1050	1010	2060	0.509709
45000	0.45	289.113	1028	1032	2060	0.499029
46000	0.46	289.115	1043	1017	2060	0.506311
47000	0.47	289.118	1039	1021	2060	0.504369
48000	0.48	289.12	1006	1054	2060	0.48835
49000	0.49	289.123	1022	1038	2060	0.496117
50000	0.5	289.125	1007	1053	2060	0.488835
51000	0.51	289.127	1052	1008	2060	0.51068
52000	0.52	289.13	1031	1029	2060	0.500485
53000	0.53	289.132	1063	997	2060	0.516019
54000	0.54	289.135	1092	968	2060	0.530097
55000	0.55	289.137	1102	958	2060	0.534951
56000	0.56	289.14	1058	1002	2060	0.513592
57000	0.57	289.142	1124	936	2060	0.545631
58000	0.58	289.145	1115	945	2060	0.541262
59000	0.59	289.147	1114	946	2060	0.540777
60000	0.6	289.15	1085	975	2060	0.526699
61000	0.61	289.152	1062	998	2060	0.515534
62000	0.62	289.155	1047	1013	2060	0.508252
63000	0.63	289.158	1029	1031	2060	0.499515
64000	0.64	289.16	1066	994	2060	0.517476
65000	0.65	289.163	1097	963	2060	0.532524
66000	0.66	289.165	1105	955	2060	0.536408
67000	0.67	289.168	1101	959	2060	0.534466
68000	0.68	289.17	1111	949	2060	0.53932
69000	0.69	289.173	1077	983	2060	0.522816
70000	0.7	289.175	1097	963	2060	0.532524
71000	0.71	289.178	1092	968	2060	0.530097
72000	0.72	289.18	1125	935	2060	0.546117
73000	0.73	289.183	1117	943	2060	0.542233
74000	0.74	289.185	1129	931	2060	0.548058
75000	0.75	289.188	1122	938	2060	0.54466
76000	0.76	289.19	1127	933	2060	0.547087
77000	0.77	289.192	1133	927	2060	0.55
78000	0.78	289.195	1178	882	2060	0.571845
79000	0.79	289.197	1189	871	2060	0.577184
80000	0.8	289.2	1196	864	2060	0.580583
81000	0.81	289.202	1163	897	2060	0.564563
82000	0.82	289.205	1163	897	2060	0.564563
83000	0.83	289.207	1174	886	2060	0.569903
84000	0.84	289.21	1201	859	2060	0.58301
85000	0.85	289.212	1200	860	2060	0.582524
86000	0.86	289.215	1156	904	2060	0.561165
87000	0.87	289.217	1140	920	2060	0.553398
88000	0.88	289.22	1171	889	2060	0.568447
89000	0.89	289.223	1172	888	2060	0.568932
90000	0.9	289.225	1193	867	2060	0.579126
91000	0.91	289.228	1186	874	2060	0.575728
92000	0.92	289.23	1139	921	2060	0.552913
93000	0.93	289.233	1149	911	2060	0.557767
94000	0.94	289.235	1143	917	2060	0.554854
95000	0.95	289.238	1158	902	2060	0.562136
96000	0.96	289.24	1151	909	2060	0.558738
97000	0.97	289.243	1112	948	2060	0.539806
98000	0.98	289.245	1104	956	2060	0.535922
99000	0.99	289.248	1121	939	2060	0.544175
100000	1	289.25	1120	940	2060	0.543689
101000	1.01	289.252	1103	957	2060	0.535437
102000	1.02	289.255	1157	903	2060	0.56165
103000	1.03	289.257	1141	919	2060	0.553883
104000	1.04	289.26	1158	902	2060	0.562136
105000	1.05	289.262	1164	896	2060	0.565049
106000	1.06	289.265	1157	903	2060	0.56165
107000	1.07	289.267	1177	883	2060	0.571359
108000	1.08	289.27	1153	907	2060	0.559709
109000	1.09	289.272	1189	871	2060	0.577184
110000	1.1	289.275	1183	877	2060	0.574272
111000	1.11	289.277	1184	876	2060	0.574757
112000	1.12	289.28	1187	873	2060	0.576214
113000	1.13	289.283	1169	891	2060	0.567476
114000	1.14	289.285	1167	893	2060	0.566505
115000	1.15	289.288	1166	894	2060	0.566019
116000	1.16	289.29	1179	881	2060	0.57233
117000	1.17	289.293	1179	881	2060	0.57233
118000	1.18	289.295	1160	900	2060	0.563107
119000	1.19	289.298	1134	926	2060	0.550485
120000	1.2	289.3	1154	906	2060	0.560194
121000	1.21	289.303	1155	905	2060	0.56068
122000	1.22	289.305	1165	895	2060	0.565534
123000	1.23	289.308	1138	922	2060	0.552427
124000	1.24	289.31	1185	875	2060	0.575243
125000	1.25	289.312	1169	891	2060	0.567476
126000	1.26	289.315	1174	886	2060	0.569903
127000	1.27	289.317	1147	913	2060	0.556796
128000	1.28	289.32	1156	904	2060	0.561165
129000	1.29	289.322	1168	892	2060	0.56699
130000	1.3	289.325	1170	890	2060	0.567961
131000	1.31	289.327	1175	885	2060	0.570388
132000	1.32	289.33	1178	882	2060	0.571845
133000	1.33	289.332	1148	912	2060	0.557282
134000	1.34	289.335	1113	947	2060	0.540291
135000	1.35	289.337	1149	911	2060	0.557767
136000	1.36	289.34	1173	887	2060	0.569417
137000	1.37	289.342	1135	925	2060	0.550971
138000	1.38	289.345	1154	906	2060	0.560194
139000	1.39	289.348	1135	925	2060	0.550971
140000	1.4	289.35	1136	924	2060	0.551456
141000	1.41	289.353	1139	921	2060	0.552913
142000	1.42	289.355	1152	908	2060	0.559223
143000	1.43	289.358	1155	905	2060	0.56068
144000	1.44	289.36	1157	903	2060	0.56165
145000	1.45	289.363	1158	902	2060	0.562136
146000	1.46	289.365	1209	851	2060	0.586893
147000	1.47	289.368	1190	870	2060	0.57767
148000	1.48	289.37	1207	853	2060	0.585922
149000	1.49	289.373	1162	898	2060	0.564078
150000	1.5	289.375	1198	862	2060	0.581553
151000	1.51	289.377	1184	876	2060	0.574757
152000	1.52	289.38	1137	923	2060	0.551942
153000	1.53	289.382	1140	920	2060	0.553398
154000	1.54	289.385	1166	894	2060	0.566019
155000	1.55	289.387	1200	860	2060	0.582524
156000	1.56	289.39	1183	877	2060	0.574272
157000	1.57	289.392	1159	901	2060	0.562621
158000	1.58	289.395	1165	895	2060	0.565534
159000	1.59	289.397	1134	926	2060	0.550485
160000	1.6	289.4	1131	929	2060	0.549029
161000	1.61	289.402	1152	908	2060	0.559223
162000	1.62	289.405	1129	931	2060	0.548058
163000	1.63	289.408	1159	901	2060	0.562621
164000	1.64	289.41	1173	887	2060	0.569417
165000	1.65	289.413	1160	900	2060	0.563107
166000	1.66	289.415	1118	942	2060	0.542718
167000	1.67	289.418	1150	910	2060	0.558252
168000	1.68	289.42	1148	912	2060	0.557282
169000	1.69	289.423	1170	890	2060	0.567961
170000	1.7	289.425	1130	930	2060	0.548544
171000	1.71	289.428	1073	987	2060	0.520874
172000	1.72	289.43	1069	991	2060	0.518932
173000	1.73	289.433	1136	924	2060	0.551456
174000	1.74	289.435	1170	890	2060	0.567961
175000	1.75	289.438	1172	888	2060	0.568932
176000	1.76	289.44	1168	892	2060	0.56699
177000	1.77	289.442	1136	924	2060	0.551456
178000	1.78	289.445	1175	885	2060	0.570388
179000	1.79	289.447	1181	879	2060	0.573301
180000	1.8	289.45	1169	891	2060	0.567476
181000	1.81	289.452	1193	867	2060	0.579126
182000	1.82	289.455	1177	883	2060	0.571359
183000	1.83	289.457	1169	891	2060	0.567476
184000	1.84	289.46	1191	869	2060	0.578155
185000	1.85	289.462	1183	877	2060	0.574272
186000	1.86	289.465	1160	900	2060	0.563107
187000	1.87	289.467	1153	907	2060	0.559709
188000	1.88	289.47	1157	903	2060	0.56165
189000	1.89	289.473	1140	920	2060	0.553398
190000	1.9	289.475	1169	891	2060	0.567476
191000	1.91	289.478	1123	937	2060	0.545146
192000	1.92	289.48	1134	926	2060	0.550485
193000	1.93	289.483	1122	938	2060	0.54466
194000	1.94	289.485	1125	935	2060	0.546117
195000	1.95	289.488	1105	955	2060	0.536408
196000	1.96	289.49	1116	944	2060	0.541748
197000	1.97	289.493	1132	928	2060	0.549515
198000	1.98	289.495	1109	951	2060	0.53835
199000	1.99	289.498	1105	955	2060	0.536408
200000	2	289.5	1093	967	2060	0.530583
201000	2.01	289.502	1130	930	2060	0.548544
202000	2.02	289.505	1069	991	2060	0.518932
203000	2.03	289.507	1068	992	2060	0.518447
204000	2.04	289.51	1070	990	2060	0.519417
205000	2.05	289.512	1089	971	2060	0.528641
206000	2.06	289.515	1094	966	2060	0.531068
207000	2.07	289.517	1072	988	2060	0.520388
208000	2.08	289.52	1074	986	2060	0.521359
209000	2.09	289.522	1113	947	2060	0.540291
210000	2.1	289.525	1104	956	2060	0.535922
211000	2.11	289.527	1066	994	2060	0.517476
212000	2.12	289.53	1044	1016	2060	0.506796
213000	2.13	289.533	1076	984	2060	0.52233
214000	2.14	289.535	1061	999	2060	0.515049
215000	2.15	289.538	1069	991	2060	0.518932
216000	2.16	289.54	1087	973	2060	0.52767
217000	2.17	289.543	1079	981	2060	0.523786
218000	2.18	289.545	1050	1010	2060	0.509709
219000	2.19	289.548	1073	987	2060	0.520874
220000	2.2	289.55	1066	994	2060	0.517476
221000	2.21	289.553	1075	985	2060	0.521845
222000	2.22	289.555	1130	930	2060	0.548544
223000	2.23	289.558	1128	932	2060	0.547573
224000	2.24	289.56	1134	926	2060	0.550485
225000	2.25	289.562	1120	940	2060	0.543689
226000	2.26	289.565	1134	926	2060	0.550485
227000	2.27	289.567	1094	966	2060	0.531068
228000	2.28	289.57	1131	929	2060	0.549029
229000	2.29	289.572	1110	950	2060	0.538835
230000	2.3	289.575	1081	979	2060	0.524757
231000	2.31	289.577	1074	986	2060	0.521359
232000	2.32	289.58	1099	961	2060	0.533495
233000	2.33	289.582	1064	996	2060	0.516505
234000	2.34	289.585	1052	1008	2060	0.51068
235000	2.35	289.587	1036	1024	2060	0.502913
236000	2.36	289.59	1026	1034	2060	0.498058
237000	2.37	289.592	1023	1037	2060	0.496602
238000	2.38	289.595	1021	1039	2060	0.495631
239000	2.39	289.598	1000	1060	2060	0.485437
240000	2.4	289.6	1029	1031	2060	0.499515
241000	2.41	289.603	989	1071	2060	0.480097
242000	2.42	289.605	980	1080	2060	0.475728
243000	2.43	289.608	1005	1055	2060	0.487864
244000	2.44	289.61	1012	1048	2060	0.491262
245000	2.45	289.613	975	1085	2060	0.473301
246000	2.46	289.615	966	1094	2060	0.468932
247000	2.47	289.618	975	1085	2060	0.473301
248000	2.48	289.62	1024	1036	2060	0.497087
249000	2.49	289.623	989	1071	2060	0.480097
250000	2.5	289.625	1044	1016	2060	0.506796
251000	2.51	289.627	1043	1017	2060	0.506311
252000	2.52	289.63	1029	1031	2060	0.499515
253000	2.53	289.632	1026	1034	2060	0.498058
254000	2.54	289.635	1061	999	2060	0.515049
255000	2.55	289.637	1059	1001	2060	0.514078
256000	2.56	289.64	1049	1011	2060	0.509223
257000	2.57	289.642	1050	1010	2060	0.509709
258000	2.58	289.645	1096	964	2060	0.532039
259000	2.59	289.647	1093	967	2060	0.530583
260000	2.6	289.65	1110	950	2060	0.538835
261000	2.61	289.652	1136	924	2060	0.551456
262000	2.62	289.655	1107	953	2060	0.537379
263000	2.63	289.658	1132	928	2060	0.549515
264000	2.64	289.66	1122	938	2060	0.54466
265000	2.65	289.663	1100	960	2060	0.533981
266000	2.66	289.665	1123	937	2060	0.545146
267000	2.67	289.668	1108	952	2060	0.537864
268000	2.68	289.67	1139	921	2060	0.552913
269000	2.69	289.673	1126	934	2060	0.546602
270000	2.7	289.675	1132	928	2060	0.549515
271000	2.71	289.678	1134	926	2060	0.550485
272000	2.72	289.68	1144	916	2060	0.55534
273000	2.73	289.683	1155	905	2060	0.56068
274000	2.74	289.685	1155	905	2060	0.56068
275000	2.75	289.688	1166	894	2060	0.566019
276000	2.76	289.69	1144	916	2060	0.55534
277000	2.77	289.692	1138	922	2060	0.552427
278000	2.78	289.695	1146	914	2060	0.556311
279000	2.79	289.697	1147	913	2060	0.556796
280000	2.8	289.7	1157	903	2060	0.56165
281000	2.81	289.702	1156	904	2060	0.561165
282000	2.82	289.705	1151	909	2060	0.558738
283000	2.83	289.707	1169	891	2060	0.567476
284000	2.84	289.71	1137	923	2060	0.551942
285000	2.85	289.712	1128	932	2060	0.547573
286000	2.86	289.715	1132	928	2060	0.549515
287000	2.87	289.717	1169	891	2060	0.567476
288000	2.88	289.72	1157	903	2060	0.56165
289000	2.89	289.723	1163	897	2060	0.564563
290000	2.9	289.725	1177	883	2060	0.571359
291000	2.91	289.728	1137	923	2060	0.551942
292000	2.92	289.73	1176	884	2060	0.570874
293000	2.93	289.733	1177	883	2060	0.571359
294000	2.94	289.735	1171	889	2060	0.568447
295000	2.95	289.738	1166	894	2060	0.566019
296000	2.96	289.74	1195	865	2060	0.580097
297000	2.97	289.743	1165	895	2060	0.565534
298000	2.98	289.745	1161	899	2060	0.563592
299000	2.99	289.748	1142	918	2060	0.554369
300000	3	289.75	1133	927	2060	0.55
301000	3.01	289.752	1152	908	2060	0.559223
302000	3.02	289.755	1150	910	2060	0.558252
303000	3.03	289.757	1123	937	2060	0.545146
304000	3.04	289.76	1149	911	2060	0.557767
305000	3.05	289.762	1111	949	2060	0.53932
306000	3.06	289.765	1119	941	2060	0.543204
307000	3.07	289.767	1142	918	2060	0.554369
308000	3.08	289.77	1158	902	2060	0.562136
309000	3.09	289.772	1151	909	2060	0.558738
310000	3.1	289.775	1142	918	2060	0.554369
311000	3.11	289.777	1128	932	2060	0.547573
312000	3.12	289.78	1155	905	2060	0.56068
313000	3.13	289.783	1190	870	2060	0.57767
314000	3.14	289.785	1181	879	2060	0.573301
315000	3.15	289.788	1147	913	2060	0.556796
316000	3.16	289.79	1126	934	2060	0.546602
317000	3.17	289.793	1125	935	2060	0.546117
318000	3.18	289.795	1185	875	2060	0.575243
319000	3.19	289.798	1141	919	2060	0.553883
320000	3.2	289.8	1175	885	2060	0.570388
321000	3.21	289.803	1165	895	2060	0.565534
322000	3.22	289.805	1174	886	2060	0.569903
323000	3.23	289.808	1168	892	2060	0.56699
324000	3.24	289.81	1174	886	2060	0.569903
325000	3.25	289.812	1165	895	2060	0.565534
326000	3.26	289.815	1174	886	2060	0.569903
327000	3.27	289.817	1153	907	2060	0.559709
328000	3.28	289.82	1167	893	2060	0.566505
329000	3.29	289.822	1162	898	2060	0.564078
330000	3.3	289.825	1154	906	2060	0.560194
331000	3.31	289.827	1187	873	2060	0.576214
332000	3.32	289.83	1165	895	2060	0.565534
333000	3.33	289.832	1151	909	2060	0.558738
334000	3.34	289.835	1135	925	2060	0.550971
335000	3.35	289.837	1147	913	2060	0.556796
336000	3.36	289.84	1191	869	2060	0.578155
337000	3.37	289.842	1162	898	2060	0.564078
338000	3.38	289.845	1122	938	2060	0.54466
339000	3.39	289.848	1134	926	2060	0.550485
340000	3.4	289.85	1087	973	2060	0.52767
341000	3.41	289.853	1072	988	2060	0.520388
342000	3.42	289.855	1105	955	2060	0.536408
343000	3.43	289.858	1097	963	2060	0.532524
344000	3.44	289.86	1134	926	2060	0.550485
345000	3.45	289.863	1131	929	2060	0.549029
346000	3.46	289.865	1196	864	2060	0.580583
347000	3.47	289.868	1155	905	2060	0.56068
348000	3.48	289.87	1151	909	2060	0.558738
349000	3.49	289.873	1174	886	2060	0.569903
350000	3.5	289.875	1175	885	2060	0.570388
351000	3.51	289.877	1163	897	2060	0.564563
352000	3.52	289.88	1173	887	2060	0.569417
353000	3.53	289.882	1161	899	2060	0.563592
354000	3.54	289.885	1161	899	2060	0.563592
355000	3.55	289.887	1168	892	2060	0.56699
356000	3.56	289.89	1181	879	2060	0.573301
357000	3.57	289.892	1160	900	2060	0.563107
358000	3.58	289.895	1122	938	2060	0.54466
359000	3.59	289.897	1127	933	2060	0.547087
360000	3.6	289.9	1119	941	2060	0.543204
361000	3.61	289.902	1142	918	2060	0.554369
362000	3.62	289.905	1106	954	2060	0.536893
363000	3.63	289.908	1106	954	2060	0.536893
364000	3.64	289.91	1132	928	2060	0.549515
365000	3.65	289.913	1147	913	2060	0.556796
366000	3.66	289.915	1165	895	2060	0.565534
367000	3.67	289.918	1110	950	2060	0.538835
368000	3.68	289.92	1128	932	2060	0.547573
369000	3.69	289.923	1118	942	2060	0.542718
370000	3.7	289.925	1120	940	2060	0.543689
371000	3.71	289.928	1076	984	2060	0.52233
372000	3.72	289.93	1121	939	2060	0.544175
373000	3.73	289.933	1137	923	2060	0.551942
374000	3.74	289.935	1136	924	2060	0.551456
375000	3.75	289.938	1057	1003	2060	0.513107
376000	3.76	289.94	1074	986	2060	0.521359
377000	3.77	289.942	1154	906	2060	0.560194
378000	3.78	289.945	1108	952	2060	0.537864
379000	3.79	289.947	1160	900	2060	0.563107
380000	3.8	289.95	1112	948	2060	0.539806
381000	3.81	289.952	1097	963	2060	0.532524
382000	3.82	289.955	1080	980	2060	0.524272
383000	3.83	289.957	1078	982	2060	0.523301
384000	3.84	289.96	1108	952	2060	0.537864
385000	3.85	289.962	1136	924	2060	0.551456
386000	3.86	289.965	1081	979	2060	0.524757
387000	3.87	289.967	1093	967	2060	0.530583
388000	3.88	289.97	1096	964	2060	0.532039
389000	3.89	289.973	1046	1014	2060	0.507767
390000	3.9	289.975	1073	987	2060	0.520874
391000	3.91	289.978	1097	963	2060	0.532524
392000	3.92	289.98	1037	1023	2060	0.503398
393000	3.93	289.983	1041	1019	2060	0.50534
394000	3.94	289.985	1029	1031	2060	0.499515
395000	3.95	289.988	1001	1059	2060	0.485922
396000	3.96	289.99	1022	1038	2060	0.496117
397000	3.97	289.993	967	1093	2060	0.469417
398000	3.98	289.995	992	1068	2060	0.481553
399000	3.99	289.998	1007	1053	2060	0.488835
400000	4	290	1029	1031	2060	0.499515
