0 298.0391 -959.54309 50605.532 -61631 5824.63 -67455.7 8.7825458
0.01 291.85127 -1183.573 50448.378 -61984.6 5703.7 -67688.3 19.001964
0.02 302.81871 -265.13289 49975.134 -62386 5918.04 -68304 26.805787
0.03 297.9117 -974.01909 50487.288 -61976.8 5822.14 -67798.9 35.441475
0.04 298.2858 -1195.6895 50056.084 -61765.2 5829.45 -67594.7 43.900212
0.05 305.81456 -1415.2187 50391.153 -61878.4 5976.59 -67855 53.309327
0.06 302.64215 -732.92319 50218.823 -61507.5 5914.59 -67422.1 63.384312
0.07 294.50732 -843.16942 50060.309 -61607.4 5755.61 -67363 70.763618
0.08 293.27799 -1191.9167 50049.336 -61500.3 5731.58 -67231.9 80.220713
0.09 284.90325 -1021.3853 50259.95 -61401.4 5567.91 -66969.4 88.905429
0.1 293.1284 -553.52045 49738.032 -61421 5728.66 -67149.7 99.201
0.11 294.48613 -1757.8486 50008.879 -62047.2 5755.19 -67802.4 110.7439
0.12 302.73356 -246.74927 49916.332 -61612 5916.37 -67528.4 118.23057
0.13 301.66872 -1237.8154 50496.84 -61826 5895.56 -67721.6 129.19104
0.14 293.551 -1361.7392 50118.246 -61383.1 5736.92 -67120 139.90578
0.15 299.68094 -993.02508 50228.746 -61722.8 5856.72 -67579.5 145.06891
0.16 300.88341 -1068.5282 50426.347 -61694.2 5880.21 -67574.4 153.68881
0.17 293.63674 -1177.1706 50365.539 -61765.2 5738.59 -67503.8 160.20383
0.18 304.35481 -1256.6227 50053.475 -61623.5 5948.06 -67571.6 166.82985
0.19 291.60937 -1084.9748 50042.072 -61595.8 5698.97 -67294.7 179.37404
0.2 303.14707 -1171.4715 50482.504 -61382.7 5924.45 -67307.1 187.54428
0.21 301.27813 -690.74688 49999.332 -61379.7 5887.93 -67267.6 196.73851
0.22 304.47774 -1185.8693 50035.993 -61597.8 5950.46 -67548.3 205.22059
0.23 312.6516 -876.21333 50287.192 -61261.7 6110.2 -67371.9 216.12386
0.24 307.27779 -1327.4665 50074.942 -61341.3 6005.18 -67346.5 225.61774
0.25 297.26469 -1498.3892 50067.218 -61764 5809.49 -67573.5 234.42953
0.26 295.95425 -1169.6729 50451.171 -61242.4 5783.88 -67026.3 244.24203
0.27 297.42196 -551.4872 49885.199 -61453.8 5812.57 -67266.4 252.56873
0.28 295.22981 -1263.8344 50352.83 -61536.4 5769.73 -67306.2 259.31588
0.29 300.54886 -773.95471 49995.703 -61239.4 5873.68 -67113 265.13898
0.3 296.08072 -1428.0845 50127.092 -61301.3 5786.36 -67087.6 271.64638
0.31 288.81419 -1285.4856 50224.71 -61295.2 5644.34 -66939.6 280.07165
0.32 286.05897 -1276.6194 50075.402 -60864.9 5590.5 -66455.4 285.36589
0.33 309.94201 -995.08673 50004.248 -61114.1 6057.25 -67171.4 297.27122
0.34 308.52085 -912.50713 50203.597 -60750.3 6029.47 -66779.8 307.62967
0.35 299.9489 -977.95495 50025.194 -61311.7 5861.95 -67173.6 316.53104
0.36 291.5619 -780.8648 49877.582 -60904.2 5698.04 -66602.3 325.0751
0.37 291.51191 -1437.3028 50036.724 -60890.4 5697.07 -66587.5 338.44511
0.38 282.73454 -1145.0401 49961.278 -61237.9 5525.53 -66763.4 345.33553
0.39 299.45597 -991.48075 49614.396 -61234.2 5852.32 -67086.5 350.34046
0.4 294.65279 -838.22224 49793.89 -60992.9 5758.45 -66751.4 357.72805
0.41 296.47945 -1030.9777 49574.677 -61212.6 5794.15 -67006.8 364.23529
0.42 289.00761 -363.89912 49906.669 -61514.2 5648.12 -67162.3 374.15708
0.43 282.95522 -1111.1355 49889.715 -60921 5529.84 -66450.8 385.83965
0.44 305.22197 -945.00049 50222.294 -60741.6 5965 -66706.6 393.78893
0.45 302.66471 -1069.2574 50230.3 -60811.3 5915.03 -66726.3 402.21536
0.46 294.00161 -1590.9563 50324.585 -60582.6 5745.72 -66328.3 411.8837
0.47 287.34662 -1114.6445 50112.124 -61112.8 5615.66 -66728.5 417.68591
0.48 293.62739 -1401.2936 49945.664 -60941.5 5738.41 -66679.9 427.664
0.49 309.8039 -1056.4554 49822.798 -60278.2 6054.55 -66332.7 436.44986
0.5 292.85563 -1452.8755 50067.71 -60995 5723.33 -66718.3 452.2476
0.51 300.44868 -642.74381 49793.792 -60917.9 5871.72 -66789.6 459.21523
0.52 290.41527 -874.36391 49977.406 -60870.6 5675.63 -66546.2 470.34674
0.53 304.63608 -1613.6503 50038.003 -60653.6 5953.55 -66607.2 477.80787
0.54 296.57919 -1032.8849 49732.281 -61116.6 5796.1 -66912.7 491.27026
0.55 300.85547 -854.83369 49915.936 -60987.7 5879.67 -66867.3 502.54315
0.56 301.42962 -796.60651 49982.138 -60879.2 5890.89 -66770.1 515
0.57 303.68494 -779.74443 49618.189 -60780.9 5934.97 -66715.9 519.00426
0.58 294.41559 -1183.6578 49701.426 -60785.2 5753.81 -66539 528.80517
0.59 302.5304 -833.36987 49990.552 -60368.1 5912.4 -66280.5 541.65663
0.6 297.7424 -1260.5091 49909.329 -60634.1 5818.83 -66452.9 549.14949
0.61 303.0134 -1403.5834 49880.564 -61250.8 5921.84 -67172.6 555.48999
0.62 301.37482 -555.85123 50051.746 -60968.3 5889.82 -66858.1 562.77907
0.63 304.76794 -898.18253 49750.112 -60672.8 5956.13 -66628.9 576.98521
0.64 302.49271 -284.34473 49749.255 -60200.4 5911.67 -66112 585.68256
0.65 306.84992 -657.49568 49480.822 -60597 5996.82 -66593.8 590.01507
0.66 293.99082 -1273.1283 50095.536 -60736.5 5745.51 -66482.1 603.44503
0.67 288.26175 -1009.8557 50099.419 -61007.1 5633.55 -66640.7 615.90979
0.68 290.51078 -1132.2517 50166.488 -61041.5 5677.5 -66719 623.48739
0.69 300.29831 -858.03415 49829.327 -60954 5868.78 -66822.7 631.48438
0.7 291.70734 -1660.0938 49937.898 -61109.7 5700.89 -66810.6 642.64678
0.71 310.08302 -1490.5168 50221.044 -60485.9 6060 -66545.9 656.47633
0.72 299.32229 -798.67709 49615.506 -60989.1 5849.71 -66838.8 661.75308
0.73 300.73919 -1489.9528 50164.531 -60951.9 5877.4 -66829.2 678.63658
0.74 286.91799 -691.08905 49953.695 -60669.6 5607.29 -66276.9 686.03274
0.75 306.39117 -265.42546 49608.475 -60386 5987.85 -66373.8 698.92752
0.76 294.99461 -1501.2641 50043.066 -60433.6 5765.13 -66198.8 717.73636
0.77 287.09652 121.95425 49650.268 -60482 5610.78 -66092.7 728.152
0.78 285.17975 -1133.0425 49702.082 -60611.4 5573.32 -66184.7 736.12839
0.79 292.10209 -1020.7226 49878.491 -60414 5708.6 -66122.6 747.87916
0.8 298.73211 -1790.9366 50060.168 -60193.2 5838.17 -66031.4 765.14038
0.81 296.81719 -852.62028 49359.409 -60472.6 5800.75 -66273.4 767.21022
0.82 305.74446 -256.71454 49310.435 -60173.2 5975.22 -66148.4 777.39262
0.83 301.43436 -481.04197 49891.863 -60237.2 5890.98 -66128.2 790.9215
0.84 300.98727 -945.79428 49720.072 -60141.6 5882.25 -66023.8 798.73825
0.85 295.06261 -1950.1281 50389.638 -60173.1 5766.46 -65939.6 820.16233
0.86 297.18005 -1025.8781 49429.864 -60632.9 5807.84 -66440.7 818.1253
0.87 296.46966 -854.4439 49520.446 -60972.1 5793.96 -66766 823.93443
0.88 304.2692 -188.90237 49420.757 -60681.4 5946.38 -66627.7 826.41755
0.89 299.17909 -1061.3868 50118.971 -60518.4 5846.91 -66365.3 850.46656
0.9 289.76714 -280.69069 50049.081 -61069.4 5662.97 -66732.4 858.61407
0.91 291.49758 -1217.2634 49993.66 -60360.1 5696.79 -66056.9 863.18107
0.92 283.56491 -1506.7392 50004.379 -60753.5 5541.76 -66295.2 871.9374
0.93 303.55925 -1049.1055 49970.595 -60244.5 5932.51 -66177 873.04016
0.94 303.45427 -784.19132 49356.52 -60481.6 5930.46 -66412.1 872.05936
0.95 299.90854 -1525.4344 49878.439 -60016.1 5861.16 -65877.2 893.72455
0.96 293.9147 -863.24658 49287.541 -60381.8 5744.02 -66125.8 903.4177
0.97 290.34878 -1279.6316 49711.157 -60616.5 5674.33 -66290.8 918.40252
0.98 300.56712 -758.36687 49463.137 -60452.1 5874.03 -66326.2 925.62275
0.99 301.83544 -627.9117 49837.125 -60311.4 5898.82 -66210.2 943.04438
1 301.68822 -1021.4516 49476.4 -60242.4 5895.94 -66138.4 952.78461
1.01 309.28475 -694.41207 49879.764 -60142.7 6044.4 -66187.1 957.66231
1.02 310.35743 -473.3043 49367.489 -60225 6065.37 -66290.4 956.97412
1.03 302.60798 -1274.3577 50255.459 -60468.8 5913.92 -66382.7 984.7405
1.04 292.16117 -890.98103 49840.99 -60207.1 5709.76 -65916.8 979.94594
1.05 307.86447 -1131.2913 49862.095 -59942.2 6016.65 -65958.9 990.4095
1.06 307.84819 -956.56284 49549.069 -59821.3 6016.33 -65837.6 998.57311
1.07 296.82688 -800.66672 49457.954 -60271.4 5800.94 -66072.3 1008.8613
1.08 297.626 -638.07718 49651.892 -59776.1 5816.55 -65592.7 1021.9739
1.09 291.31417 -1025.4338 49261.432 -59764.1 5693.2 -65457.3 1023.7209
1.1 289.83851 -1414.861 49908.914 -60162.4 5664.36 -65826.8 1040.4778
1.11 294.79093 -404.40839 49644.911 -60027.5 5761.15 -65788.6 1047.8673
1.12 297.77722 -1007.0712 49602.458 -60064.4 5819.51 -65883.9 1062.0291
1.13 302.67688 -1758.2292 49610.76 -59757 5915.27 -65672.3 1065.6287
1.14 294.01583 -1126.1342 50038.819 -60326.8 5746 -66072.8 1079.4705
1.15 313.89305 -671.26358 49458.003 -59502.4 6134.46 -65636.9 1082.0777
1.16 296.99649 -1165.462 49883.52 -60038.6 5804.25 -65842.8 1096.8115
1.17 299.92207 -743.17899 49752.866 -59621.8 5861.43 -65483.3 1112.3272
1.18 295.27647 -758.60234 49436.524 -59701.5 5770.64 -65472.2 1118.3944
1.19 315.64616 -735.51385 49680.834 -59608.6 6168.73 -65777.3 1134.4672
1.2 287.01492 -514.38566 49622.715 -59987.5 5609.18 -65596.7 1140.1685
1.21 292.75095 -903.00735 49749.647 -60027.4 5721.28 -65748.6 1159.4431
1.22 297.64019 -1134.7402 49708.024 -60484.9 5816.83 -66301.8 1161.9502
1.23 309.20393 -1657.4687 50232.019 -59693.4 6042.82 -65736.2 1183.0343
1.24 302.71464 -984.62935 49639.289 -60145 5916 -66061 1183.5307
1.25 297.60022 -473.10333 49171.907 -60098.8 5816.05 -65914.8 1188.9306
1.26 294.75986 -1805.6577 49953.144 -59600.5 5760.54 -65361.1 1224.2863
1.27 291.79413 -977.2507 49488.439 -60189 5702.58 -65891.6 1227.4663
1.28 294.10436 -761.76351 49538.818 -59799.8 5747.73 -65547.5 1234.2112
1.29 301.01011 -665.03225 49343.208 -60206 5882.69 -66088.7 1242.7994
1.3 288.27418 -1334.195 49790.688 -60214.8 5633.79 -65848.6 1262.2212
1.31 301.0416 -585.91835 49519.009 -60168.2 5883.31 -66051.5 1270.8289
1.32 301.89322 -607.32249 49318.249 -60041.3 5899.95 -65941.2 1274.6836
1.33 283.8095 -1006.8765 49403.892 -59942.9 5546.54 -65489.4 1289.0942
1.34 309.89225 -1177.1769 49678.102 -59761.1 6056.28 -65817.4 1303.3872
1.35 298.23832 -1172.1504 49806.733 -60348.7 5828.52 -66177.2 1309.636
1.36 310.14559 -1244.6625 50068.438 -60039.3 6061.23 -66100.5 1315.9469
1.37 283.80022 -1289.3178 49670.57 -60396 5546.36 -65942.3 1320.3499
1.38 297.02339 -728.65095 49498.161 -60164.5 5804.78 -65969.3 1317.1395
1.39 299.46147 -1382.9976 49953.448 -60148 5852.43 -66000.5 1346.2337
1.4 307.45488 -707.90004 49715.135 -59700.6 6008.64 -65709.3 1346.4867
1.41 309.20707 -345.69825 49494.45 -59947.8 6042.89 -65990.6 1352.3544
1.42 283.31361 -1093.1257 49390.949 -60408.9 5536.85 -65945.7 1347.8045
1.43 297.77711 -700.8027 49696.683 -59664.8 5819.51 -65484.3 1366.4481
1.44 302.10167 -1337.0159 49504.288 -59500.9 5904.02 -65404.9 1366.9532
1.45 298.70686 -871.53655 49523.269 -59779.3 5837.68 -65617 1379.9654
1.46 295.98355 -850.79413 49533.991 -60197.2 5784.46 -65981.7 1391.0642
1.47 298.0854 -789.36395 49371.169 -59883.4 5825.53 -65709 1398.4177
1.48 297.44553 -897.34083 49557.733 -60050.8 5813.03 -65863.9 1411.7383
1.49 302.28108 -782.90572 49610.959 -59863 5907.53 -65770.5 1427.5779
1.5 296.42541 -1135.023 49547.891 -60092.5 5793.09 -65885.6 1435.7284
1.51 295.1546 -921.97137 49776.55 -60102 5768.26 -65870.2 1450.1921
1.52 295.37414 -776.11141 49542.394 -59800.9 5772.55 -65573.4 1460.3924
1.53 299.4811 -1356.7742 49853.374 -60413.9 5852.81 -66266.7 1474.7092
1.54 303.66395 -1998.6814 50019.241 -59768.7 5934.56 -65703.2 1488.8003
1.55 288.88533 -1090.8989 49694.494 -60077 5645.73 -65722.7 1488.1439
1.56 307.85566 -1558.3488 49605.916 -59624.5 6016.48 -65641 1497.1913
1.57 303.79437 -1483.6495 49934.794 -60001.6 5937.1 -65938.7 1514.9725
1.58 295.87212 -169.30529 49602.245 -60547.2 5782.28 -66329.4 1521.7475
1.59 306.21578 -1143.6695 49857.651 -59532.7 5984.43 -65517.2 1542.9855
1.6 294.1549 -649.00188 49533.267 -59480.1 5748.72 -65228.8 1554.741
1.61 293.76954 -1085.7466 49468.095 -59488 5741.19 -65229.2 1566.1034
1.62 291.48723 -971.54776 48959.938 -59620.8 5696.58 -65317.4 1566.7732
1.63 304.57223 -1210.3541 49556.475 -59364.8 5952.31 -65317.1 1585.4203
1.64 297.40854 -1802.9519 49415.869 -58940.5 5812.31 -64752.9 1592.2198
1.65 290.59125 -1035.83 49461.163 -58689.1 5679.07 -64368.1 1594.3637
1.66 299.02557 -848.34162 48556.683 -57950.2 5843.91 -63794.1 1590.9514
1.67 304.24551 -1195.0829 48247.649 -57731.8 5945.92 -63677.7 1618.2286
1.68 301.66789 -962.66995 48448.582 -57945.5 5895.55 -63841 1652.3492
1.69 298.45544 -1324.3755 48370.195 -57684.7 5832.77 -63517.5 1666.111
1.7 295.40361 -982.31535 48884.955 -57972.6 5773.12 -63745.7 1699.4638
1.71 293.13642 -837.56355 48909.88 -58010.8 5728.81 -63739.7 1714.3118
1.72 303.90963 -2107.2174 48175.658 -57511 5939.36 -63450.4 1722.9906
1.73 296.67116 -1226.0089 48896.196 -57861.9 5797.89 -63659.8 1759.8656
1.74 302.48349 -855.19924 48175.404 -58100.1 5911.49 -64011.6 1772.3243
1.75 298.64661 -1143.8937 48914.409 -57825 5836.5 -63661.5 1816.7877
1.76 292.77578 -500.84025 48245.82 -57652.3 5721.77 -63374.1 1810.9043
1.77 299.76577 -813.35141 48556.23 -57730.6 5858.37 -63589 1838.2959
1.78 295.18014 -798.35312 48584.827 -57895 5768.76 -63663.8 1861.0515
1.79 292.17872 -707.44213 47990.017 -58036.9 5710.1 -63747 1875.0373
1.8 306.9886 -881.68648 48328.308 -57418.2 5999.53 -63417.7 1918.8171
1.81 304.48011 -1459.1614 49021.845 -57817.7 5950.51 -63768.2 1956.0451
1.82 295.30892 -2168.4531 49189.384 -57942.5 5771.27 -63713.7 1981.4581
1.83 300.51505 -655.34306 48563.244 -57825.1 5873.02 -63698.1 1988.3924
1.84 291.91362 -1227.1651 48437.494 -58020.2 5704.92 -63725.1 2015.2321
1.85 302.19672 -624.74182 48461.19 -57770.3 5905.88 -63676.2 2028.9177
1.86 301.33919 -871.49683 48707.919 -57696.5 5889.12 -63585.6 2062.4677
1.87 299.15629 -533.27966 48471.944 -57913.9 5846.46 -63760.4 2080.0126
1.88 308.20553 -1721.0836 48867.346 -57572 6023.31 -63595.3 2113.0705
1.89 296.46257 -68.337527 48320.621 -58023.9 5793.82 -63817.7 2116.2851
1.9 290.73262 -1849.3421 49102.717 -57632.1 5681.84 -63314 2159.6542
1.91 292.52222 -308.07781 48515.811 -57881.8 5716.81 -63598.6 2168.6863
1.92 309.94821 -883.17463 48687.602 -57500.8 6057.37 -63558.2 2203.7373
1.93 305.44331 -881.60717 48185.205 -57518.3 5969.33 -63487.6 2219.2025
1.94 297.17366 -1058.5717 48637.193 -57836.4 5807.72 -63644.1 2247.8258
1.95 305.70372 -917.01282 48603.204 -57615.4 5974.42 -63589.8 2283.8795
1.96 291.01147 -859.21549 48941.862 -57674.2 5687.29 -63361.5 2324.5535
1.97 289.35853 -1463.5754 48663.261 -58205 5654.98 -63860 2343.8709
1.98 296.01897 -752.00374 47977.008 -58114.3 5785.15 -63899.4 2344.612
1.99 302.16311 -132.98935 48254.466 -58019.6 5905.22 -63924.9 2378.2571
2 292.30175 -1186.6517 49137.71 -57724.5 5712.5 -63437 2424.5683
2.01 298.18265 -106.81301 47998.247 -57587.3 5827.43 -63414.7 2407.0637
2.02 301.64594 -1331.0709 49021.108 -57738.5 5895.12 -63633.7 2463.5443
2.03 302.46198 -1194.5352 48591.593 -57724 5911.07 -63635.1 2466.7505
2.04 288.83384 -1010.6612 48981.752 -58074.6 5644.73 -63719.4 2507.8766
2.05 301.58811 -908.25997 48566.063 -58071.4 5893.99 -63965.4 2519.8348
2.06 302.90248 -829.74942 48086.313 -57784.9 5919.67 -63704.6 2533.5828
2.07 293.70625 -1017.2167 48766.557 -58066.3 5739.95 -63806.3 2584.7817
2.08 300.24543 -1501.3779 48741.724 -57777.1 5867.75 -63644.9 2607.53
2.09 305.2076 -1144.4638 48773.535 -57319.6 5964.72 -63284.4 2621.8012
2.1 300.18402 -734.50722 48265.537 -57965.4 5866.55 -63832 2604.8768
2.11 291.02405 -1217.1525 48607.64 -58105 5687.53 -63792.5 2632.294
2.12 300.19086 -1042.8213 48256.55 -57641.3 5866.68 -63507.9 2638.0213
2.13 294.7288 -2175.2157 48633.926 -57762.9 5759.93 -63522.8 2679.7837
2.14 295.88693 -1173.8571 48692.606 -57886.1 5782.57 -63668.7 2712.8015
2.15 295.64182 -719.68164 48338.476 -57972 5777.78 -63749.7 2711.6201
2.16 302.58151 -1024.8887 48881.009 -57113.1 5913.4 -63026.5 2745.6644
2.17 299.08123 -304.86748 49304.201 -57475.9 5844.99 -63320.9 2793.1994
2.18 295.04478 -1053.8971 48836.244 -57939.7 5766.11 -63705.8 2819.6402
2.19 291.33724 -891.10686 48731.938 -57969.9 5693.65 -63663.5 2834.6891
2.2 289.30703 -1411.7016 48503.133 -57927.5 5653.98 -63581.5 2844.3967
2.21 301.68922 -1328.9846 48915.313 -57834.2 5895.96 -63730.2 2883.1992
2.22 292.2153 -360.31324 48114.486 -58154.5 5710.81 -63865.3 2876.8136
2.23 304.78771 -1402.9357 48827.379 -57663.5 5956.52 -63620 2941.7368
2.24 291.18165 -936.74704 48797.801 -58051.6 5690.61 -63742.2 2956.565
2.25 304.14086 -507.48662 48662.762 -57865 5943.88 -63808.9 2958.3288
2.26 307.51289 -1521.0484 48614.814 -57728.9 6009.78 -63738.7 2985.8373
2.27 296.86199 -1265.1953 48430.804 -58070 5801.62 -63871.6 2994.6696
2.28 306.35329 -214.58956 48835.872 -57497.7 5987.11 -63484.8 3035.4786
2.29 300.17581 -1198.822 49009.963 -57714.1 5866.39 -63580.5 3063.7233
2.3 297.32335 -704.63159 48531.581 -57825.2 5810.64 -63635.9 3075.7094
2.31 297.35774 -1344.01 48677.613 -57962.5 5811.31 -63773.8 3107.8761
2.32 296.24325 -1429.9364 48503.658 -57787.1 5789.53 -63576.6 3124.1091
2.33 297.25065 -1310.1153 49067.615 -57720.7 5809.22 -63529.9 3178.7802
2.34 295.51979 -104.92701 48442.118 -57730.9 5775.39 -63506.3 3179.3386
2.35 305.43977 -837.4284 48011.56 -57706.8 5969.26 -63676.1 3181.7059
2.36 296.39824 -568.27118 48814.986 -57797 5792.56 -63589.5 3231.6323
2.37 305.08223 -1750.8427 48782.609 -57921.2 5962.27 -63883.5 3267.6284
2.38 292.81092 -1102.6648 48339.604 -57605.7 5722.45 -63328.2 3276.5721
2.39 300.90835 -1317.8826 48955.343 -57766.9 5880.7 -63647.6 3332.4304
2.4 293.19126 -1296.4571 48398.102 -57952.1 5729.89 -63682 3324.3013
2.41 298.39714 -702.64273 48561.76 -58154.6 5831.63 -63986.2 3360.2902
2.42 288.97945 -874.31495 48624.742 -58000.2 5647.57 -63647.8 3377.2983
2.43 290.96758 -1154.7437 48608.457 -57971.6 5686.43 -63658 3405.4773
2.44 307.09605 -799.5627 48311.83 -57701.8 6001.63 -63703.5 3417.7049
2.45 304.47761 -1175.956 49047.252 -57475.3 5950.46 -63425.8 3478.2826
2.46 297.29461 -1288.0152 48538.142 -57743.7 5810.08 -63553.8 3458.777
2.47 289.80891 -970.30601 48392.727 -57933.8 5663.78 -63597.6 3468.5707
2.48 304.84939 -924.81778 48511.857 -57931.5 5957.72 -63889.2 3486.1868
2.49 296.92207 -244.75994 48325.57 -57578.3 5802.8 -63381.1 3502.3778
2.5 295.9243 -930.08646 48448.507 -57832.6 5783.3 -63615.9 3524.9121
2.51 296.59949 -269.80071 48303.724 -57773.7 5796.49 -63570.2 3525.4918
2.52 295.89305 -1590.2986 48437.271 -58105.1 5782.69 -63887.8 3559.6469
2.53 302.92014 -856.77164 48535.393 -57873.7 5920.02 -63793.7 3593.1589
2.54 294.85935 -296.31643 48569.943 -57943.1 5762.49 -63705.6 3613.9033
2.55 308.50854 -1301.6306 48356.351 -57905.2 6029.23 -63934.5 3626.7563
2.56 312.82435 -1002.6041 48758.751 -57401.6 6113.58 -63515.2 3667.096
2.57 285.14613 -1286.6267 48644.759 -57946.6 5572.66 -63519.3 3686.2158
2.58 301.17156 -516.98995 48546.632 -57443.4 5885.85 -63329.2 3699.1448
2.59 296.5201 -898.55741 48164.085 -57772.9 5794.94 -63567.9 3708.5656
2.6 305.12945 -892.25901 48138.077 -57571.5 5963.2 -63534.7 3729.8843
2.61 298.43067 -993.30433 48429.246 -57868.5 5832.28 -63700.8 3764.7502
2.62 297.57231 -1038.2912 48231.451 -57797.7 5815.51 -63613.2 3778.8931
2.63 291.50238 -414.87764 48356.69 -57926.6 5696.88 -63623.5 3819.1523
2.64 294.68664 -1658.3457 48755.506 -57728.7 5759.11 -63487.8 3858.2951
2.65 310.4986 -1378.9668 48670.055 -57508.8 6068.13 -63576.9 3873.2266
2.66 293.9396 -612.15072 48450.894 -57734.6 5744.51 -63479.1 3879.0621
2.67 300.2269 -551.24829 48306.506 -57950.2 5867.39 -63817.6 3907.9847
2.68 293.91761 -1155.1112 48781.883 -57957.7 5744.08 -63701.8 3968.3046
2.69 297.47318 -1020.6723 48872.751 -57655 5813.57 -63468.6 3991.447
2.7 295.15062 -1212.6259 48957.694 -58041 5768.18 -63809.1 4012.7963
2.71 299.9675 -1029.8564 48101.885 -57778.5 5862.32 -63640.8 3978.7997
2.72 307.20244 -1789.3928 48849.87 -57592.9 6003.71 -63596.6 4034.9148
2.73 302.482 -923.02348 48666.646 -57829.7 5911.46 -63741.1 4050.7171
2.74 298.99972 -1046.5303 48700.648 -57656.5 5843.4 -63499.9 4066.1511
2.75 296.75587 -1559.2135 48697.007 -57943.5 5799.55 -63743.1 4087.9014
2.76 285.28925 -921.6083 48627.162 -58123.4 5575.46 -63698.8 4110.6588
2.77 303.34595 -785.28792 48049.728 -57631.2 5928.34 -63559.5 4097.0393
2.78 303.60202 129.66791 48102.486 -57663.2 5933.35 -63596.5 4127.4323
2.79 292.41364 -1054.1844 48742.641 -57961 5714.69 -63675.7 4186.0593
2.8 285.10876 -565.32749 48309.898 -57711.8 5571.93 -63283.8 4153.7267
2.81 291.80791 -971.85193 48720.633 -57940.7 5702.85 -63643.6 4201.2788
2.82 313.95078 -959.11479 49054.861 -57358.1 6135.59 -63493.6 4244.5147
2.83 299.36494 -999.96394 48951.996 -57646.9 5850.54 -63497.4 4237.5977
2.84 292.65477 -1073.6436 48954.466 -58133.2 5719.4 -63852.6 4261.4209
2.85 294.96381 -1280.4714 49113.358 -57692.2 5764.53 -63456.7 4292.5485
2.86 302.89417 -1378.1284 48634.789 -57229.3 5919.51 -63148.8 4289.2062
2.87 290.74154 -419.39619 48404.975 -57942.2 5682.01 -63624.2 4299.7117
2.88 305.06819 -1055.4069 48708.503 -57822.6 5962 -63784.6 4326.1865
2.89 297.34541 -921.80027 48538.82 -58127.9 5811.07 -63939 4323.8499
2.9 298.76874 -1005.062 48635.602 -57729.6 5838.89 -63568.4 4354.7515
2.91 291.59267 -1354.2172 48748.69 -57676.9 5698.64 -63375.6 4396.8629
2.92 292.37843 -956.67563 48184.058 -57881 5714 -63595 4394.8656
2.93 297.63588 -638.42696 48868.502 -57609.2 5816.75 -63426 4459.3304
2.94 302.10523 -532.21306 48537.439 -57736.1 5904.09 -63640.2 4463.3622
2.95 295.49742 -1209.2454 48448.306 -57887.5 5774.96 -63662.4 4468.2214
2.96 297.58308 -934.82853 48282.048 -57802.7 5815.72 -63618.4 4473.3881
2.97 291.49152 -440.66544 48219.852 -58099.8 5696.67 -63796.4 4473.9887
2.98 300.76245 -1139.7154 48603.047 -57942.5 5877.85 -63820.3 4527.8646
2.99 291.18817 -1375.6084 48986.676 -57843.7 5690.74 -63534.4 4560.7038
3 302.32091 -1308.0305 48842.59 -57870.4 5908.31 -63778.7 4586.3823
3.01 292.70533 -1280.2247 48142.707 -57856.8 5720.39 -63577.2 4556.9972
3.02 309.07325 -1458.9598 48677.111 -57670.1 6040.27 -63710.3 4604.5894
3.03 290.98332 -507.93614 48337.188 -57949.7 5686.74 -63636.4 4595.6272
3.04 299.09082 -746.94889 48460.505 -57889.5 5845.18 -63734.6 4626.3225
3.05 300.96819 -1267.5898 49051.734 -57873.2 5881.87 -63755 4693.4397
3.06 303.14983 -502.2724 48092.09 -57727 5924.51 -63651.5 4658.7612
3.07 310.22299 -675.56597 48595.949 -57385.9 6062.74 -63448.7 4719.7054
3.08 289.11172 -1320.162 48765.476 -57893.4 5650.16 -63543.6 4766.9086
3.09 292.50438 -734.36701 48611.244 -57933.5 5716.46 -63649.9 4797.3093
3.1 306.43208 -622.03582 48683.653 -57740 5988.65 -63728.6 4816.0075
3.11 301.27287 -1584.1144 48723.242 -57837.6 5887.83 -63725.5 4834.9786
3.12 296.64836 -952.14399 48484.453 -57902.1 5797.45 -63699.6 4844.4641
3.13 289.66533 -995.73052 48332.658 -58024.9 5660.98 -63685.9 4854.5681
3.14 296.09473 -1152.7698 48488.945 -57983.8 5786.63 -63770.4 4900.3473
3.15 297.76565 -1184.3783 48677.893 -57981.1 5819.28 -63800.4 4930.5702
3.16 295.38134 -1278.938 48961.336 -58156.4 5772.69 -63929.1 4969.307
3.17 298.12747 -1612.4448 48566.709 -57797.7 5826.36 -63624.1 4950.8393
3.18 305.60676 -971.15007 48955.138 -57361 5972.52 -63333.5 5002.3516
3.19 290.81477 -982.97285 48183.478 -57920.6 5683.44 -63604 4992.531
3.2 293.29641 -2006.6693 48779.955 -57515.3 5731.94 -63247.2 5058.9188
3.21 301.79007 -1398.2231 48745.982 -57844.3 5897.93 -63742.2 5099.7174
3.22 289.08639 -1557.7899 49019.879 -58025.7 5649.66 -63675.4 5144.1741
3.23 304.22281 -787.13594 48754.726 -57702.6 5945.48 -63648.1 5136.2129
3.24 289.20149 -1155.0642 48878.733 -58218 5651.91 -63869.9 5173.069
3.25 296.20889 -1358.953 48645.195 -57855 5788.86 -63643.9 5183.459
3.26 301.79709 -1027.1407 49036.681 -57691.6 5898.07 -63589.7 5254.721
3.27 293.11366 -913.31986 48209.11 -58171.5 5728.37 -63899.9 5212.156
3.28 299.38481 -826.20972 48563.367 -57877.6 5850.93 -63728.5 5277.554
3.29 309.29192 -590.06942 48510.44 -57656.6 6044.54 -63701.2 5305.7956
3.3 297.44245 -1025.7475 49074.462 -57848.9 5812.97 -63661.8 5364.1368
3.31 291.54733 -1236.2814 48710.654 -58058.4 5697.76 -63756.1 5351.9781
3.32 301.09193 -662.59265 48855.267 -57734 5884.29 -63618.3 5381.5739
3.33 294.37954 -368.77223 48468.195 -57586.8 5753.11 -63339.9 5359.1797
3.34 294.69782 -626.53283 48471.848 -58024.5 5759.33 -63783.8 5386.8672
3.35 300.61853 -945.51588 48287.869 -57628.5 5875.04 -63503.6 5391.6585
3.36 290.19135 -1764.0187 48543.587 -57964.3 5671.26 -63635.6 5448.4068
3.37 302.06537 -455.46861 47889.762 -57572.9 5903.31 -63476.2 5452.0759
3.38 293.33425 -428.83431 48225.916 -57775.2 5732.68 -63507.9 5501.8541
3.39 301.39822 -1602.2531 48790.071 -57810.9 5890.28 -63701.2 5566.0469
3.4 294.14087 -576.34155 48602.759 -57976.7 5748.44 -63725.1 5590.0438
3.41 294.10605 -639.70014 48704.994 -57843.3 5747.76 -63591.1 5635.8411
3.42 294.63664 -1692.6199 48241.786 -57804 5758.13 -63562.2 5642.8185
3.43 297.5072 -1361.625 48696.436 -57880 5814.23 -63694.2 5718.4088
3.44 312.52515 -1131.5116 48799.353 -57486.9 6107.73 -63594.6 5738.3625
3.45 278.08036 -1892.9724 48953.706 -57987.4 5434.57 -63421.9 5775.5075
3.46 292.05396 -1999.9007 48661.744 -57921.1 5707.66 -63628.8 5769.6538
3.47 296.56307 -1470.1016 49105.22 -57758.2 5795.78 -63554 5819.2975
3.48 304.26581 -1121.1712 48186.272 -58106.6 5946.32 -64052.9 5765.5522
3.49 297.04916 -1017.7367 48369.327 -57794.9 5805.28 -63600.2 5814.4122
3.5 305.84554 -1153.7398 48710.853 -57943.3 5977.19 -63920.5 5883.7263
3.51 303.82574 -350.83111 48202.713 -57828.6 5937.72 -63766.3 5863.9206
3.52 304.71799 -1276.4607 48557.166 -57534.4 5955.15 -63489.5 5924.0666
3.53 310.29744 -864.31582 48393.96 -57705.7 6064.2 -63769.9 5935.3664
3.54 290.33376 -1310.4097 48694.28 -57939.3 5674.04 -63613.3 5978.6401
3.55 293.41136 -1154.5909 48603.371 -57718.3 5734.19 -63452.5 5984.043
3.56 296.54602 -1260.7295 48879.619 -57923.2 5795.45 -63718.7 6058.1999
3.57 301.88148 -889.65459 48804.622 -57570.4 5899.72 -63470.2 6071.1675
3.58 293.38503 -1054.0603 48913.09 -57749.5 5733.67 -63483.2 6116.4556
3.59 297.33172 -1200.2219 48553.993 -57792.9 5810.8 -63603.7 6105.9404
3.6 290.22951 -1032.4258 48895.933 -57957 5672 -63629.1 6163.5894
3.61 305.74688 -922.0261 48137.129 -57830.7 5975.26 -63805.9 6108.2412
3.62 305.72605 -1062.4282 48788.318 -57796.3 5974.86 -63771.1 6172.7799
3.63 292.17784 -118.7276 48066.462 -58391.5 5710.08 -64101.6 6146.507
3.64 295.47868 -1040.1615 48253.541 -58055.8 5774.59 -63830.4 6184.3374
3.65 298.11553 -1580.6545 48769.657 -57682.8 5826.12 -63508.9 6266.5865
3.66 291.30226 -1296.5693 48870.075 -57919.9 5692.97 -63612.9 6285.1896
3.67 298.88543 -1001.5674 48411.162 -57861.8 5841.17 -63703 6278.0752
3.68 292.44357 -963.78221 48386.461 -58060.7 5715.27 -63776 6298.2567
3.69 298.7982 -359.91484 48351.092 -57866.7 5839.46 -63706.2 6300.7811
3.7 310.19236 -629.35052 48675.654 -57751.4 6062.14 -63813.6 6345.9907
3.71 292.22211 -797.57311 48540.259 -57755.6 5710.95 -63466.5 6353.7365
3.72 308.58658 -1043.3239 48465.048 -57849.1 6030.76 -63879.9 6378.113
3.73 284.6507 -1474.9085 48960.695 -57893.3 5562.98 -63456.3 6457.7724
3.74 306.14549 -797.44134 48306.593 -57409.4 5983.05 -63392.5 6419.8029
3.75 307.72336 -1648.5876 48405.477 -58024.2 6013.89 -64038.1 6464.6445
3.76 296.40245 -1092.4406 48898.959 -57727.3 5792.64 -63519.9 6541.74
3.77 303.25478 -1619.9613 48842.282 -57617.9 5926.56 -63544.4 6546.932
3.78 288.08009 -1993.7501 48335.841 -57943 5630 -63573 6545.8845
3.79 306.22907 -1441.4017 48551.433 -57343.7 5984.69 -63328.4 6598.8875
3.8 297.47368 -1696.5627 48685.688 -57763.2 5813.58 -63576.8 6641.8808
3.81 309.43319 -967.89025 48675.586 -57389.1 6047.31 -63436.4 6669.316
3.82 298.94284 -572.98201 47952.897 -57942.3 5842.29 -63784.5 6619.1925
3.83 288.09295 -1344.1038 48591.704 -57963.6 5630.25 -63593.9 6682.3367
3.84 293.64917 -644.82154 48426.347 -57504.9 5738.84 -63243.7 6710.5397
3.85 301.10219 -864.08348 48568.446 -57806.1 5884.49 -63690.6 6739.2128
3.86 291.76556 -643.6956 48314.61 -57916.8 5702.02 -63618.8 6732.0345
3.87 289.58428 -841.94303 48556.975 -58110.3 5659.39 -63769.7 6759.027
3.88 306.06461 -1109.9491 48736.169 -57489.1 5981.47 -63470.5 6803.3097
3.89 295.84561 -962.43405 49016.199 -57556.6 5781.76 -63338.4 6852.2639
3.9 289.95089 -814.22862 48061.289 -58015.1 5666.56 -63681.6 6790.1091
3.91 296.76779 -1097.637 48543.747 -57990.4 5799.78 -63790.2 6855.2942
3.92 293.95272 -1134.0748 48801.609 -57901.3 5744.77 -63646.1 6920.1998
3.93 294.82954 -904.92555 48173.483 -58423.2 5761.9 -64185.1 6901.9441
3.94 296.24822 -1044.888 48251.724 -57579.7 5789.63 -63369.3 6918.1081
3.95 292.71125 -625.70918 48296.382 -58073.8 5720.51 -63794.3 6937.1707
3.96 299.107 -1152.466 48623.574 -57879.3 5845.5 -63724.8 6980.149
3.97 290.21529 -769.04212 48200.84 -57733 5671.73 -63404.7 6967.8683
3.98 292.65365 -549.39335 48562.213 -58110 5719.38 -63829.4 7046.7095
3.99 307.29804 -985.34282 48885.591 -57453.1 6005.58 -63458.7 7135.6405
4 304.09986 -936.74774 48639.089 -57594.4 5943.07 -63537.5 7128.245
4.01 301.32759 -242.64853 48026.267 -57501.1 5888.9 -63390 7125.453
4.02 303.83064 -1214.1596 48628.463 -57780.8 5937.81 -63718.7 7215.243
4.03 286.86946 -856.55673 48484.528 -57940.1 5606.34 -63546.4 7239.7681
4.04 294.24263 -930.81946 48565.857 -57804.4 5750.43 -63554.8 7285.6159
4.05 284.27835 -1826.7331 48647.186 -58194.5 5555.7 -63750.2 7331.4623
4.06 290.617 -863.63778 48292.915 -57928 5679.58 -63607.5 7310.4148
4.07 292.89225 -1010.7725 49195.824 -57958.6 5724.04 -63682.7 7431.3756
4.08 298.41923 -1409.6385 48674.934 -57666.1 5832.06 -63498.1 7408.0389
4.09 293.84022 -531.83403 48666.671 -57739.9 5742.57 -63482.5 7424.1157
4.1 292.84791 -1220.4879 48635.129 -57958.9 5723.18 -63682 7456.2427
4.11 309.22937 -1074.8427 49024.23 -57506 6043.32 -63549.3 7522.1724
4.12 298.74963 -914.76674 48674.385 -58177.3 5838.51 -64015.8 7513.3227
4.13 307.01612 -1323.9062 48097.996 -57681.2 6000.07 -63681.3 7483.2304
4.14 305.83194 -602.40313 48250.897 -58041.6 5976.93 -64018.6 7514.7924
4.15 308.22698 -916.98026 48386.671 -57305 6023.73 -63328.7 7556.7371
4.16 297.54195 -648.23828 48482.716 -57678.1 5814.91 -63493 7614.7494
4.17 294.44588 -1072.8547 48503.957 -57695 5754.41 -63449.4 7650.3858
4.18 290.61373 -1030.3805 48522.65 -57886.5 5679.51 -63566 7669.1096
4.19 299.27004 -1085.5995 48234.072 -57303.4 5848.68 -63152.1 7682.1438
4.2 304.62894 -1061.3157 48488.54 -57837.5 5953.41 -63791 7718.2211
4.21 294.46546 -241.38747 48931.506 -57760.1 5754.79 -63514.8 7783.4065
4.22 299.51486 -185.0926 48371.894 -57684.7 5853.47 -63538.2 7736.0794
4.23 292.00925 -1134.5527 48395.484 -58044.3 5706.79 -63751 7736.7196
4.24 289.46009 -539.38117 48522.497 -57785.9 5656.97 -63442.9 7772.9478
4.25 301.08965 -855.87188 48450.916 -57455.2 5884.25 -63339.5 7799.5744
4.26 297.97903 -1068.3961 48815.867 -57836.5 5823.45 -63660 7858.2906
4.27 301.33405 -1529.0992 48817.421 -57451.4 5889.02 -63340.4 7875.7411
4.28 296.24846 -610.37902 48728.882 -57877.5 5789.63 -63667.2 7885.3722
4.29 302.59271 -1366.1323 48756.896 -57677.2 5913.62 -63590.8 7918.3355
4.3 302.07561 -614.80879 48551.89 -57699.3 5903.51 -63602.8 7900.9484
4.31 289.1013 -1104.3419 48331.969 -57952.7 5649.96 -63602.7 7879.6868
4.32 305.22246 -1037.2845 48165.761 -57493.6 5965.01 -63458.6 7895.9238
4.33 301.07495 -900.80073 48609.326 -57928 5883.96 -63812 7969.3676
4.34 300.52214 -890.61252 48574.47 -57586.2 5873.15 -63459.4 7990.4595
4.35 296.50276 -1107.0223 48335.32 -57959.7 5794.6 -63754.3 7996.8885
4.36 290.18089 -1654.6597 48674.991 -57586.2 5671.05 -63257.3 8080.9343
4.37 298.56024 -893.59227 48309.618 -58022.6 5834.81 -63857.4 8069.7286
4.38 296.97017 -966.73288 48700.368 -58115.5 5803.74 -63919.3 8145.0768
4.39 301.10847 -910.4302 48470.263 -57667.1 5884.61 -63551.7 8157.0071
4.4 301.92678 -758.82513 48436.019 -57767.8 5900.61 -63668.4 8157.05
4.41 295.72992 -1221.7151 48966.884 -57718.3 5779.5 -63497.8 8222.9589
4.42 296.98679 -1179.0331 48824.519 -57829.5 5804.06 -63633.6 8232.2984
4.43 287.04954 -820.78908 48473.623 -58169.2 5609.86 -63779 8224.8058
4.44 300.73527 -765.856 48868.139 -57643.9 5877.32 -63521.2 8302.8685
4.45 295.97939 -1353.4769 48592.337 -57956.6 5784.37 -63741 8290.9873
4.46 295.57621 -1466.8003 48433.793 -58031.5 5776.5 -63808 8314.6667
4.47 294.54359 -945.58579 48463.557 -57805.1 5756.31 -63561.4 8338.8628
4.48 304.8636 -1677.9928 48755.858 -57465.9 5958 -63423.9 8394.4022
4.49 296.60371 -991.43092 48320.926 -58153.5 5796.58 -63950.1 8378.2181
4.5 306.02526 -829.12233 48774.66 -57740 5980.7 -63720.7 8441.7311
4.51 288.8165 -1493.0102 48705.679 -58000.7 5644.39 -63645 8443.3263
4.52 295.99088 -1084.1271 48400.061 -57860.7 5784.6 -63645.3 8426.6916
4.53 293.03587 -1256.9097 48695.667 -58116.7 5726.85 -63843.5 8469.7673
4.54 296.15597 -1574.1958 48670.144 -57555.4 5787.83 -63343.2 8497.8358
4.55 294.38211 -868.72661 48263.068 -58113.2 5753.16 -63866.3 8457.4962
4.56 302.15243 -810.22494 48834.02 -57918.7 5905.02 -63823.7 8543.5387
4.57 303.48007 -619.1638 48743.241 -57578.4 5930.96 -63509.4 8561.8511
4.58 296.90346 -1350.0998 48712.715 -57597.7 5802.43 -63400.2 8578.1635
4.59 293.96439 -1515.3817 49151.308 -58019.3 5745 -63764.3 8662.2247
4.6 298.87251 -645.27403 48360.639 -57760.9 5840.92 -63601.8 8571.3769
4.61 303.61218 196.30322 47762.084 -57698.5 5933.54 -63632.1 8532.3391
4.62 305.36662 -987.56175 48269.687 -57753.4 5967.83 -63721.3 8615.2695
4.63 301.20957 -1365.8476 48874.959 -57589.7 5886.59 -63476.3 8707.2208
4.64 292.93203 -1076.6022 48522.294 -57929.9 5724.82 -63654.7 8687.8177
4.65 294.57491 -1224.4177 48774.522 -58089.2 5756.93 -63846.1 8733.2655
4.66 296.07742 -1414.0387 48627.092 -57726 5786.29 -63512.3 8735.645
4.67 305.47411 -997.8838 48286.864 -57701.3 5969.93 -63671.2 8708.2418
4.68 301.06414 -832.40293 48553.609 -57531.1 5883.75 -63414.8 8787.5405
4.69 296.36347 -446.65864 48230.295 -58050.3 5791.88 -63842.2 8772.2597
4.7 287.59736 -1659.6091 48822.686 -58084.4 5620.56 -63704.9 8868.2059
4.71 299.79692 -981.35588 48710.987 -57724.2 5858.98 -63583.2 8883.7428
4.72 295.31145 -812.90978 48443.888 -58090.9 5771.32 -63862.2 8864.7311
4.73 293.99797 -956.31947 48397.134 -57883.5 5745.65 -63629.1 8885.0476
4.74 299.84573 -1086.7799 48817.183 -57822.8 5859.94 -63682.8 8948.8968
4.75 293.51259 -740.41875 48164.147 -58253.2 5736.17 -63989.4 8906.6467
4.76 298.43452 -1383.7514 48928.427 -57869.3 5832.36 -63701.7 9032.9961
4.77 301.45097 -934.88342 48334.264 -57523.9 5891.31 -63415.2 9004.7391
4.78 290.66247 -656.95346 48549.758 -58062.5 5680.47 -63743 9032.0012
4.79 295.79773 -1264.2438 48499.03 -57734.2 5780.82 -63515 9042.7496
4.8 307.06744 -944.83267 48712.411 -57586.5 6001.07 -63587.6 9069.7764
4.81 300.58696 -1562.6749 48152.999 -57941 5874.42 -63815.5 9017.5117
4.82 290.59413 -1052.4319 48923.357 -57747.8 5679.13 -63426.9 9124.0344
4.83 301.49671 -1053.5687 48375.407 -57970.7 5892.2 -63862.9 9080.5231
4.84 302.63364 -230.29216 47950.86 -57693.9 5914.42 -63608.3 9032.2016
4.85 296.11219 -1275.8342 48195.117 -57892.2 5786.97 -63679.2 9112.8733
4.86 307.96063 -1356.4416 48857.302 -57731.2 6018.53 -63749.7 9227.9265
4.87 291.27875 -957.84706 48488.018 -58050.2 5692.51 -63742.8 9185.5839
4.88 309.16149 -1050.6314 48618.408 -57876.6 6042 -63918.6 9206.7578
4.89 294.37382 -843.61163 48639.466 -58107 5753 -63860 9246.6662
4.9 300.00767 -1331.5313 48589.336 -57888.5 5863.1 -63751.6 9278.5233
4.91 298.56281 -1169.1035 48190.133 -57683.4 5834.86 -63518.2 9230.0767
4.92 299.75231 -1539.7087 48628.466 -57746.1 5858.11 -63604.2 9306.0731
4.93 308.76824 -368.81689 48401.457 -57567.3 6034.31 -63601.6 9304.2967
4.94 295.07962 -1067.1668 48395.03 -58110.2 5766.79 -63877 9333.1634
4.95 300.80675 -964.26589 48843.172 -57798.2 5878.72 -63676.9 9423.487
4.96 295.59495 -1249.439 48933.809 -57783.1 5776.86 -63560 9453.1594
4.97 307.30327 -1005.7633 48873.204 -57513.4 6005.68 -63519.1 9464.8118
4.98 294.58012 -1607.7816 48544.547 -57982.3 5757.03 -63739.3 9468.4026
4.99 308.62434 -1382.3633 48344.887 -57511.9 6031.5 -63543.4 9468.4702
5 295.82813 -1042.4691 48469.86 -57984.3 5781.42 -63765.8 9503.1651
5.01 299.52796 -570.98006 48412.158 -57965.4 5853.73 -63819.1 9509.011
5.02 298.54495 -1154.8477 48250.334 -57926.8 5834.51 -63761.3 9523.6457
5.03 299.1446 -1774.4666 48756.727 -57880 5846.23 -63726.2 9633.6945
5.04 305.42139 -1114.7315 48807.48 -57685.6 5968.9 -63654.5 9678.6656
5.05 309.03129 -1105.6168 48767.633 -57671.3 6039.45 -63710.7 9698.8206
5.06 297.23692 -1608.8334 48809.626 -57684.8 5808.95 -63493.8 9721.1507
5.07 292.16169 -1042.6897 48455.938 -58027.7 5709.77 -63737.5 9690.5734
5.08 290.65286 -932.9152 48396.496 -57970.8 5680.28 -63651.1 9699.4767
5.09 293.64505 -631.62782 48651.337 -57608.8 5738.75 -63347.5 9762.5878
5.1 293.7982 -786.58228 48217.285 -58340.5 5741.75 -64082.3 9735.4554
5.11 288.56352 -1218.4152 48982.135 -58007.7 5639.45 -63647.2 9863.984
5.12 301.46099 -997.25987 48675.783 -57527.6 5891.5 -63419.1 9853.5067
5.13 292.30912 -1214.7353 48968.411 -57876.5 5712.65 -63589.2 9919.4863
5.14 302.56243 -988.03769 48746.858 -57343.1 5913.03 -63256.1 9935.4433
5.15 300.27275 -1275.9289 48429.444 -57660.9 5868.28 -63529.2 9900.7799
5.16 294.10797 -1205.4608 48835.014 -57835.1 5747.8 -63582.9 9978.222
5.17 297.68896 -955.15124 48800.4 -57580.2 5817.79 -63398 9982.5637
5.18 297.97023 -896.11357 48364.807 -57936.6 5823.28 -63759.9 9951.309
5.19 293.0923 -1142.6966 48679.431 -58062.2 5727.95 -63790.2 10027.399
5.2 299.23268 -1525.266 47955.425 -58028.7 5847.95 -63876.7 9944.0064
5.21 286.70338 -1299.7461 48793.589 -58167.3 5603.09 -63770.4 10092.755
5.22 296.176 -352.57439 48471.623 -57683.6 5788.22 -63471.8 10072.902
5.23 285.91292 -619.12288 48106.33 -57944.2 5587.64 -63531.8 10066.595
5.24 295.88887 -886.71653 48650.468 -57956.7 5782.61 -63739.3 10169.919
5.25 309.99978 -1330.9606 48732.428 -57618.1 6058.38 -63676.5 10204.714
5.26 294.2079 -304.05901 48420.285 -57763.4 5749.75 -63513.2 10205.304
5.27 297.74848 -558.02001 48143.763 -58169 5818.95 -63988 10182.374
5.28 292.90358 -843.18899 48502.93 -57933.3 5724.26 -63657.6 10250.327
5.29 291.12609 -1064.3016 48532.753 -58372.2 5689.53 -64061.7 10291.303
5.3 311.83519 -368.72168 48415.014 -57717.2 6094.25 -63811.4 10302.605
5.31 286.85228 -1115.3953 48837.599 -57987.5 5606 -63593.5 10412.858
5.32 297.34707 -1096.8414 48844.404 -57448.1 5811.1 -63259.2 10416.516
5.33 301.91985 -1952.7057 49074.388 -57605.4 5900.47 -63505.9 10482.267
5.34 288.43408 -706.78492 48373.434 -58205.4 5636.92 -63842.3 10380.682
5.35 302.74812 -259.53034 48464.655 -57706 5916.66 -63622.7 10420.371
5.36 296.54923 -1137.2431 48404.178 -58030.4 5795.51 -63825.9 10439.303
5.37 302.66793 -1098.2857 48466.595 -57653 5915.09 -63568.1 10483.163
5.38 292.27385 -1600.6536 48473.507 -57975.7 5711.96 -63687.7 10484.188
5.39 302.46485 -604.32997 48344.023 -57767.2 5911.12 -63678.3 10481.074
5.4 304.41948 -1659.2557 48942.658 -57585.7 5949.32 -63535 10574.62
5.41 296.94028 -1.0634359 48472.97 -57836.7 5803.15 -63639.9 10539.48
5.42 291.22188 -823.95964 48278.624 -58074.7 5691.4 -63766.1 10513.991
5.43 295.65844 -452.34654 48570.429 -57887.1 5778.1 -63665.1 10612.9
5.44 301.70037 -1200.5163 48760.074 -57439.3 5896.18 -63335.5 10647.235
5.45 303.42889 -1197.2515 48759.534 -57566.9 5929.96 -63496.9 10680.688
5.46 301.39533 -576.37563 48800.677 -57931.1 5890.22 -63821.4 10698.998
5.47 302.10398 -885.14842 48411.145 -57421.2 5904.07 -63325.2 10695.528
5.48 301.80277 -513.18928 48225.918 -57903.9 5898.18 -63802 10680.953
5.49 293.67659 -889.09452 48668.723 -58126.4 5739.37 -63865.8 10754.764
5.5 297.76558 -1101.0895 48990.561 -57913.3 5819.28 -63732.6 10805.095
5.51 304.15041 -154.24471 48432.484 -57915.1 5944.06 -63859.2 10760.205
5.52 290.58574 -1397.7767 48879.415 -57633.2 5678.97 -63312.1 10854.97
5.53 293.04495 -515.47514 48577.245 -57871.2 5727.03 -63598.2 10812.326
5.54 296.18243 -693.63735 48515.353 -57854.4 5788.34 -63642.7 10821.866
5.55 287.7142 -1378.5976 48406.874 -58211.9 5622.85 -63834.8 10839.057
5.56 314.75891 -696.58649 48972.051 -57543.2 6151.39 -63694.6 10970.846
5.57 300.54148 -901.83486 48469.523 -57846.4 5873.53 -63720 10933.287
5.58 291.76998 -655.74014 48757.997 -58027 5702.11 -63729.1 10988.127
5.59 296.13761 -1303.4782 48523.02 -57647.5 5787.47 -63435 11004.047
5.6 300.19947 -1126.9917 48746.784 -57988.7 5866.85 -63855.6 11047.998
5.61 290.95594 -787.44494 48509.915 -57533.5 5686.2 -63219.7 11019.797
5.62 293.5954 -660.4838 48311.103 -58016.3 5737.78 -63754.1 11020.069
5.63 297.84487 -1079.7183 48666.677 -57807.3 5820.83 -63628.2 11094.14
5.64 309.85533 -252.3728 47982.992 -57373.2 6055.56 -63428.8 11024.449
5.65 305.85037 -1805.9557 48769.366 -57909.9 5977.29 -63887.1 11175.902
5.66 304.85491 -1549.4335 48856.406 -57713.3 5957.83 -63671.2 11211.548
5.67 296.33159 -1270.72 48472.704 -57854 5791.26 -63645.2 11169.401
5.68 304.25627 -581.51755 48604.394 -58047.8 5946.13 -63994 11218.729
5.69 287.80368 -562.06625 48111.673 -58245.1 5624.6 -63869.7 11150.251
5.7 291.17328 -1091.1624 48895.536 -57869.7 5690.45 -63560.2 11309.11
5.71 308.00572 -1067.2101 48622.66 -57645.3 6019.41 -63664.7 11298.305
5.72 291.37566 -641.35677 48346.481 -58326.2 5694.4 -64020.6 11276.449
5.73 305.28897 -1129.4524 48250.486 -57895.8 5966.31 -63862.1 11269.552
5.74 304.01757 -1070.898 48225.417 -57608 5941.47 -63549.5 11287.492
5.75 298.02468 -197.35879 48348.386 -58064.6 5824.35 -63888.9 11328.252
5.76 303.36581 -1138.5051 48520.924 -58126.4 5928.73 -64055.2 11367.251
5.77 299.14723 -1164.0781 48398.874 -57663 5846.28 -63509.3 11391.708
5.78 303.04677 -1538.4098 49088.766 -57561.6 5922.49 -63484.1 11511.345
5.79 302.42683 -1916.3001 48337.965 -57789 5910.38 -63699.4 11432.679
5.8 287.22713 -1226.3902 48560.566 -58066.6 5613.33 -63679.9 11481.939
5.81 300.37689 -387.0781 48806.08 -57553.3 5870.32 -63423.6 11562.445
5.82 302.95519 -710.09028 48341.018 -57948.9 5920.7 -63869.6 11483.845
5.83 297.63929 -1346.1404 48876.299 -57412.2 5816.81 -63229 11594.328
5.84 306.68063 -809.46562 48490.198 -57961.5 5993.51 -63955 11578.683
5.85 297.60131 -938.49138 48563.675 -57776.4 5816.07 -63592.5 11626.915
5.86 294.26477 -939.35304 48538.838 -58146.1 5750.87 -63897 11630.888
5.87 304.53104 -1121.0521 48841.36 -57885 5951.5 -63836.5 11707.654
5.88 287.45608 -1253.8915 48334.842 -58235 5617.8 -63852.8 11659.87
5.89 285.40074 -1431.0425 49078.41 -58099.4 5577.63 -63677.1 11792.899
5.9 289.35096 -1196.492 48513.323 -57896.5 5654.83 -63551.4 11736.643
5.91 300.18452 -1250.4014 48961.867 -57510.4 5866.56 -63377 11835.008
5.92 298.94909 -1168.4184 48524.609 -57909.1 5842.41 -63751.6 11777.19
5.93 287.21138 -1181.4851 48969.373 -58159.9 5613.02 -63772.9 11895.127
5.94 305.0155 -1027.6788 48355.264 -57919.3 5960.97 -63880.3 11820.687
5.95 300.13309 -172.41904 48386.545 -57939.6 5865.55 -63805.1 11859.702
5.96 301.80946 -1527.314 48771.099 -57596.1 5898.31 -63494.4 11926.473
5.97 289.73268 -1516.5632 49161.263 -57823.6 5662.29 -63485.9 12004.928
5.98 300.98253 -844.12686 48156.29 -57905.9 5882.15 -63788 11860.387
5.99 309.21354 -1250.981 48707.257 -57712.4 6043.01 -63755.4 11988.65
6 288.85898 -1318.7932 48173.344 -58171.8 5645.22 -63817.1 11889.052
6.01 298.33095 -1236.8917 48761.172 -57718.1 5830.33 -63548.5 11992.681
6.02 301.22806 -1014.5949 48737.845 -57970.2 5886.95 -63857.1 11994.213
6.03 300.84655 -1140.7798 48931.814 -57507.9 5879.49 -63387.4 12050.907
6.04 286.50021 -1262.6529 48517.352 -57908.4 5599.12 -63507.6 12002.42
6.05 292.76383 -861.43972 48708.384 -57816.2 5721.53 -63537.8 12068.171
6.06 298.8558 -1280.9634 48749.691 -57739.4 5840.59 -63580 12122.856
6.07 299.65246 -597.55933 48348.735 -57777.7 5856.16 -63633.8 12038.245
6.08 303.45264 -1924.2074 48300.624 -57850.9 5930.43 -63781.3 12070.392
6.09 302.89061 -530.80269 48229.292 -57516 5919.44 -63435.5 12096.743
6.1 299.80668 -1329.4011 48584.859 -57999.7 5859.17 -63858.8 12191.804
6.11 294.90745 -824.09014 48589.82 -57843.3 5763.43 -63606.7 12215.306
6.12 301.96243 -979.58242 48660.619 -57692.5 5901.3 -63593.8 12253.601
6.13 296.37064 -1518.382 48784.294 -57916.1 5792.02 -63708.1 12297.826
6.14 292.91821 -1368.5772 48521.901 -57998.2 5724.55 -63722.8 12300.432
6.15 305.06489 -454.2446 48238.787 -57686.2 5961.93 -63648.2 12254.286
6.16 302.1168 -1354.3428 48132.634 -57967.8 5904.32 -63872.1 12251.067
6.17 306.99461 -859.64568 48647.501 -57529.2 5999.65 -63528.9 12336.796
6.18 287.37498 -1646.9153 48913.898 -57660.5 5616.22 -63276.7 12398.04
6.19 297.93091 -762.46746 48803.72 -57726 5822.51 -63548.5 12427.637
6.2 290.97336 -994.28682 48793.65 -58130.1 5686.54 -63816.6 12459.552
6.21 298.75292 -1374.5886 48833.266 -57948 5838.58 -63786.5 12506.854
6.22 288.48557 -998.56089 48490.706 -57684.9 5637.92 -63322.8 12452.15
6.23 300.70089 -957.34707 48544.198 -57572.5 5876.65 -63449.1 12475.069
6.24 291.61367 -1340.7903 48663.584 -57583.8 5699.06 -63282.8 12506.471
6.25 289.28097 -987.16769 48874.553 -57948.4 5653.47 -63601.8 12573.399
6.26 305.08722 -863.23015 48723.951 -57609.4 5962.37 -63571.8 12578.801
6.27 299.00738 -727.60357 48501.042 -57779.6 5843.55 -63623.1 12551.1
6.28 295.8444 -1033.5465 48534.138 -57770.2 5781.74 -63551.9 12569.392
6.29 294.4384 -684.98076 48406.008 -57668.9 5754.26 -63423.2 12582.734
6.3 302.18203 -1613.9127 48611.961 -57595.6 5905.59 -63501.2 12653.255
6.31 292.42389 -1093.781 48738.779 -57760.8 5714.89 -63475.7 12701.281
6.32 295.12163 -881.94552 48638.609 -57849.9 5767.61 -63617.5 12746.935
6.33 298.72703 -641.84781 47998.174 -58002.4 5838.07 -63840.5 12676.383
6.34 291.73856 -1185.9309 48085.453 -57666.5 5701.5 -63368 12695.2
6.35 303.62516 -313.09133 48403.426 -57541.5 5933.8 -63475.3 12760.662
6.36 297.82806 -581.46555 48304.67 -57803.1 5820.5 -63623.6 12760.646
6.37 294.15289 -1095.4533 48764.175 -58021.7 5748.68 -63770.4 12878.739
6.38 305.11268 -654.40398 48601.133 -57585.2 5962.87 -63548.1 12878.626
6.39 292.66587 -1249.3959 48974.847 -58044 5719.62 -63763.6 12960.453
6.4 297.18832 -1359.3229 48450.522 -57811.3 5808 -63619.3 12903.19
6.41 295.09958 -1098.7888 48558.032 -57620.6 5767.18 -63387.8 12947.516
6.42 305.02555 -446.94736 48291.28 -57828.3 5961.17 -63789.5 12942.884
6.43 301.82854 -1332.0088 48673.835 -57766.4 5898.69 -63665.1 13023.242
6.44 296.77768 -670.21117 48304.145 -58024.6 5799.98 -63824.6 12994.067
6.45 307.91829 -697.5652 48556.213 -57705.3 6017.7 -63723 13056.952
6.46 296.17279 -1045.8897 48828.418 -57966.2 5788.15 -63754.4 13099.408
6.47 300.38003 -634.7969 48358.032 -57518.6 5870.38 -63389 13031.352
6.48 291.6525 -1284.7569 48686.221 -57738.1 5699.81 -63438 13091.637
6.49 293.24764 -1561.4841 48601.761 -58098.9 5730.99 -63829.9 13132.753
6.5 308.68512 -728.04129 48392.295 -57459.5 6032.69 -63492.1 13108.842
6.51 301.06219 -1479.2763 48598.522 -57814.7 5883.71 -63698.4 13162.038
6.52 298.60057 -600.03534 48499.771 -57626.3 5835.6 -63461.9 13133.762
6.53 306.78423 -663.20045 48904.373 -57425.6 5995.54 -63421.1 13255.416
6.54 294.61019 -506.13932 47942.494 -57879.8 5757.62 -63637.4 13112.258
6.55 298.13392 -1429.0365 48917.441 -57724.8 5826.48 -63551.3 13316.325
6.56 300.01722 -1054.7222 48340.208 -57855.2 5863.29 -63718.5 13244.684
6.57 299.6425 -1450.0288 48298.52 -57605.8 5855.96 -63461.7 13241.62
6.58 298.45875 -1104.7078 48332.399 -58067.6 5832.83 -63900.5 13229.281
6.59 294.37303 -961.35941 48204.434 -57796.6 5752.98 -63549.5 13242.923
6.6 299.36196 -1112.0208 48609.946 -58181.9 5850.48 -64032.4 13334.525
6.61 293.35 -845.78548 48629.399 -57738.8 5732.99 -63471.8 13349.907
6.62 300.73933 401.09766 48379.874 -58033.7 5877.4 -63911.1 13338.162
6.63 294.44895 -1105.8227 48420.81 -57923.8 5754.47 -63678.2 13375.527
6.64 310.48105 -615.67701 48456.172 -57518.9 6067.78 -63586.7 13415.698
6.65 295.65242 -691.10061 48340.387 -58083.4 5777.99 -63861.4 13445.987
6.66 311.55833 -909.87721 48323.736 -57754.7 6088.84 -63843.5 13495.41
6.67 297.24973 -1245.8907 48606.961 -57901.5 5809.2 -63710.7 13574.873
6.68 299.92064 -1332.8752 48904.851 -58038.5 5861.4 -63899.9 13688.423
6.69 304.26806 -959.08885 48637.808 -57657.8 5946.36 -63604.1 13684.374
6.7 295.52431 -974.7567 48252.669 -57791.2 5775.48 -63566.7 13612.269
6.71 299.10526 -1793.4664 49061.245 -57801.2 5845.46 -63646.6 13785.92
6.72 306.42241 -1035.2397 48881.911 -57620.7 5988.46 -63609.2 13787.762
6.73 301.82205 198.86702 48175.046 -57714.8 5898.56 -63613.4 13676.53
6.74 294.84668 -800.45536 48257.105 -58019.9 5762.24 -63782.1 13695.244
6.75 292.78843 -1571.7185 48980.136 -58043.7 5722.01 -63765.7 13853.537
6.76 294.16947 -1378.1922 48502.59 -57947.5 5749 -63696.5 13790.69
6.77 301.42426 -1414.7971 48590.759 -57667.8 5890.78 -63558.6 13826.936
6.78 302.01564 -1467.6402 48716.191 -57503.7 5902.34 -63406 13874.584
6.79 300.19251 -1154.1714 48484.932 -57799.7 5866.71 -63666.4 13864.199
6.8 298.85714 -1124.745 48886.311 -57902 5840.62 -63742.6 13964
6.81 304.89403 -786.91633 48681.485 -57722.5 5958.6 -63681.1 13951.351
6.82 303.05266 -904.48212 48319.88 -57911.9 5922.61 -63834.5 13909.014
6.83 293.1694 -673.34212 48334.706 -57863.2 5729.46 -63592.7 13931.693
6.84 297.85528 -1311.3888 48425.398 -57762.7 5821.04 -63583.8 13955.792
6.85 299.12644 -828.993 48317.132 -57844.6 5845.88 -63690.4 13947.921
6.86 288.82277 -1558.5949 48991.284 -57858.7 5644.51 -63503.2 14116.869
6.87 300.94396 -437.79725 48147.289 -57579.4 5881.4 -63460.8 13970.904
6.88 301.31569 -915.49025 48281.832 -57739.6 5888.66 -63628.3 14035.998
6.89 293.55505 -1993.0359 48641.732 -58065.9 5737 -63802.9 14128.554
6.9 301.14816 -1223.0651 48379.625 -57769.9 5885.39 -63655.3 14106.535
6.91 295.15812 -844.26833 48525.187 -57807.8 5768.32 -63576.2 14177.195
6.92 287.78137 -392.01923 48652.305 -58028.6 5624.16 -63652.8 14186.752
6.93 308.67554 -1047.0518 48620.277 -57652.5 6032.5 -63685 14197.666
6.94 286.16552 -1026.8715 48441.741 -58107 5592.58 -63699.6 14187.912
6.95 293.84253 -1368.8608 48369.644 -58061.4 5742.61 -63804.1 14179.16
6.96 288.39183 -695.28639 48644.512 -57818.7 5636.09 -63454.8 14265.068
6.97 311.62838 -1184.3494 48569.707 -57624.8 6090.21 -63715 14283.841
6.98 290.74699 -1272.1858 48817.151 -57978 5682.12 -63660.1 14365.328
6.99 293.88909 -1252.5489 48495.391 -57774.4 5743.52 -63517.9 14344.912
7 310.54619 -1466.2268 48500.909 -57577.2 6069.06 -63646.2 14364.687
7.01 294.09807 -1023.1469 48692.187 -57789.8 5747.61 -63537.4 14450.115
7.02 300.86827 -180.27422 48107.085 -57834.3 5879.92 -63714.2 14372.153
7.03 297.136 -775.15293 48883.932 -58194.5 5806.98 -64001.5 14529.22
7.04 298.01351 -785.63951 47891.371 -57720.4 5824.13 -63544.5 14340.792
7.05 305.69514 -544.19715 48288.627 -57734.5 5974.25 -63708.8 14449.374
7.06 293.9057 -745.45736 49118.202 -57586 5743.85 -63329.8 14618.603
7.07 289.16918 -1068.4439 48880.69 -58192.4 5651.28 -63843.7 14571.859
7.08 303.19205 -1533.2749 49457.325 -57596.1 5925.33 -63521.4 14732.845
7.09 300.23497 -1287.0785 48698.402 -57538.6 5867.54 -63406.2 14638.232
7.1 294.44221 -953.23179 48271.735 -57727.6 5754.33 -63481.9 14564.065
7.11 303.81304 76.765036 48266.948 -57739.8 5937.47 -63677.3 14612.823
7.12 298.84693 -1095.2 48732.839 -57675 5840.42 -63515.4 14730.364
7.13 291.84202 -1446.5573 48626.326 -57872 5703.52 -63575.6 14732.516
7.14 299.25256 -1352.4972 48795.639 -57825.1 5848.34 -63673.4 14820.294
7.15 299.70431 -1130.8909 48062.694 -57495.9 5857.17 -63353.1 14692.247
7.16 302.22842 -435.99448 48909.558 -57641.7 5906.5 -63548.2 14864.34
7.17 301.20424 -623.72299 48283.682 -58082.8 5886.49 -63969.3 14768.797
7.18 294.38415 -483.23604 48513.038 -57810.1 5753.2 -63563.3 14844.925
7.19 294.63738 -1460.3085 48245.194 -58156.5 5758.15 -63914.7 14788.533
7.2 300.75804 66.246426 48603.722 -57663.6 5877.77 -63541.4 14852.859
7.21 298.70027 -1758.7884 48519.571 -57988.5 5837.55 -63826.1 14808.004
7.22 291.27255 -1164.3058 48274.324 -57871.2 5692.39 -63563.6 14741.913
7.23 306.62852 -1031.7349 48457.403 -57754.2 5992.49 -63746.7 14795.434
7.24 287.19704 -553.33439 48352.82 -58105.7 5612.74 -63718.4 14790.025
7.25 296.54576 -825.66155 48857.943 -57758.5 5795.44 -63553.9 14933.813
7.26 296.20559 -1385.5707 49040.057 -57648.1 5788.8 -63436.9 14995.401
7.27 306.05385 -940.2437 48197.558 -57659.4 5981.26 -63640.7 14831.526
7.28 300.66613 -1404.3017 48819.864 -57774.5 5875.97 -63650.5 15004.435
7.29 292.50719 -1241.444 48916.451 -57884.3 5716.52 -63600.8 15055.88
7.3 287.89102 -1039.3064 48733.969 -58107 5626.3 -63733.3 15037.937
7.31 291.67457 -1048.3706 48463.543 -58105.9 5700.25 -63806.2 15010.332
7.32 293.68054 -795.07811 48083.692 -57567 5739.45 -63306.5 14926.794
7.33 300.29897 -877.866 48470.469 -57752.7 5868.79 -63621.5 15019.568
7.34 291.68157 -1437.1284 48968.713 -57413.2 5700.38 -63113.6 15104.184
7.35 290.56253 -586.70768 48426.138 -58013.2 5678.51 -63691.8 15039.194
7.36 304.3026 -692.29336 48792.289 -57475.1 5947.04 -63422.2 15147.411
7.37 291.34043 -799.98855 48568.358 -57840.6 5693.72 -63534.3 15119.882
7.38 299.87694 -499.36593 48308.333 -57878.9 5860.55 -63739.5 15108.853
7.39 304.87137 -1491.742 48470.368 -57546.1 5958.15 -63504.3 15172.566
7.4 299.32249 -1196.9308 48492.28 -57825 5849.71 -63674.7 15227.338
7.41 302.1438 -800.65195 48357.012 -58033.3 5904.85 -63938.2 15226.19
7.42 293.89714 -494.5552 48540.645 -57996.3 5743.68 -63739.9 15326.769
7.43 299.97785 -1085.1278 48458.956 -58144.4 5862.52 -64006.9 15326.312
7.44 293.05946 -562.56823 48388.577 -58048.8 5727.31 -63776.1 15317.673
7.45 303.15094 -1069.9737 48602.48 -57709.4 5924.53 -63634 15390.134
7.46 293.78704 -885.62467 48747.871 -58102.9 5741.53 -63844.4 15485.611
7.47 297.63795 -1646.6383 48755.058 -57834.9 5816.79 -63651.7 15487.722
7.48 293.45345 -449.97181 48784.721 -57738.9 5735.01 -63473.9 15499.408
7.49 304.8506 -1176.4222 49225.019 -57924.7 5957.75 -63882.4 15638.504
7.5 303.30844 -813.37662 48309.179 -57995.3 5927.61 -63922.9 15452.818
7.51 299.16078 -1051.342 48515.566 -57982.1 5846.55 -63828.6 15526.189
7.52 297.9237 -1528.1476 48666.102 -58057.9 5822.37 -63880.3 15598.888
7.53 293.66064 -844.33081 48026.459 -57878.8 5739.06 -63617.9 15451.773
7.54 293.73535 -691.23997 48931.998 -58002.4 5740.52 -63742.9 15649.897
7.55 296.09278 -816.33636 48441.63 -58127.1 5786.59 -63913.7 15540.915
7.56 299.85317 -984.12697 48598.884 -57586.7 5860.08 -63446.8 15629.74
7.57 288.93929 -950.10122 48465.05 -58104.7 5646.79 -63751.5 15613.218
7.58 309.2155 -744.34899 48997.884 -57377.3 6043.05 -63420.4 15763.139
7.59 299.35466 -1365.6298 48610.155 -57805.8 5850.34 -63656.1 15682.332
7.6 289.39664 -592.11905 48290.002 -58256.5 5655.73 -63912.2 15649.312
7.61 304.89039 -388.11012 48266.884 -57560.3 5958.52 -63518.8 15654.63
7.62 297.6825 -1329.4069 48685.067 -57775 5817.66 -63592.7 15756.071
7.63 298.62538 -769.88631 48980.645 -57678.3 5836.09 -63514.3 15816.613
7.64 294.85014 -1503.3636 48433.285 -57884.2 5762.31 -63646.5 15716.897
7.65 296.57611 -1467.9176 48468.598 -57942.1 5796.04 -63738.1 15733.159
7.66 299.26299 -1524.4039 48872.763 -57667.6 5848.55 -63516.2 15848.816
7.67 297.57419 -1186.9564 48903.5 -57244.9 5815.54 -63060.4 15865.222
7.68 300.79245 -793.34489 48481.847 -57934.1 5878.44 -63812.5 15785.973
7.69 305.0738 -1563.6235 48727.976 -57475.6 5962.11 -63437.7 15868.947
7.7 297.2436 -1385.9768 48563.974 -57896.1 5809.08 -63705.1 15843.983
7.71 295.75947 -602.76839 48750.628 -57853.8 5780.08 -63633.9 15925.214
7.72 305.46957 -1234.0857 48622.027 -57685.7 5969.84 -63655.6 15941.026
7.73 291.2037 -809.80337 48113.187 -58047.9 5691.04 -63739 15840.973
7.74 300.83471 -487.03194 47702.21 -57853 5879.26 -63732.3 15784.409
7.75 296.0934 -1028.353 48063.265 -58004.1 5786.6 -63790.7 15894.073
7.76 298.90221 -25.255369 48092.238 -57761.3 5841.5 -63602.8 15893.4
7.77 308.16653 -1493.3357 48277.592 -57733.1 6022.55 -63755.7 15949.669
7.78 305.06905 -1606.4475 48851.117 -57725.5 5962.02 -63687.5 16091.883
7.79 299.62813 -1282.5113 48792.72 -57511.5 5855.68 -63367.1 16062.178
7.8 294.59043 -487.89115 48584.79 -57987 5757.23 -63744.2 16039.362
7.81 290.7202 -823.86982 48316.6 -58059.3 5681.59 -63740.9 16013.039
7.82 305.81503 -1243.4374 48521.223 -57661.3 5976.59 -63637.9 16096.631
7.83 292.89914 -1028.4047 48653.513 -58043.5 5724.18 -63767.7 16134.409
7.84 299.61973 -243.95457 48398.849 -57782.8 5855.52 -63638.3 16112.425
7.85 299.25278 -795.39311 48118.383 -57968.5 5848.35 -63816.9 16114.959
7.86 302.92671 -1338.7178 49216.686 -57536.1 5920.15 -63456.2 16377.687
7.87 296.57659 -1032.7533 48588.705 -57701.2 5796.05 -63497.2 16266.695
7.88 303.03365 -1284.9155 48751.362 -57973.6 5922.24 -63895.8 16334.167
7.89 292.44215 -953.73561 48712.006 -57671.4 5715.25 -63386.6 16368.143
7.9 298.47783 26.27088 48216.583 -57868.3 5833.2 -63701.5 16274.774
7.91 319.26394 -260.79527 48607.974 -57354.7 6239.43 -63594.2 16371.086
7.92 294.96823 -24.910611 48554.987 -57804.3 5764.61 -63568.9 16396.91
7.93 281.53243 -972.26329 48233.814 -58097.2 5502.04 -63599.2 16352.296
7.94 305.10796 -1163.4897 48462.819 -57514.6 5962.78 -63477.4 16438.196
7.95 311.67801 101.07989 48393.546 -57834.6 6091.18 -63925.8 16450.092
7.96 301.63748 -1448.6361 48784.812 -57531.7 5894.95 -63426.6 16549.784
7.97 310.68224 -683.47766 48154.469 -57889.1 6071.72 -63960.8 16426.463
7.98 295.10117 -887.55468 48617.067 -57714.5 5767.21 -63481.7 16526.953
7.99 295.96802 -1739.2416 48873.315 -57644.4 5784.15 -63428.5 16610.042
8 299.34629 -562.57478 48246.477 -57925.8 5850.18 -63776 16493.827
8.01 292.76824 -629.71587 48388.763 -58189.9 5721.62 -63911.5 16509.107
8.02 301.34044 -924.5036 48359.701 -57938 5889.15 -63827.2 16545.248
8.03 298.93084 -510.39055 48197.432 -57792.3 5842.06 -63634.4 16522.388
8.04 287.26745 -1371.5469 48486.61 -58145.7 5614.12 -63759.8 16586.556
8.05 287.59306 -985.74525 48366.309 -58235.9 5620.48 -63856.4 16615.058
8.06 297.44837 -1404.2117 48861.359 -57711.1 5813.08 -63524.2 16758.438
8.07 297.99605 -954.21524 48228.973 -58041.5 5823.79 -63865.3 16608.512
8.08 297.27854 -1351.3492 48532.876 -57798.2 5809.76 -63608 16704.447
8.09 302.09797 -2036.0287 48407.981 -57600.5 5903.95 -63504.5 16679.166
8.1 300.36619 -1129.0522 48541.091 -58040.5 5870.11 -63910.7 16718.002
8.11 311.03687 -556.40763 48497.489 -57686.8 6078.65 -63765.5 16758.288
8.12 311.29034 -1047.0435 48594.953 -57642.4 6083.6 -63726 16824.59
8.13 292.0659 -1047.4454 48806.465 -57923.8 5707.89 -63631.7 16898.102
8.14 305.67091 -455.60571 48473.934 -57528.6 5973.78 -63502.4 16864.706
8.15 288.61499 -1754.5601 48814.137 -57988.7 5640.45 -63629.1 16958.814
8.16 294.78043 72.882509 48920.048 -57544.4 5760.94 -63305.4 16996.152
8.17 298.35321 -694.07544 48849.051 -57533.3 5830.77 -63364 16984.921
8.18 291.75552 -1222.3748 48490.795 -57756.8 5701.83 -63458.6 16944.031
8.19 286.9239 -1068.6232 48859.382 -58147.4 5607.4 -63754.8 17036.192
8.2 292.23979 -1186.3454 48195.378 -57855.4 5711.29 -63566.7 16920.298
8.21 294.2197 -886.2913 48167.616 -57763.7 5749.99 -63513.7 16927.91
8.22 307.76045 -1294.4649 48488.191 -57626.2 6014.61 -63640.8 17052.254
8.23 297.82312 -1431.7256 48544.409 -57981.5 5820.41 -63801.9 17091.029
8.24 295.02432 -858.75623 48776.048 -57682.4 5765.71 -63448.1 17170.509
8.25 306.53772 -605.33361 48687.896 -57691.8 5990.72 -63682.5 17173.566
8.26 298.04608 -1611.8979 48498.686 -58132.5 5824.76 -63957.3 17149.585
8.27 301.58137 -1823.3324 48150.039 -57751.3 5893.86 -63645.1 17083.882
8.28 301.34312 -1146.0592 48644.028 -57595.2 5889.2 -63484.4 17223.9
8.29 307.40111 -766.3034 48202.424 -57751.3 6007.59 -63758.9 17164.535
8.3 307.08478 -760.79154 48751.176 -57612.2 6001.41 -63613.6 17331.771
8.31 298.9136 -1733.5789 48124.974 -58197 5841.72 -64038.7 17196.017
8.32 291.84861 -1281.6043 48658.324 -57568.4 5703.65 -63272.1 17369.239
8.33 299.76028 -858.90922 48771.561 -57473.1 5858.27 -63331.4 17436.645
8.34 296.90929 -214.53191 48389.678 -57761.5 5802.55 -63564.1 17365.361
8.35 300.14089 -1636.461 48606.316 -58195.5 5865.7 -64061.2 17439.56
8.36 298.89191 -958.80304 48631.943 -57838.7 5841.29 -63680 17477.091
8.37 292.95891 -812.95092 48937.681 -58009.8 5725.35 -63735.2 17549.684
8.38 301.57188 -430.66406 48500.158 -58002.1 5893.67 -63895.7 17436.542
8.39 290.55045 -1060.8718 48565.241 -57922 5678.28 -63600.3 17480.161
8.4 295.22371 -1004.5653 48308.819 -58054.3 5769.61 -63823.9 17439.495
8.41 286.13016 -1125.0974 48287.227 -58138.6 5591.89 -63730.5 17466.518
8.42 307.49508 -700.93371 48661.293 -57673 6009.43 -63682.4 17541.259
8.43 285.31099 -969.68316 48512.499 -58293.3 5575.88 -63869.2 17534.739
8.44 297.97606 -596.29624 48740.121 -57876.9 5823.4 -63700.3 17628.093
8.45 289.93301 -846.67932 48261.565 -58402.1 5666.21 -64068.3 17497.606
8.46 299.40092 -1164.2434 49230.906 -57680.6 5851.24 -63531.8 17761.4
8.47 297.95727 -1634.4664 48765.966 -57791.6 5823.03 -63614.6 17656.323
8.48 307.17515 -600.38279 48397.827 -57392.7 6003.18 -63395.9 17623.108
8.49 302.59388 -20.575189 48480.814 -57660.7 5913.64 -63574.3 17665.435
8.5 293.20427 -681.70364 48543.977 -58015.6 5730.14 -63745.7 17705.835
8.51 294.18853 -1110.8283 49245.312 -57626.1 5749.38 -63375.5 17870.708
8.52 290.9308 -1283.791 48688.909 -58395.4 5685.71 -64081.1 17784.97
8.53 298.46536 -1598.416 48678.696 -57787.1 5832.96 -63620.1 17756.952
8.54 306.89434 -1204.9008 48945.387 -57310.3 5997.69 -63308 17852.738
8.55 306.17961 -1291.3892 48436.64 -57776.9 5983.72 -63760.6 17774.683
8.56 296.22727 -1644.798 48584.375 -57901.3 5789.22 -63690.6 17844.012
8.57 296.36235 -986.35176 49237.817 -57788.4 5791.86 -63580.3 18019.42
8.58 282.27932 -1226.0859 48814.773 -58411.7 5516.63 -63928.3 17959.216
8.59 301.17959 -229.99675 48677.289 -57183.3 5886 -63069.3 17972.848
8.6 295.19093 -952.55006 48202.054 -57833 5768.97 -63602 17858.076
8.61 290.79903 -777.80163 48314.276 -58031.5 5683.13 -63714.6 17912.07
8.62 306.7058 -1204.674 48742.446 -57873.1 5994 -63867.1 18046.134
8.63 300.96847 -926.28938 48515.944 -57816.6 5881.88 -63698.5 17998.55
8.64 295.27682 -1002.9218 48865.203 -57943.5 5770.64 -63714.1 18092.746
8.65 291.07775 -794.21637 48311.75 -57772.2 5688.58 -63460.8 17969.185
8.66 289.0744 -1141.574 48271.415 -57621.5 5649.43 -63270.9 17929.706
8.67 299.39715 -1064.4989 48363.603 -57477.7 5851.17 -63328.8 17995.698
8.68 300.3861 -1346.421 48438.869 -57687.5 5870.5 -63558 18029.301
8.69 297.60967 -1172.1988 48862.286 -57825.8 5816.24 -63642 18136.456
8.7 304.98344 -1561.4017 48616.5 -57739.3 5960.34 -63699.7 18076.063
8.71 304.47481 -1144.1889 48828.187 -57974.2 5950.4 -63924.6 18193.857
8.72 299.88643 -1565.1765 49065.097 -57773.2 5860.73 -63633.9 18293.227
8.73 294.64561 -1635.1281 48944.259 -57827.7 5758.31 -63586 18312.672
8.74 286.07064 -509.35998 48621.066 -58157.9 5590.73 -63748.6 18257.256
8.75 297.94393 -1176.1819 48563.278 -57825.2 5822.77 -63647.9 18239.756
8.76 313.86673 -825.85627 48429.749 -57448 6133.95 -63582 18212.966
8.77 305.94829 -1087.1012 48350.666 -57796.9 5979.2 -63776.1 18233.251
8.78 302.75674 -1103.2335 48761.279 -57708.1 5916.83 -63624.9 18374.362
8.79 306.11556 -856.13153 48680.211 -57537.2 5982.47 -63519.7 18424.393
8.8 307.02766 -264.90291 48249.665 -57685.6 6000.29 -63685.9 18312.141
8.81 285.24074 -789.70229 48377.183 -58168.7 5574.51 -63743.2 18382.282
8.82 295.27899 -616.31763 48658.526 -57796.4 5770.69 -63567 18492.191
8.83 307.41956 -1630.6825 48972.227 -57448.1 6007.95 -63456.1 18595.876
8.84 303.15196 -577.07964 48436.596 -57562.4 5924.55 -63486.9 18490.666
8.85 293.01097 -1580.9296 48756.266 -57689.9 5726.36 -63416.2 18602.331
8.86 291.51857 -675.86962 48635.176 -57827.4 5697.2 -63524.6 18624.263
8.87 293.78295 -536.57363 48742.663 -57992.2 5741.45 -63733.6 18675.77
8.88 291.37925 -1159.0341 48575.369 -57934.9 5694.47 -63629.3 18644.522
8.89 299.10744 -802.55914 48229.442 -58080.2 5845.51 -63925.8 18591.44
8.9 310.40828 -721.81713 48425.823 -57695.1 6066.36 -63761.5 18666.381
8.91 294.8445 -1297.7207 48589.471 -58094.1 5762.2 -63856.3 18764.848
8.92 299.92712 -1470.0224 48683.605 -57856.5 5861.53 -63718.1 18757.96
8.93 289.70256 -1427.2974 48378.988 -57843.1 5661.71 -63504.9 18690.263
8.94 305.38829 -1456.4008 48619.619 -57592 5968.25 -63560.2 18790.488
8.95 291.46122 -828.66968 48270.63 -57834.1 5696.08 -63530.2 18684.77
8.96 300.55362 -1174.8967 48534.558 -57615.6 5873.77 -63489.3 18736.007
8.97 301.43783 -722.02937 48592.917 -57804.4 5891.05 -63695.5 18783.666
8.98 296.53264 -989.86064 48436.867 -58068.2 5795.19 -63863.4 18790.569
8.99 296.39121 -969.50535 49004.219 -57761.1 5792.42 -63553.5 18967.597
9 297.90321 -1265.286 48852.627 -57741.9 5821.97 -63563.9 18932.109
9.01 308.18998 -647.23964 48709.996 -57587.8 6023.01 -63610.8 18934.498
9.02 302.19172 -1358.2742 48545.626 -57796.9 5905.78 -63702.7 18946.894
9.03 292.41533 -852.44564 48347.245 -58132.9 5714.72 -63847.6 18908.229
9.04 304.28045 -1147.5891 48891.459 -57710.8 5946.6 -63657.4 19040.285
9.05 293.5355 -1040.4637 48551.072 -58157.7 5736.61 -63894.3 19006.823
9.06 302.1645 -541.25334 48483.988 -57863.1 5905.25 -63768.3 19034.686
9.07 304.64512 -1634.5227 48936.329 -57787.8 5953.73 -63741.5 19191.107
9.08 302.40987 -1407.2475 48977.809 -57878.1 5910.05 -63788.2 19229.277
9.09 294.85769 -1264.1359 48800.965 -58022.5 5762.45 -63785 19173.188
9.1 291.21931 -288.34464 48668.363 -57946.5 5691.35 -63637.8 19217.711
9.11 290.60767 -1406.1172 48441.364 -57956.9 5679.39 -63636.3 19184.364
9.12 303.40253 -1190.3085 48635.812 -57614.2 5929.45 -63543.6 19253.211
9.13 299.96103 -1976.9256 48201.637 -57873.5 5862.19 -63735.7 19143.461
9.14 294.28784 -776.73333 49095.793 -57557 5751.32 -63308.3 19393.886
9.15 299.459 -754.33929 48082.433 -58018.2 5852.38 -63870.6 19178.56
9.16 298.56687 -636.37259 48747.976 -57934.7 5834.94 -63769.6 19348.981
9.17 298.28197 -1261.5885 49020.176 -57709.3 5829.37 -63538.6 19480.174
9.18 305.14809 -1051.2749 48141.635 -57685.6 5963.56 -63649.2 19259.421
9.19 298.1422 -887.66371 48364.034 -57832 5826.64 -63658.7 19339.426
9.2 297.80427 94.124838 48232.24 -58086 5820.04 -63906.1 19335.626
9.21 303.02469 -677.62045 48557.45 -57655.2 5922.06 -63577.3 19457.315
9.22 289.5021 -2420.1782 48629.231 -57949.8 5657.79 -63607.6 19474.116
9.23 297.08055 -1246.6729 48688.766 -57631.5 5805.89 -63437.4 19510.028
9.24 288.78637 -1707.692 48768.554 -57956.2 5643.8 -63600 19569.228
9.25 299.26803 -359.78365 48343.947 -57933.8 5848.65 -63782.5 19491.999
9.26 296.15968 -1221.1571 49087.381 -57538.8 5787.9 -63326.7 19711.362
9.27 293.75549 -1123.4046 48602.794 -58071.7 5740.91 -63812.6 19593.11
9.28 302.35738 -777.60685 48355.383 -57787.1 5909.02 -63696.1 19544.713
9.29 295.32894 -232.98968 48253.511 -57984.9 5771.66 -63756.6 19543.515
9.3 300.54524 -1135.2748 49050.729 -57729.1 5873.61 -63602.7 19760.225
9.31 302.48336 -1160.8101 48984.176 -57850.5 5911.48 -63762 19744.58
9.32 293.7953 -815.06815 48131.162 -58041.5 5741.69 -63783.2 19553.677
9.33 305.06995 -503.51152 48553.798 -57517.8 5962.03 -63479.8 19682.486
9.34 297.78028 -1191.4817 48546.402 -57654.8 5819.57 -63474.4 19666.114
9.35 297.29947 -1066.5892 48751.643 -57823.4 5810.17 -63633.6 19739.337
9.36 291.92468 -1590.3772 48804.308 -58074.2 5705.13 -63779.4 19764.059
9.37 305.04128 -563.25743 48537.846 -57697.1 5961.47 -63658.5 19692.891
9.38 296.32042 -752.83922 48750.506 -58070.6 5791.04 -63861.7 19776.692
9.39 301.5101 -1607.0523 49392.676 -57731.2 5892.46 -63623.6 19986.056
9.4 299.04186 -1568.3028 48268.522 -57925.1 5844.23 -63769.3 19681.522
9.41 308.44884 -1421.2306 48923.841 -57681.2 6028.07 -63709.2 19919.59
9.42 296.62633 -965.61351 48727.015 -57938.7 5797.02 -63735.8 19882.979
9.43 305.72619 -637.95004 48165.488 -57554.3 5974.86 -63529.1 19755.704
9.44 302.54296 -326.23563 48255.907 -57906.8 5912.65 -63819.4 19775.105
9.45 294.88463 -1089.1974 48335.619 -57843.1 5762.98 -63606.1 19807.587
9.46 302.1273 -372.5107 48246.49 -57653.2 5904.52 -63557.8 19808.454
9.47 293.30915 -397.18202 48287.794 -57909.1 5732.19 -63641.3 19828.447
9.48 292.5409 -1008.0111 48624.346 -58105.6 5717.18 -63822.7 19930.565
9.49 293.67596 -805.03985 48693.295 -58067.8 5739.36 -63807.1 19932.479
9.5 297.21622 -1001.4423 48358.785 -57857.4 5808.55 -63665.9 19866.211
9.51 287.18214 -1062.9355 48885.366 -57562.8 5612.45 -63175.2 20021.323
9.52 300.35181 -1256.3551 48417.139 -57934.2 5869.83 -63804 19921.228
9.53 292.65421 -1299.9882 48268.613 -58161.1 5719.39 -63880.5 19902.999
9.54 303.72117 -1394.8997 48401.18 -57690.4 5935.67 -63626.1 19934.878
9.55 302.34425 -1141.8554 48350.467 -57567.6 5908.76 -63476.4 19935.199
9.56 297.57909 -1314.0803 48388.015 -57884.5 5815.64 -63700.2 19980.529
9.57 299.02728 -1131.7535 48107.412 -58159.1 5843.94 -64003 19917.463
9.58 302.03564 -1494.541 48198.483 -57692.2 5902.73 -63594.9 19986.527
9.59 299.36419 -1512.2753 48490.864 -57452.7 5850.52 -63303.2 20113.483
9.6 309.62448 -621.457 48340.861 -57645.3 6051.04 -63696.3 20077.815
9.61 302.34689 -540.40377 48470.399 -57754.5 5908.82 -63663.4 20135.104
9.62 295.80855 -599.61729 48419.196 -57871.5 5781.04 -63652.5 20137.807
9.63 311.46765 -1198.0457 48595.182 -57701.4 6087.06 -63788.4 20235.694
9.64 293.3904 -902.2566 49141.545 -57872.4 5733.78 -63606.2 20388.195
9.65 300.49897 -1171.5825 48818.893 -57823.1 5872.7 -63695.8 20302.209
9.66 298.63358 -1285.3416 49426.332 -57741 5836.25 -63577.3 20506.868
9.67 294.69004 -1252.8502 48495.381 -58001.4 5759.18 -63760.6 20271.47
9.68 291.70806 -1528.2212 48763.429 -57731.4 5700.9 -63432.3 20347.171
9.69 288.73231 -896.08366 48663.042 -58138.3 5642.74 -63781.1 20321.654
9.7 297.10668 -1438.6443 48779.884 -57786.3 5806.41 -63592.7 20351.17
9.71 291.71477 -1528.4328 49025.441 -58117 5701.03 -63818 20450.847
9.72 293.45832 -717.99437 49084.36 -57780.6 5735.11 -63515.7 20498.658
9.73 306.55478 -933.80596 48152.004 -57974.9 5991.05 -63966 20232.532
9.74 297.5791 -867.30891 48978.216 -58111.2 5815.64 -63926.8 20455.905
9.75 308.1374 -541.76178 47998.375 -57643.4 6021.98 -63665.4 20227.395
9.76 290.20362 -1269.8501 48587.811 -58005.3 5671.5 -63676.8 20440.093
9.77 307.33585 -1733.416 49189.937 -57467.2 6006.32 -63473.5 20622.976
9.78 306.13913 -1345.1105 48717.448 -57827 5982.93 -63809.9 20523.012
9.79 299.95491 -1119.7899 48419.462 -57761.7 5862.07 -63623.7 20472.004
9.8 287.971 -901.16742 48522.065 -57874 5627.87 -63501.8 20526.681
9.81 302.9325 -887.72685 48652.831 -57659.3 5920.26 -63579.6 20569.759
9.82 303.89855 -832.51818 48632.642 -57590.7 5939.14 -63529.8 20577.658
9.83 305.90888 -1009.5393 49094.776 -57964.7 5978.43 -63943.1 20746.414
9.84 297.69011 -870.03539 48559.958 -57908.3 5817.81 -63726.1 20612.272
9.85 294.48375 -1021.677 48942.014 -57749 5755.15 -63504.1 20734.791
9.86 308.85749 -1488.563 48623.889 -57389.2 6036.05 -63425.3 20679.425
9.87 287.0524 -1103.4158 48733.523 -57814.7 5609.91 -63424.6 20742.755
9.88 292.85148 -803.30722 48500.655 -58118.1 5723.25 -63841.4 20673.589
9.89 298.68915 -1347.8415 49040.759 -57675.8 5837.33 -63513.1 20821.611
9.9 289.85039 -853.40809 48068.645 -58247.3 5664.6 -63911.9 20585.016
9.91 291.52433 -525.75461 48717.998 -58100.5 5697.31 -63797.8 20835.442
9.92 306.46468 -857.20401 48580.552 -57565.4 5989.29 -63554.7 20803.369
9.93 301.03103 -1105.6365 48259.602 -57729.1 5883.1 -63612.2 20734.529
9.94 295.65737 -1027.5098 48163.047 -57847.9 5778.08 -63626 20678.751
9.95 300.75299 -1176.3988 48628.945 -57673.7 5877.67 -63551.4 20842.023
9.96 298.85417 -1568.3649 48571.859 -57663.6 5840.56 -63504.2 20855.766
9.97 296.2033 -174.86658 48366.13 -57466.4 5788.75 -63255.1 20834.312
9.98 298.64796 -1141.8736 48443.354 -57700.2 5836.53 -63536.8 20873.412
