0 282.74584 104.82352 48286.227 -60915 5423.49 -66338.5 9.8895198
0.01 289.16402 -109.36457 48409.115 -60872.5 5546.6 -66419.1 20.271718
0.02 297.43487 719.31515 48332.926 -61501.7 5705.24 -67207 28.882677
0.03 296.82208 687.05077 48092.125 -61639.6 5693.49 -67333.1 35.668309
0.04 290.80954 822.26165 47721.475 -61409.7 5578.16 -66987.9 44.334556
0.05 289.32363 173.09394 48438.832 -61975.5 5549.66 -67525.1 51.114783
0.06 279.94418 29.799161 48434.275 -61576.4 5369.75 -66946.1 57.228533
0.07 287.35696 -6.1866773 48845.633 -61850.7 5511.93 -67362.6 62.173923
0.08 300.75235 -139.0081 48856.32 -61722.3 5768.88 -67491.2 68.282317
0.09 295.57293 239.9732 48352.359 -62019.5 5669.53 -67689.1 73.070979
0.1 300.77099 -294.42391 48692.146 -61692.7 5769.24 -67462 79.381593
0.11 287.20987 498.58546 48555.851 -62109.2 5509.11 -67618.3 86.141259
0.12 299.33621 418.6316 48385.918 -61857.4 5741.71 -67599.2 90.466739
0.13 289.08705 180.44152 48703.058 -62334 5545.12 -67879.2 96.534262
0.14 291.32786 -214.92926 48636.383 -61760.3 5588.1 -67348.4 101.02445
0.15 293.44249 170.6992 48552.113 -61631.3 5628.66 -67259.9 108.86378
0.16 295.14857 17.252201 48414.11 -61927.4 5661.39 -67588.8 115.19436
0.17 297.86355 -53.130859 48472.619 -61788.8 5713.47 -67502.3 119.4986
0.18 282.2343 417.62564 48327.591 -62533.3 5413.67 -67947 125.59396
0.19 294.61243 299.65915 48536.544 -61836.8 5651.1 -67487.9 134.01612
0.2 285.38591 -568.53427 48814.765 -62251.9 5474.13 -67726.1 138.3171
0.21 292.30882 -35.118757 48314.916 -61998 5606.92 -67604.9 144.49458
0.22 304.56831 -197.73168 48563.294 -61448.4 5842.07 -67290.5 151.35688
0.23 292.88763 591.40827 48637.283 -61989.6 5618.02 -67607.6 158.55895
0.24 291.14672 -1159.8813 48944.773 -61857.8 5584.63 -67442.4 166.49977
0.25 282.63158 -517.2794 48699.372 -61831.3 5421.29 -67252.6 167.66994
0.26 295.06468 -233.59561 48660.582 -61858.5 5659.78 -67518.3 173.19521
0.27 286.98775 -95.2098 48422.184 -61757.4 5504.85 -67262.2 180.65136
0.28 297.59726 -346.29848 48460.264 -61087.2 5708.36 -66795.5 188.35093
0.29 304.84093 412.14382 48144.451 -60998.7 5847.3 -66846 195.87631
0.3 289.40833 -532.48623 48657.955 -61690.2 5551.28 -67241.5 205.19007
0.31 294.96477 589.32176 47982.116 -61456.7 5657.86 -67114.5 211.44394
0.32 291.38068 133.39024 48338.434 -61156.4 5589.12 -66745.5 216.29402
0.33 294.75849 77.48003 48011.005 -61282 5653.91 -66935.9 222.72068
0.34 278.66838 629.82827 48160.826 -61536.6 5345.27 -66881.9 233.98661
0.35 290.72159 233.80128 48280.014 -60964.5 5576.47 -66540.9 235.26365
0.36 302.94906 -360.5565 48399.957 -60388.4 5811.01 -66199.4 243.17351
0.37 292.72114 -202.31766 48151.729 -60788.4 5614.83 -66403.2 249.35734
0.38 291.77745 -48.805931 47938.353 -60537.4 5596.73 -66134.1 257.66733
0.39 286.9863 -415.9308 48292.233 -60785.7 5504.82 -66290.6 267.68451
0.4 292.21354 142.88277 48348.903 -60861.2 5605.09 -66466.3 275.20363
0.41 294.4114 397.86395 48115.95 -60605.4 5647.25 -66252.7 283.94439
0.42 281.37207 -54.368652 48158.743 -61062 5397.14 -66459.2 298.19355
0.43 290.07528 94.268481 48262.773 -60848.9 5564.08 -66413 312.37485
0.44 292.53685 -53.860919 48377.88 -60735 5611.29 -66346.3 320.19273
0.45 282.78074 73.354637 48182.014 -60984.4 5424.16 -66408.5 324.21187
0.46 302.83203 135.77624 48284.638 -60490 5808.77 -66298.8 329.76389
0.47 301.35379 -840.91702 48528.692 -60482.7 5780.41 -66263.1 341.38497
0.48 306.77325 509.68966 48093.786 -60576.2 5884.37 -66460.6 348.3533
0.49 293.91918 -151.65964 48414.384 -60965.1 5637.81 -66602.9 358.18578
0.5 293.99124 182.08701 48183.474 -60596.4 5639.19 -66235.6 363.59554
0.51 286.50088 376.79494 47729.379 -60263.5 5495.51 -65759 370.25059
0.52 289.06821 998.16838 47823.694 -60614.5 5544.76 -66159.3 378.50294
0.53 298.14288 190.337 48226.828 -60437.9 5718.82 -66156.7 385.46158
0.54 284.75412 841.45179 47856.312 -60566.5 5462.01 -66028.5 395.3119
0.55 290.91587 -376.46238 48091.489 -60521.2 5580.2 -66101.4 401.54058
0.56 294.05038 261.62308 48347.888 -60237.5 5640.32 -65877.8 414.08713
0.57 289.06287 -40.910153 47990.017 -60267.4 5544.66 -65812.1 416.93553
0.58 278.91506 -281.29454 47805.39 -60484.6 5350.01 -65834.6 430.4981
0.59 292.22244 -759.46501 48001.455 -60161.5 5605.26 -65766.7 444.77949
0.6 286.42647 403.14718 47676 -60378.7 5494.09 -65872.7 453.47312
0.61 289.87524 -279.61085 48258.02 -60303.3 5560.24 -65863.5 459.8915
0.62 298.066 -32.877241 47936.059 -60192.8 5717.35 -65910.1 470.91931
0.63 295.10549 -146.0676 47983.33 -59922 5660.56 -65582.6 476.99963
0.64 293.43305 -653.56539 48376.401 -60369.6 5628.48 -65998.1 489.43686
0.65 293.42274 -80.956403 48178.723 -60097.9 5628.29 -65726.2 497.87992
0.66 289.31926 -822.53872 48378.426 -60598.9 5549.57 -66148.5 510.59668
0.67 304.20336 1010.5444 47834.763 -60081.7 5835.07 -65916.8 516.26589
0.68 295.1975 359.82617 48069.704 -60513.8 5662.33 -66176.2 529.43541
0.69 294.31859 -13.161524 47833.964 -60314.1 5645.47 -65959.6 541.04614
0.7 295.31699 36.581046 48070.78 -60027.6 5664.62 -65692.2 552.11978
0.71 292.78481 297.67829 47715.273 -60140.4 5616.05 -65756.4 567.68204
0.72 292.51869 -296.88919 48020.287 -59839.4 5610.94 -65450.4 584.60332
0.73 292.7688 -156.66027 48161.297 -60111.8 5615.74 -65727.6 597.14312
0.74 293.54379 -63.073915 47459.063 -60208.3 5630.61 -65838.9 602.60225
0.75 297.78735 285.27028 47805.219 -59959.1 5712 -65671.1 618.29042
0.76 289.14136 219.33526 47935.682 -60043.9 5546.16 -65590.1 641.99168
0.77 294.26169 284.42807 47442.896 -60084.1 5644.38 -65728.4 650.58759
0.78 293.49602 -76.964444 48167.915 -59861.2 5629.69 -65490.9 660.98156
0.79 294.61441 567.64713 47709.418 -59957.3 5651.14 -65608.5 659.82099
0.8 291.58624 -132.30696 47616.926 -59432.2 5593.06 -65025.3 669.59886
0.81 298.77572 145.11561 47429.454 -59193.7 5730.96 -64924.6 678.63146
0.82 295.51097 44.929132 47521.702 -59496.2 5668.34 -65164.5 688.81634
0.83 291.39366 370.87598 47465.992 -59820.4 5589.36 -65409.8 695.11939
0.84 302.51385 761.20654 47530.473 -59403.1 5802.67 -65205.8 707.65413
0.85 289.92705 201.46061 47463.383 -59043.3 5561.23 -64604.6 720.76989
0.86 295.09877 -216.5313 47279.239 -59156.9 5660.43 -64817.3 736.12866
0.87 292.55752 359.42737 47233.015 -59040.4 5611.69 -64652.1 755.24399
0.88 286.20707 -270.97541 47543.737 -58651.3 5489.88 -64141.2 774.4963
0.89 289.78865 -279.91844 47155.512 -58921.1 5558.58 -64479.7 784.31932
0.9 298.13742 12.350969 47296.815 -58266.9 5718.72 -63985.6 808.52604
0.91 296.36057 -410.23926 46890.079 -58171 5684.64 -63855.6 821.94672
0.92 286.44711 450.43022 46422.516 -58017 5494.48 -63511.5 841.90605
0.93 295.24133 -325.31366 46197.464 -57172.3 5663.17 -62835.5 865.70363
0.94 292.86811 -392.04268 46040.188 -57113.4 5617.65 -62731 893.38414
0.95 291.49078 -733.39572 46245.049 -57131 5591.23 -62722.2 931.20883
0.96 292.23682 -512.77244 46123.639 -57132.3 5605.54 -62737.8 961.97937
0.97 285.05242 -511.60491 46067.079 -57320.9 5467.73 -62788.6 987.81874
0.98 290.52587 -640.81208 46192.668 -57060.5 5572.72 -62633.2 1009.1648
0.99 286.46415 -365.16165 46282.662 -57456 5494.81 -62950.8 1025.9357
1 300.81113 -527.56728 46571.723 -57079.4 5770.01 -62849.4 1071.5624
1.01 299.2409 -37.513084 46091.014 -57422.2 5739.89 -63162 1089.5779
1.02 286.73555 -15.260657 45922.546 -57316.6 5500.01 -62816.6 1123.8713
1.03 296.34797 707.3398 46278.354 -57209.8 5684.4 -62894.2 1157.3547
1.04 295.25957 -1272.8813 46089.96 -57052.5 5663.52 -62716.1 1182.1979
1.05 294.14725 144.28635 46126.469 -57031.1 5642.18 -62673.3 1214.5193
1.06 289.19655 -21.789542 46176.307 -57073.8 5547.22 -62621 1243.2813
1.07 293.63089 282.74728 45791.579 -57205 5632.28 -62837.2 1262.7285
1.08 277.90974 1043.9255 45866.688 -57382.8 5330.72 -62713.6 1278.6916
1.09 291.47763 370.4982 45949.867 -57140.6 5590.98 -62731.6 1319.8573
1.1 288.86487 -327.86957 46062.054 -57398.5 5540.86 -62939.4 1347.5536
1.11 307.31937 -197.0115 46244.748 -57062.9 5894.84 -62957.8 1380.6833
1.12 290.84954 -319.30506 45943.194 -57139.7 5578.93 -62718.6 1398.1905
1.13 298.71671 166.73006 45817.214 -57152.3 5729.83 -62882.1 1424.4615
1.14 295.70657 1099.8961 45960.389 -57194.7 5672.09 -62866.8 1449.1541
1.15 297.95499 103.60772 45723.614 -57109.8 5715.22 -62825.1 1456.2783
1.16 278.63385 -289.12406 46248.794 -57467.2 5344.61 -62811.8 1495.8345
1.17 302.05253 -454.83202 46280.566 -57102.7 5793.82 -62896.5 1514.7365
1.18 283.98641 251.05522 45993.275 -57581.8 5447.28 -63029.1 1528.4509
1.19 291.68306 -100.31312 46512.987 -57135.3 5594.92 -62730.3 1552.0102
1.2 288.90247 -306.09254 46194.764 -57197.5 5541.58 -62739.1 1561.3105
1.21 294.59928 600.3135 45854.958 -57274.9 5650.85 -62925.7 1580.493
1.22 292.34046 -168.3338 46576.589 -56878.4 5607.53 -62485.9 1629.9391
1.23 282.71676 221.05385 46136.753 -57182.3 5422.93 -62605.3 1642.5174
1.24 296.61824 -53.480382 46171.39 -56942.6 5689.58 -62632.2 1674.2749
1.25 301.98051 -334.73017 45761.642 -57075.3 5792.44 -62867.8 1675.7638
1.26 290.21477 -375.74221 46793.552 -56924.8 5566.75 -62491.5 1733.3988
1.27 282.75209 613.26079 45673.665 -57223.3 5423.61 -62646.9 1729.7717
1.28 283.51669 -227.83811 46371.216 -57572.5 5438.27 -63010.8 1772.7615
1.29 291.75561 -78.813317 46289.41 -57144.5 5596.31 -62740.8 1808.2732
1.3 282.33976 -87.532053 45848.28 -57587.6 5415.7 -63003.3 1829.2771
1.31 292.95178 343.40667 45581.773 -57190.4 5619.25 -62809.7 1850.0297
1.32 283.57654 -801.05249 46833.248 -57330.4 5439.42 -62769.8 1908.8824
1.33 284.32949 696.17776 46150.076 -57584.2 5453.86 -63038.1 1921.7643
1.34 301.71462 -236.11374 46373.13 -57016.6 5787.34 -62803.9 1935.3282
1.35 293.09619 243.70841 45886.43 -57127.5 5622.02 -62749.6 1933.8859
1.36 290.79841 219.25851 46127.467 -57045.2 5577.95 -62623.2 1958.4782
1.37 293.05426 280.68003 45588.501 -57150.4 5621.22 -62771.6 1971.2152
1.38 302.9389 392.21486 45907.351 -57336.1 5810.82 -63146.9 2015.9018
1.39 299.28028 -731.67224 46145.499 -57220.7 5740.64 -62961.4 2055.3958
1.4 290.54167 146.81221 45933.613 -57151.9 5573.02 -62724.9 2090.2184
1.41 303.87306 -354.62276 46470.469 -56901.7 5828.74 -62730.5 2120.309
1.42 297.95543 181.88061 46235.327 -57081.7 5715.23 -62797 2113.9938
1.43 301.42713 -96.368633 45983.155 -57055.5 5781.82 -62837.3 2124.8199
1.44 302.90283 358.88906 46095.844 -56629.4 5810.13 -62439.5 2135.884
1.45 298.27326 331.21774 45624.49 -56820.9 5721.33 -62542.2 2141.1295
1.46 292.32243 211.06049 46086.73 -57013.6 5607.18 -62620.8 2186.6386
1.47 287.84758 396.32874 45915.331 -57251 5521.34 -62772.3 2199.3594
1.48 299.47244 -686.55616 46070.89 -56950.5 5744.33 -62694.8 2215.5672
1.49 285.34199 429.62279 45662.552 -57456.6 5473.28 -62929.9 2228.3435
1.5 295.38141 -327.68448 46359.425 -57357.8 5665.86 -63023.7 2285.7892
1.51 300.31577 -198.62759 46224.22 -57017 5760.5 -62777.5 2306.2519
1.52 287.44432 392.10242 45751.796 -57330.4 5513.61 -62844 2310.3934
1.53 290.59802 -430.77161 46209.471 -57313.9 5574.1 -62888 2365.4406
1.54 281.02165 -225.33481 46067.538 -57205 5390.41 -62595.4 2379.4165
1.55 299.46791 432.85576 46191.024 -56946.3 5744.24 -62690.6 2411.9909
1.56 292.26089 142.45814 45903.362 -56953.3 5606 -62559.3 2432.4764
1.57 295.87306 -459.39255 46044.602 -56976.1 5675.29 -62651.4 2475.2237
1.58 295.28697 509.47484 46128.582 -57165.7 5664.04 -62829.8 2497.9066
1.59 285.13437 385.59585 46105.783 -57648.9 5469.3 -63118.2 2522.3967
1.6 295.1014 -353.06356 46150.152 -56984.9 5660.48 -62645.4 2546.6526
1.61 293.8127 315.57525 46176.927 -57386 5635.77 -63021.7 2581.3935
1.62 307.40387 -1056.6818 46404.552 -56975.2 5896.46 -62871.7 2617.0015
1.63 293.30534 -495.87113 46536.604 -56935.1 5626.03 -62561.1 2650.4434
1.64 302.61241 677.90688 45676.4 -56916.7 5804.56 -62721.2 2642.9105
1.65 289.02691 270.97044 46408.917 -57035.3 5543.97 -62579.2 2691.1383
1.66 293.1877 107.4611 46108.792 -57353.6 5623.78 -62977.4 2696.4082
1.67 294.4089 -397.82211 46300.654 -57255.2 5647.2 -62902.4 2729.9453
1.68 297.9601 168.10869 46025.037 -57046.9 5715.32 -62762.2 2750.0428
1.69 289.29389 -740.37859 46240.328 -57090.7 5549.09 -62639.8 2784.728
1.7 284.98607 -0.62111937 46075.33 -57141.2 5466.46 -62607.6 2803.4065
1.71 290.12306 -48.67782 46128.712 -57082 5564.99 -62647 2841.7629
1.72 285.92084 -134.13 45652.862 -57463.5 5484.39 -62947.9 2853.4799
1.73 292.21147 -16.23447 46010.653 -57011.6 5605.05 -62616.7 2892.7017
1.74 301.168 -33.610839 46067.768 -56833.1 5776.85 -62609.9 2932.5507
1.75 289.76228 -238.72642 45952.502 -57313 5558.07 -62871.1 2959.5425
1.76 282.4411 -54.128872 45917.258 -57748.7 5417.64 -63166.4 2983.8556
1.77 301.79729 180.26118 46382.292 -56921.8 5788.92 -62710.8 3004.8821
1.78 291.58167 -140.1701 46006.094 -57335.2 5592.97 -62928.1 3010.0303
1.79 293.65654 4.180892 46243.761 -57310.7 5632.77 -62943.5 3055.1461
1.8 297.38527 -1110.0227 46621.423 -57302.5 5704.29 -63006.8 3089.1911
1.81 296.08112 -237.19057 46431.555 -57279.2 5679.28 -62958.4 3106.5943
1.82 278.89749 241.40318 46102.9 -57568.6 5349.67 -62918.3 3141.6156
1.83 297.76129 -296.82928 46274.428 -57246.2 5711.5 -62957.7 3170.4991
1.84 297.12876 23.07329 46313.928 -57181 5699.37 -62880.4 3194.7793
1.85 286.90771 149.05749 46508.496 -57238.8 5503.32 -62742.1 3234.288
1.86 291.86761 -73.125089 46180.124 -57262.2 5598.46 -62860.6 3245.5733
1.87 293.89605 -202.6936 46088.594 -57071.8 5637.36 -62709.2 3260.1589
1.88 285.52657 -265.82877 46256.447 -57028.7 5476.82 -62505.5 3281.9855
1.89 282.18924 51.624079 46195.436 -57011.5 5412.81 -62424.3 3293.5963
1.9 292.81259 288.79341 45801.16 -57152.8 5616.58 -62769.4 3301.17
1.91 303.26139 283.13551 46006.1 -56804.3 5817 -62621.3 3346.1075
1.92 289.76644 -324.65756 45902.46 -57457.5 5558.15 -63015.7 3371.979
1.93 303.42893 215.22621 46102.996 -56913.5 5820.22 -62733.7 3397.5722
1.94 295.89182 -433.03243 46116.139 -57026.2 5675.65 -62701.9 3434.693
1.95 290.88427 -56.603985 46084.827 -57139.5 5579.59 -62719.1 3468.2397
1.96 291.73883 -30.152666 46242.732 -57088.2 5595.98 -62684.2 3497.1755
1.97 294.33819 420.15196 45982.934 -57002.1 5645.84 -62648 3521.9357
1.98 294.58649 -9.0499871 45896.15 -57048.4 5650.61 -62699 3538.665
1.99 284.51521 -264.31467 46011.873 -57115.4 5457.43 -62572.8 3556.7518
2 295.10668 -894.89966 46416.572 -57049.4 5660.59 -62710 3606.0202
2.01 283.08572 -1599.9996 45961.713 -57595.7 5430.01 -63025.7 3630.9932
2.02 288.22567 448.52633 46136.324 -57163.2 5528.6 -62691.8 3666.146
2.03 294.9753 452.9491 46041.048 -56999.2 5658.07 -62657.3 3681.3063
2.04 291.89081 -131.32533 46200.835 -57185.9 5598.9 -62784.8 3716.7048
2.05 298.23037 428.0766 46175.638 -57089.3 5720.5 -62809.8 3754.768
2.06 289.68802 -152.02218 45987.055 -57079.8 5556.65 -62636.5 3761.2448
2.07 286.04533 40.396403 46101.867 -57178.2 5486.78 -62664.9 3799.4547
2.08 297.72704 -217.85649 46076.506 -56920.1 5710.85 -62630.9 3816.816
2.09 291.75798 -237.82716 46328.825 -57286.1 5596.35 -62882.4 3868.8466
2.1 294.22083 -112.49797 46314.956 -57293.1 5643.59 -62936.7 3877.45
2.11 293.49165 454.05912 45957.178 -57289.4 5629.61 -62919 3891.5591
2.12 294.42212 -102.98228 46491.02 -57027.6 5647.45 -62675 3943.1204
2.13 282.37761 134.06244 46167.894 -57553.7 5416.42 -62970.1 3953.3632
2.14 299.62035 55.148971 45938.994 -57141.4 5747.16 -62888.5 3981.1576
2.15 298.82968 194.03629 46269.87 -57033 5732 -62765 4016.0082
2.16 294.83017 656.78539 46230.323 -57069.4 5655.28 -62724.7 4029.0646
2.17 281.75851 -197.77722 46099.036 -57628.1 5404.55 -63032.6 4053.139
2.18 293.35437 -13.032442 46029.56 -57109.5 5626.97 -62736.5 4059.8331
2.19 282.0619 790.79758 46253.79 -57473.9 5410.37 -62884.3 4095.6867
2.2 293.2695 81.09534 46056.567 -56967.2 5625.35 -62592.6 4105.3247
2.21 296.66787 -84.097694 46472.82 -57269.8 5690.53 -62960.3 4157.6868
2.22 299.95427 44.116578 46583.595 -57056.8 5753.57 -62810.4 4182.6602
2.23 286.16692 278.61964 45790.421 -57425.3 5489.11 -62914.4 4149.7043
2.24 292.13729 1.7761556 46070.312 -57037.4 5603.63 -62641 4192.6124
2.25 284.97009 40.107039 46268.419 -57257.6 5466.15 -62723.8 4207.5131
2.26 308.26035 -279.8657 46086.323 -56980.3 5912.89 -62893.2 4214.6018
2.27 297.42158 -287.78915 46103.449 -57236.2 5704.99 -62941.2 4235.2201
2.28 287.53293 -88.225338 45843.451 -57425.6 5515.31 -62940.9 4233.0522
2.29 306.69799 -168.96736 45820.5 -56888.7 5882.92 -62771.6 4270.2974
2.3 290.80662 70.268942 46349.098 -57282.3 5578.1 -62860.4 4325.738
2.31 286.95137 -346.37651 46420.275 -57063.9 5504.15 -62568.1 4365.8135
2.32 286.72758 -98.228248 46689.51 -57410 5499.86 -62909.9 4415.2122
2.33 290.79252 -1044.6118 46426.971 -57076.8 5577.83 -62654.7 4437.4813
2.34 292.57398 -760.90832 46138.391 -57171.9 5612 -62783.9 4450.8459
2.35 298.26076 -167.01823 46152.144 -57375.2 5721.09 -63096.3 4471.6173
2.36 298.51508 -7.6611817 46199.118 -56612.4 5725.96 -62338.3 4502.9038
2.37 290.61594 116.45715 46262.299 -57385.9 5574.45 -62960.4 4544.4326
2.38 300.94495 389.33415 45864.206 -57048.9 5772.57 -62821.5 4547.0846
2.39 288.64886 -156.4519 46299.429 -57306.5 5536.71 -62843.3 4589.245
2.4 300.22402 -636.44491 46287.993 -56989.8 5758.74 -62748.6 4615.6784
2.41 286.14143 -668.70722 46213.011 -57418.6 5488.62 -62907.3 4654.0776
2.42 299.40943 -550.03616 46225.906 -57110.6 5743.12 -62853.7 4679.3612
2.43 289.80098 -70.45565 45934.174 -57472.9 5558.81 -63031.8 4699.9459
2.44 294.33998 -225.47166 46163.277 -57174.8 5645.88 -62820.6 4741.9286
2.45 300.12385 -1020.3876 46246.442 -57276.3 5756.82 -63033.2 4764.6762
2.46 290.93068 829.77656 45938.545 -57454.4 5580.48 -63034.9 4757.6595
2.47 305.41135 -255.23494 46195.14 -56886.1 5858.24 -62744.4 4795.6668
2.48 295.66715 -543.83891 46274.41 -57025.4 5671.34 -62696.7 4815.4974
2.49 300.88968 -252.92003 46372.251 -57375.9 5771.51 -63147.4 4829.2721
2.5 296.67034 -407.80644 46647.001 -57158.8 5690.58 -62849.4 4865.8378
2.51 296.08096 -378.37381 46138.64 -57168.9 5679.27 -62848.2 4856.3639
2.52 286.88223 -18.147173 46371.501 -57406.2 5502.83 -62909 4894.9617
2.53 294.43437 1171.856 45906.998 -57005.5 5647.69 -62653.2 4888.2458
2.54 282.56692 467.6476 46236.049 -57468.9 5420.05 -62888.9 4936.9111
2.55 294.15441 -403.15542 45988.682 -57076.1 5642.32 -62718.4 4945.8091
2.56 291.41409 590.09626 46299.039 -56935.2 5589.76 -62525 4997.6741
2.57 295.80568 -896.6697 46656.487 -57254.8 5673.99 -62928.8 5061.5853
2.58 303.49336 249.45161 45977.404 -57000.2 5821.45 -62821.7 5058.1045
2.59 282.60511 245.06146 46043.92 -57462.9 5420.79 -62883.7 5101.0851
2.6 290.63866 -519.76003 46388.731 -57169.8 5574.88 -62744.7 5161.6551
2.61 278.40421 -26.459663 46104.977 -57023.2 5340.21 -62363.4 5171.921
2.62 304.64759 -317.45233 46438.876 -57070.8 5843.59 -62914.4 5219.0173
2.63 295.17766 -503.35223 46321.485 -57033.5 5661.95 -62695.4 5232.7774
2.64 292.82783 -579.91796 46284.87 -57087.9 5616.87 -62704.8 5246.4013
2.65 292.55285 -833.38358 46237.735 -57053.9 5611.6 -62665.5 5248.48
2.66 303.30719 69.236266 45918.491 -57020.4 5817.88 -62838.3 5262.1493
2.67 287.17703 356.57289 46111.546 -57421 5508.48 -62929.4 5298.6233
2.68 297.68627 -324.0269 46464.688 -57145.1 5710.07 -62855.1 5349.0881
2.69 294.33389 -72.629644 45933.983 -57295 5645.76 -62940.7 5314.4767
2.7 291.38353 -428.97492 46362.909 -57125 5589.17 -62714.1 5366.1652
2.71 296.39337 -186.23655 46321.438 -57068.8 5685.27 -62754 5392.315
2.72 294.78937 339.21532 46617.458 -57088.4 5654.5 -62743 5462.7122
2.73 290.86905 516.11733 45698.47 -57318.6 5579.3 -62897.9 5435.7378
2.74 296.19728 -369.93092 46001.488 -57379.7 5681.5 -63061.2 5493.4221
2.75 303.9495 104.28373 46015.797 -57026.6 5830.2 -62856.8 5542.4865
2.76 295.13722 -40.213595 46200.393 -56960 5661.17 -62621.1 5597.7168
2.77 288.72684 -262.12397 46278.303 -57016.4 5538.21 -62554.6 5636.8464
2.78 295.24948 -300.39049 46034.179 -57004.9 5663.32 -62668.2 5633.7077
2.79 290.48907 244.61911 46382.868 -57258 5572.01 -62830 5681.5878
2.8 293.73059 -729.40703 46235.795 -57202.7 5634.19 -62836.9 5697.7423
2.81 286.84537 -1.7065472 45987.377 -57358.1 5502.12 -62860.2 5705.328
2.82 296.16745 158.61617 46586.97 -56725.6 5680.93 -62406.5 5784.4455
2.83 297.55174 -334.51394 46598.586 -57102.4 5707.49 -62809.9 5781.5731
2.84 295.96992 -111.95942 46146.973 -57165.3 5677.14 -62842.4 5755.5838
2.85 290.13724 -1.0010596 46338.644 -56882.6 5565.26 -62447.8 5782.8336
2.86 290.32877 268.22265 46433.233 -57131.4 5568.94 -62700.3 5810.9307
2.87 303.80747 -211.31717 46030.081 -56902.2 5827.48 -62729.7 5813.4233
2.88 286.38488 288.31007 46018.687 -57484.9 5493.29 -62978.2 5821.0356
2.89 296.29242 -522.58204 46065.332 -57443 5683.33 -63126.4 5858.9602
2.9 304.88871 123.86603 46295.201 -57025.6 5848.22 -62873.8 5923.9716
2.91 294.99182 587.74717 46466.214 -57214.2 5658.38 -62872.6 5978.6293
2.92 286.20233 -235.6809 46388.792 -57315.7 5489.79 -62805.5 5998.6243
2.93 295.44315 228.12011 46244.57 -57018.7 5667.04 -62685.8 6010.1017
2.94 298.84984 166.85604 45903.373 -57272.1 5732.39 -63004.5 6018.6961
2.95 288.74295 637.17024 45605.66 -57117.7 5538.52 -62656.2 6019.9099
2.96 299.4256 185.27046 46383.497 -57059.8 5743.43 -62803.3 6104.0395
2.97 285.61727 1381.7358 45698.542 -57363.6 5478.56 -62842.2 6080.9402
2.98 307.3472 613.38378 45976.306 -56838.5 5895.38 -62733.9 6124.9251
2.99 285.68775 18.563292 46189.763 -57317.6 5479.92 -62797.6 6157.6247
3 285.05067 -277.49832 45852.081 -57209.6 5467.7 -62677.3 6150.5161
3.01 297.96994 165.64109 46154.333 -56914.9 5715.51 -62630.4 6192.2797
3.02 297.60279 -708.33528 46571.752 -56874.3 5708.46 -62582.8 6240.3606
3.03 291.5197 264.66036 46325.589 -57146.3 5591.78 -62738.1 6240.427
3.04 293.34306 511.11811 46060.591 -57016.1 5626.76 -62642.9 6256.2291
3.05 285.14814 -182.69448 46195.998 -57349.2 5469.57 -62818.7 6296.0408
3.06 293.08908 578.4895 46221.451 -57121.5 5621.89 -62743.4 6336.3737
3.07 290.36351 820.56564 46028.658 -57246.9 5569.6 -62816.5 6353.467
3.08 300.77863 142.92796 46167.184 -56834.5 5769.38 -62603.8 6411.7456
3.09 290.45815 -16.489121 46064.249 -57108.6 5571.42 -62680 6425.5014
3.1 292.72081 -111.52671 46298.319 -57028.4 5614.82 -62643.2 6474.4748
3.11 293.70042 159.51369 46038.608 -57027 5633.61 -62660.6 6474.211
3.12 291.92751 754.13336 45878.013 -57332.8 5599.6 -62932.4 6479.0112
3.13 297.01662 149.81151 46132.016 -57111.1 5697.22 -62808.3 6529.1398
3.14 303.13229 527.28191 46024.359 -56904 5814.53 -62718.5 6537.7506
3.15 296.00649 974.3555 46201.369 -57204.5 5677.85 -62882.3 6592.2613
3.16 282.66396 -313.90318 46170.818 -57035.7 5421.92 -62457.7 6606.8113
3.17 286.72274 -54.829958 45864.434 -57357 5499.77 -62856.7 6590.6498
3.18 287.43629 -643.27029 46619.436 -57672.7 5513.46 -63186.2 6661.5398
3.19 303.18981 -418.46251 46492.295 -56812 5815.63 -62627.6 6683.2942
3.2 294.3891 -180.23446 46112.922 -57110.7 5646.82 -62757.6 6677.7278
3.21 290.54856 -354.46259 45968.84 -57039.1 5573.15 -62612.2 6696.7555
3.22 293.18528 -47.248045 46091.616 -56940.7 5623.73 -62564.5 6718.9236
3.23 293.88561 491.88662 46114.823 -57260.2 5637.16 -62897.3 6736.9061
3.24 297.79166 -418.76336 46299.855 -57047.4 5712.09 -62759.5 6794.6904
3.25 294.07224 -209.83204 46518.38 -56849.3 5640.74 -62490 6842.7636
3.26 290.82418 460.55125 46084.052 -57245.1 5578.44 -62823.5 6814.1414
3.27 302.21337 -78.779005 46237.264 -56920.5 5796.9 -62717.4 6844.6791
3.28 282.41299 383.75318 45985.372 -57118.8 5417.1 -62535.9 6869.8215
3.29 290.88808 -178.08512 46138.042 -57299.6 5579.67 -62879.2 6906.0849
3.3 294.54331 128.15493 45993.593 -57041.5 5649.78 -62691.3 6922.2605
3.31 283.78531 -200.10973 46516.582 -57303.9 5443.42 -62747.3 7018.9046
3.32 279.34575 214.92599 46199.633 -57513.2 5358.27 -62871.5 7007.5465
3.33 296.50873 475.56904 46397.447 -57047.8 5687.48 -62735.3 7046.3042
3.34 299.4076 62.79101 46026.276 -56916.7 5743.08 -62659.8 7067.3735
3.35 286.94284 31.211211 45845.066 -57537.6 5503.99 -63041.6 7069.2707
3.36 292.39464 -213.24916 46034.412 -57148.7 5608.56 -62757.2 7099.5946
3.37 299.80098 294.67642 45736.777 -57104.2 5750.63 -62854.9 7062.0295
3.38 279.28197 -464.48491 46575.897 -57574.8 5357.04 -62931.8 7175.8022
3.39 297.86907 332.72638 46004.105 -57073.3 5713.57 -62786.9 7146.9602
3.4 286.36559 -1256.4446 46240.506 -57540.2 5492.92 -63033.1 7198.1338
3.41 297.37072 -324.9895 45861.66 -57152 5704.01 -62856 7188.2209
3.42 297.52076 8.7620235 45938.85 -57158.2 5706.89 -62865.1 7213.3622
3.43 308.11096 -282.92467 46692.417 -56973.5 5910.03 -62883.5 7298.3563
3.44 297.58813 -648.16526 45908.665 -57179.8 5708.18 -62888 7234.7986
3.45 291.9484 165.47084 45895.563 -57555.8 5600 -63155.9 7257.2521
3.46 287.54801 -214.57493 46311.138 -57542.3 5515.6 -63057.9 7328.4868
3.47 287.24106 -989.84685 45960.757 -57370.8 5509.71 -62880.6 7330.32
3.48 300.35314 187.98717 46017.353 -56873.8 5761.22 -62635 7341.1462
3.49 293.45863 -262.75265 46386.975 -57185.7 5628.97 -62814.7 7424.9669
3.5 294.07061 161.05191 46028.752 -57245.9 5640.71 -62886.6 7418.1231
3.51 295.37246 -753.90637 46242.853 -57296.7 5665.68 -62962.4 7479.1958
3.52 284.15651 190.46093 45828.197 -57300.5 5450.54 -62751 7447.9855
3.53 301.56496 382.7725 45542.743 -56864.7 5784.46 -62649.2 7417.056
3.54 291.64476 1185.6059 45989.666 -57243.8 5594.18 -62838 7495.4385
3.55 290.1676 -35.838991 45976.128 -57451.7 5565.85 -63017.6 7514.7221
3.56 296.55091 -243.07279 45885.572 -57183.6 5688.29 -62871.9 7517.4396
3.57 281.0184 -117.37484 46597.979 -57334.3 5390.35 -62724.6 7620.5343
3.58 302.65583 1020.6172 45776.999 -56859.4 5805.39 -62664.8 7547.8043
3.59 303.06997 -174.65751 46114.57 -57087.3 5813.33 -62900.6 7619.0178
3.6 291.64402 -626.5631 46182.195 -57183.8 5594.17 -62777.9 7652.0189
3.61 292.61892 257.74941 45845.963 -57076.2 5612.87 -62689.1 7646.632
3.62 297.7775 -12.167431 46095.8 -57362.3 5711.82 -63074.1 7689.0383
3.63 287.68993 -830.64532 46141.379 -57354.9 5518.32 -62873.2 7726.3939
3.64 289.23832 426.70143 46031.077 -57208.6 5548.02 -62756.7 7742.1102
3.65 287.48283 317.66878 45999.165 -57505.3 5514.35 -63019.7 7748.8188
3.66 295.58787 -567.87121 46442.686 -57158.9 5669.82 -62828.7 7809.9551
3.67 293.78841 -41.585571 45963.318 -57398.4 5635.3 -63033.7 7785.2576
3.68 301.69939 -551.23942 45924.847 -57118.7 5787.04 -62905.8 7819.0818
3.69 286.80493 577.17036 45931.513 -57327.8 5501.35 -62829.1 7848.4156
3.7 292.17983 -388.26738 46276.397 -57066.1 5604.44 -62670.6 7914.736
3.71 283.3637 153.25393 46283.127 -57476.7 5435.34 -62912.1 7924.9213
3.72 293.80771 108.21849 46262.578 -57215.7 5635.67 -62851.4 7932.4533
3.73 288.08312 510.51128 45787.243 -57489.2 5525.86 -63015.1 7901.9335
3.74 289.66253 570.114 45955.163 -57208.7 5556.16 -62764.8 7930.5711
3.75 293.35713 -325.56588 46158.924 -56949.8 5627.03 -62576.9 7993.0979
3.76 299.01448 282.90279 45823.123 -57228.7 5735.54 -62964.2 7982.1528
3.77 293.53745 -76.629558 46014.331 -57149.5 5630.49 -62780 8006.7549
3.78 301.84656 441.08211 46098.041 -57257.8 5789.87 -63047.6 8024.6081
3.79 294.383 -434.60538 46419.493 -57139.5 5646.7 -62786.2 8096.5254
3.8 292.36022 -600.52949 46193.534 -57169.7 5607.9 -62777.6 8096.8714
3.81 299.29021 -899.55751 46105.125 -56961 5740.83 -62701.8 8093.3859
3.82 288.10648 350.70099 46225.837 -57205.6 5526.31 -62731.9 8153.6934
3.83 289.89853 -126.15497 46112.71 -57167.5 5560.69 -62728.2 8155.5323
3.84 279.43854 -435.76652 46283.73 -57537.5 5360.05 -62897.6 8210.4784
3.85 290.21696 -408.07219 46301.192 -57233.8 5566.79 -62800.6 8244.218
3.86 299.37207 207.7041 46044.698 -56981.6 5742.4 -62724 8237.0712
3.87 289.24511 -883.50221 46456.437 -57527.2 5548.15 -63075.4 8324.5809
3.88 281.9803 353.94678 46213.269 -57582.6 5408.8 -62991.4 8315.5522
3.89 289.95615 -170.74142 46202.98 -57093.3 5561.79 -62655.1 8349.3559
3.9 292.41433 169.65694 46150.608 -57434.2 5608.94 -63043.2 8342.8153
3.91 287.17481 26.551635 46421.786 -57288.2 5508.44 -62796.7 8395.2475
3.92 304.36878 -180.61312 46499.442 -57113.5 5838.25 -62951.7 8435.0759
3.93 292.56785 -329.03488 46052.577 -56935.9 5611.89 -62547.8 8402.0454
3.94 306.19766 1108.2106 46000.612 -56637.6 5873.33 -62510.9 8431.8585
3.95 296.66723 -399.65552 46345.928 -56993.7 5690.52 -62684.2 8495.3783
3.96 297.31464 244.37077 46163.468 -57096.6 5702.94 -62799.5 8518.632
3.97 297.81424 91.388369 45982.452 -57149.7 5712.52 -62862.2 8525.9957
3.98 293.63114 -311.16223 46311.769 -57005.2 5632.28 -62637.4 8597.4867
3.99 287.96432 -229.23799 45743.771 -57171.2 5523.58 -62694.8 8560.2561
4 283.12614 -35.347007 45710.542 -57521 5430.78 -62951.8 8586.3438
4.01 298.0671 683.17517 45871.793 -56997.8 5717.37 -62715.1 8646.953
4.02 291.501 -98.44252 46293.133 -56994.5 5591.42 -62585.9 8729.3928
4.03 295.91955 -638.87897 45856.484 -57140.4 5676.18 -62816.6 8677.9636
4.04 293.6192 -529.06927 46549.46 -56831.4 5632.05 -62463.4 8786.8533
4.05 294.84856 293.30589 45785.407 -57192.3 5655.63 -62847.9 8694.3407
4.06 286.03319 85.511222 45864.672 -57205 5486.54 -62691.5 8748.335
4.07 301.99829 165.91374 46034.378 -56907.2 5792.78 -62699.9 8790.222
4.08 288.17573 -53.043335 46057.555 -57365.3 5527.64 -62893 8825.382
4.09 297.37249 -222.13136 46603.048 -57127.8 5704.05 -62831.8 8953.0832
4.1 290.19709 -175.26572 46382.023 -57272.9 5566.41 -62839.3 8952.2014
4.11 299.362 342.59647 46110.698 -57344.6 5742.21 -63086.8 8938.6793
4.12 293.19006 993.13702 45896.562 -57034.4 5623.82 -62658.3 8963.1324
4.13 294.38854 58.330593 45951.002 -57512 5646.81 -63158.8 9000.9222
4.14 290.79492 -7.0909057 45987.355 -57200.8 5577.88 -62778.6 9032.0176
4.15 294.13735 303.5684 46150.821 -56913.2 5641.99 -62555.2 9053.0372
4.16 288.91829 105.04359 46121.98 -57222.9 5541.88 -62764.7 9051.2872
4.17 289.24373 -336.32541 46197.256 -56907.9 5548.13 -62456 9090.6865
4.18 298.38164 -605.56289 46234.422 -57351 5723.4 -63074.4 9114.0154
4.19 283.87543 237.07592 46157.464 -57413.4 5445.15 -62858.6 9134.6141
4.2 290.71156 -415.7523 46078.458 -57228.4 5576.28 -62804.7 9165.3916
4.21 294.02384 -341.79956 46510.457 -57314.2 5639.82 -62954 9259.1927
4.22 294.32415 672.69656 45921.475 -57072.5 5645.58 -62718.1 9209.6139
4.23 287.37239 -371.889 46190.505 -57302.2 5512.23 -62814.4 9261.6099
4.24 298.90534 -216.49327 46038.579 -56868.6 5733.45 -62602 9252.4424
4.25 303.7822 294.36821 46101.606 -57337 5826.99 -63164 9260.8028
4.26 292.72064 93.134941 45993.758 -57099.9 5614.82 -62714.7 9281.2328
4.27 295.35902 150.41341 46178.583 -56900.9 5665.43 -62566.4 9343.8912
4.28 295.81743 683.47193 46271.746 -57047.8 5674.22 -62722 9351.666
4.29 295.64707 137.14174 46111.459 -57046.3 5670.95 -62717.2 9360.403
4.3 303.20481 78.857706 46132.89 -56819.6 5815.92 -62635.5 9368.28
4.31 298.81458 -298.26139 46506.47 -56973.5 5731.71 -62705.2 9446.4306
4.32 285.92785 178.93669 46238.98 -57229.6 5484.52 -62714.1 9452.0714
4.33 290.9218 -37.714347 46111.803 -57213.3 5580.31 -62793.6 9458.4807
4.34 289.96649 220.14248 46024.847 -57228.1 5561.99 -62790.1 9471.9033
4.35 292.74759 -101.7912 46350.668 -57055.2 5615.33 -62670.6 9547.9806
4.36 299.28773 136.20484 46294.316 -57026.9 5740.78 -62767.7 9557.2863
4.37 291.42341 -240.60183 46013.199 -57419 5589.93 -63008.9 9551.7713
4.38 294.18172 -285.09311 46183.548 -57092.1 5642.84 -62734.9 9598.864
4.39 282.20203 -528.39745 46431.883 -57189.4 5413.06 -62602.5 9655.3905
4.4 293.85454 -312.5631 46300.593 -57358.1 5636.57 -62994.6 9646.5557
4.41 310.1428 413.1315 46381.379 -57036 5949 -62985 9658.5842
4.42 283.40579 -278.08915 46116.124 -57240 5436.15 -62676.2 9652.5438
4.43 302.10049 -452.76171 46472.551 -56582.2 5794.74 -62376.9 9727.7783
4.44 288.65802 254.04789 45867.924 -57128.4 5536.89 -62665.3 9642.7972
4.45 293.0664 -172.7147 46427.569 -57448.5 5621.45 -63070 9752.3652
4.46 290.11956 28.589554 46128.958 -56992 5564.93 -62557 9765.3181
4.47 294.06414 -11.837384 45993.785 -57089.8 5640.59 -62730.4 9767.8103
4.48 304.02423 -643.45567 46626.865 -56577.8 5831.64 -62409.4 9888.5333
4.49 297.71118 406.86639 45882.569 -57175.3 5710.54 -62885.9 9812.6541
4.5 311.90221 203.19374 46285.394 -56626.6 5982.75 -62609.3 9908.3202
4.51 288.54745 -7.8858864 45976.738 -57179 5534.77 -62713.8 9868.6853
4.52 287.71253 -165.58244 46230.991 -56892.8 5518.75 -62411.5 9913.8315
4.53 289.07377 -677.45583 46783.982 -57331.4 5544.87 -62876.3 9997.9933
4.54 289.67496 -8.3082161 45962.307 -56960.2 5556.4 -62516.6 9894.5142
4.55 296.21987 293.45546 46158.997 -57382.6 5681.94 -63064.5 9935.3283
4.56 284.3845 305.69603 45852.709 -57361.1 5454.92 -62816 9910.9242
4.57 290.93187 509.88309 46024.193 -57198.4 5580.51 -62778.9 9969.1322
4.58 281.19167 -390.79434 46314.686 -57137.5 5393.67 -62531.2 10041.04
4.59 297.56336 -223.35593 46297.534 -57189.1 5707.71 -62896.8 10088.61
4.6 297.43266 899.85186 46249.713 -56896.6 5705.2 -62601.8 10082.376
4.61 291.22639 -223.80195 46286.557 -57347.3 5586.16 -62933.5 10106.971
4.62 295.13033 45.996321 45658.734 -57320.5 5661.04 -62981.6 10026.29
4.63 291.59159 -1051.2726 46162.031 -57092.7 5593.16 -62685.8 10143.981
4.64 294.19047 34.778897 45737.446 -57290.1 5643.01 -62933.2 10114.508
4.65 292.43114 -378.08646 46491.865 -57042 5609.26 -62651.3 10273.677
4.66 291.04399 204.98762 45918.806 -57313.5 5582.66 -62896.2 10214.374
4.67 303.0276 -266.16263 46358.719 -56914.2 5812.52 -62726.7 10291.487
4.68 290.36604 64.483845 46458.619 -57272.6 5569.65 -62842.2 10331.575
4.69 303.20134 176.66944 45882.115 -56714.2 5815.85 -62530 10267.971
4.7 291.76203 219.86173 45903.118 -56941.3 5596.43 -62537.7 10305.844
4.71 298.96128 -622.10679 46715.244 -57014 5734.52 -62748.5 10460.96
4.72 291.8484 35.723499 46114.641 -57396.1 5598.09 -62994.2 10393.614
4.73 295.171 183.68247 46096.404 -56877.3 5661.82 -62539.1 10429.554
4.74 277.32003 -402.06502 46092.212 -57365 5319.41 -62684.4 10459.388
4.75 300.07917 -832.59746 46420.73 -56998.2 5755.97 -62754.2 10522.348
4.76 285.41316 -8.1345727 46190.217 -57249.2 5474.65 -62723.8 10509.084
4.77 299.99674 -292.86925 46121.446 -57070.3 5754.38 -62824.7 10536.547
4.78 289.25393 433.64574 46360.833 -57226.9 5548.32 -62775.2 10578.879
4.79 289.5527 -99.408561 46157.164 -57292.4 5554.05 -62846.4 10572.253
4.8 296.22128 811.07769 46148.629 -56936.5 5681.97 -62618.5 10596.094
4.81 293.45336 -39.841984 46309.617 -57099.3 5628.87 -62728.2 10655.235
4.82 290.99686 9.8604792 46232.517 -57108 5581.75 -62689.8 10681.531
4.83 299.92206 41.479619 46437.283 -56983.1 5752.95 -62736.1 10730.486
4.84 288.0533 386.8926 46063.379 -57047.6 5525.29 -62572.9 10698.513
4.85 297.00333 185.8056 46334.326 -57159.9 5696.97 -62856.8 10758.968
4.86 279.62959 -850.99241 46284.449 -57413.4 5363.71 -62777.1 10813.688
4.87 294.18634 -313.19436 46255.17 -57128 5642.93 -62770.9 10827.827
4.88 290.0948 316.17212 46384.112 -57339.2 5564.45 -62903.6 10854.832
4.89 288.38269 -23.012972 46080.104 -57349.2 5531.61 -62880.8 10845.532
4.9 296.33548 50.645539 46117.762 -57224 5684.16 -62908.2 10869.797
4.91 303.17487 -434.75578 46383.763 -57284.7 5815.35 -63100 10957.943
4.92 294.59376 -405.43593 45894.549 -57131.6 5650.75 -62782.4 10930.478
4.93 293.87172 -196.30497 45980.77 -57452.4 5636.9 -63089.3 10951.369
4.94 288.71822 86.956279 46238.693 -57160.9 5538.05 -62698.9 11036.044
4.95 292.08854 604.85495 46011.531 -57413.6 5602.69 -63016.3 11014.783
4.96 309.80345 430.72465 46258.552 -56936.1 5942.49 -62878.6 11082.155
4.97 290.12179 -664.89562 46019.626 -57402.2 5564.97 -62967.2 11042.539
4.98 290.11596 550.76486 45568.429 -57164.3 5564.86 -62729.2 10964.696
4.99 291.30652 63.141 46342.767 -57190.8 5587.69 -62778.5 11126.921
5 291.87534 363.27817 46004.118 -57149.7 5598.6 -62748.3 11114.788
5.01 296.87647 -625.9941 46482.773 -57276.6 5694.53 -62971.1 11222.991
5.02 302.93318 283.33165 46381.16 -56914.8 5810.71 -62725.5 11240.228
5.03 282.14624 -877.33655 46499.383 -57341.8 5411.98 -62753.8 11275.629
5.04 293.28572 6.5977816 46467.604 -57233.5 5625.66 -62859.2 11288.34
5.05 303.89103 -256.85944 46136.283 -56930.5 5829.08 -62759.6 11271.965
5.06 292.75065 -201.33494 46471.697 -56746 5615.39 -62361.4 11346.946
5.07 295.21921 -134.96824 46428.866 -57244.2 5662.74 -62906.9 11367.479
5.08 290.04493 402.29023 45641.362 -57340.7 5563.49 -62904.2 11275.1
5.09 294.094 -610.70647 46474.932 -57284 5641.16 -62925.2 11405.624
5.1 297.02276 439.26915 45916.947 -57192.1 5697.34 -62889.5 11327.313
5.11 292.85224 391.52377 45825.029 -57018.7 5617.34 -62636 11335.084
5.12 287.66452 131.08853 46167.6 -57213.4 5517.83 -62731.2 11412.25
5.13 292.81088 -625.90077 46564.017 -57140 5616.55 -62756.6 11496.279
5.14 297.24399 -86.065299 46107.565 -57217.6 5701.58 -62919.2 11452.899
5.15 287.67337 233.29037 46274.743 -56981.5 5518 -62499.5 11510.395
5.16 294.69415 -611.93556 46257.797 -56927.5 5652.67 -62580.1 11545.77
5.17 292.6884 16.71218 46404.715 -57239 5614.2 -62853.2 11576.127
5.18 291.5422 -487.73823 46189.388 -57447.4 5592.21 -63039.6 11533.124
5.19 294.91126 -367.65393 46023.925 -57314.8 5656.84 -62971.6 11536.744
5.2 291.71027 -286.75307 46118.533 -57191.3 5595.44 -62786.7 11575.931
5.21 299.71685 -876.03405 46664.105 -56758.2 5749.02 -62507.2 11664.999
5.22 292.10762 -65.609484 45817.719 -57096.2 5603.06 -62699.2 11538.738
5.23 286.28579 -689.72578 46704.837 -57339.8 5491.39 -62831.2 11724.326
5.24 303.06744 -121.08985 46092.03 -56852.5 5813.28 -62665.8 11653.082
5.25 296.08276 -213.50881 46243.515 -57177.8 5679.31 -62857.1 11721.264
5.26 287.05839 49.442819 46398.922 -57159.6 5506.21 -62665.8 11787.972
5.27 308.13405 455.03626 45974.298 -56891.3 5910.47 -62801.7 11745.449
5.28 282.4058 -146.84916 46378.78 -57433.9 5416.96 -62850.8 11853.972
5.29 292.34423 265.82695 45895.687 -57080 5607.6 -62687.6 11779.631
5.3 292.71501 324.37095 46195.892 -57198 5614.71 -62812.7 11872.139
5.31 290.89311 -413.10026 46237.782 -57308.2 5579.76 -62888 11924.668
5.32 301.79383 -352.92081 46379.004 -57017.1 5788.85 -62805.9 11952.692
5.33 299.82039 -77.676894 46045.56 -57122.5 5751 -62873.5 11915.284
5.34 295.23336 -39.536607 46086.528 -57085.5 5663.02 -62748.6 11933.424
5.35 288.34614 267.71456 46346.772 -57247.3 5530.91 -62778.2 12010.733
5.36 303.13367 1064.5717 45690.615 -56858.7 5814.56 -62673.2 11964.875
5.37 290.69417 60.607487 46689.915 -57059.2 5575.95 -62635.2 12158.565
5.38 286.54035 260.26036 46150.812 -57272.9 5496.27 -62769.2 12080.943
5.39 292.90588 -375.9104 46162.464 -56954.2 5618.37 -62572.5 12127.762
5.4 282.66474 333.35304 45579.912 -57469 5421.93 -62890.9 12054.438
5.41 298.05025 254.57687 46072.596 -57203.1 5717.05 -62920.2 12201.058
5.42 291.36118 -189.05735 46170.958 -57188.8 5588.74 -62777.6 12268.704
5.43 298.08485 -252.00699 46280.643 -56926 5717.71 -62643.7 12296.785
5.44 299.48793 -590.50236 46167.052 -57312.1 5744.62 -63056.7 12311.856
5.45 298.28785 -55.81105 46243.735 -57083 5721.6 -62804.6 12349.718
5.46 279.3145 29.017665 45912.43 -57550.5 5357.67 -62908.2 12342.681
5.47 296.19744 953.67124 46433.539 -56958.8 5681.51 -62640.3 12454.72
5.48 293.13748 -485.96177 45864.454 -57267.4 5622.81 -62890.2 12403.405
5.49 295.82013 431.11808 45932.031 -56977.2 5674.27 -62651.4 12412.216
5.5 289.77222 -116.25719 46481.897 -57251 5558.26 -62809.3 12515.798
5.51 284.95599 143.51218 46350.415 -57255.3 5465.88 -62721.2 12516.031
5.52 288.08843 15.91923 46704.59 -57083.9 5525.96 -62609.8 12594.403
5.53 286.52773 76.177259 46149.588 -57489.3 5496.03 -62985.3 12516.097
5.54 296.06947 124.30146 46399.515 -57094.2 5679.05 -62773.2 12583.017
5.55 296.52559 -31.323943 46190.491 -56662.2 5687.8 -62350 12575.562
5.56 281.78131 341.36433 46118.205 -57238.9 5404.98 -62643.8 12591.616
5.57 288.14125 331.13156 45484.786 -57261.5 5526.98 -62788.5 12521.955
5.58 304.42287 294.65946 45907.009 -57001.4 5839.28 -62840.7 12629.189
5.59 299.18834 -425.51405 46171.256 -57103.1 5738.88 -62842 12719.235
5.6 301.79913 140.94122 45890.12 -57231.8 5788.96 -63020.8 12677.917
5.61 295.23366 -853.73512 46424.886 -56961.7 5663.02 -62624.7 12794.801
5.62 285.60668 -164.59692 45969.442 -57228.6 5478.36 -62707 12759.811
5.63 288.79838 -311.57846 45879.1 -57448.9 5539.58 -62988.5 12755.566
5.64 296.94924 433.35555 46094.261 -56907.5 5695.93 -62603.4 12796.23
5.65 296.28717 261.51279 46144.174 -57000.4 5683.23 -62683.6 12821.874
5.66 289.01309 -177.84407 46294.775 -57182.5 5543.7 -62726.2 12866.47
5.67 291.42532 301.06512 46153.203 -57229.8 5589.97 -62819.8 12860.287
5.68 292.38739 -82.170364 46232.711 -57069.3 5608.43 -62677.8 12907.444
5.69 302.55604 -726.44496 46406.344 -56857 5803.48 -62660.5 12952.66
5.7 294.31225 251.15493 45981.538 -57165.1 5645.35 -62810.5 12893.804
5.71 297.34688 97.598695 46082.297 -56921.7 5703.56 -62625.2 12944.626
5.72 290.84932 757.76616 45634.353 -57483.1 5578.92 -63062 12887.277
5.73 296.75102 -605.39984 45996.518 -57423.8 5692.13 -63115.9 12982.736
5.74 294.12915 -310.85782 46447.464 -56960.2 5641.83 -62602 13105.779
5.75 299.10532 540.1951 45905.144 -57219.2 5737.29 -62956.5 13026.977
5.76 295.99761 859.25237 45874.935 -56944.1 5677.68 -62621.8 13043.297
5.77 284.85398 -713.49994 46232.818 -57254 5463.92 -62717.9 13141.239
5.78 291.01919 -408.93468 46492.549 -56956.1 5582.18 -62538.3 13252.378
5.79 287.01125 101.34076 45939.241 -57354.7 5505.3 -62860 13186.349
5.8 293.03853 -778.72982 46124.474 -56852.6 5620.92 -62473.5 13238.906
5.81 285.10907 -136.44535 46094.562 -57260 5468.82 -62728.8 13251.205
5.82 288.53346 -393.44204 45724.428 -57495.4 5534.5 -63029.9 13226.468
5.83 296.31347 20.902543 46167.54 -57054.6 5683.73 -62738.3 13361.469
5.84 299.08264 286.40017 46281.97 -56973 5736.85 -62709.9 13409.976
5.85 296.50508 345.80474 46112.533 -56982.1 5687.41 -62669.5 13441.825
5.86 290.85376 -531.85116 46094.604 -56925.1 5579.01 -62504.1 13468.191
5.87 289.99378 -203.25474 46237.849 -57195.7 5562.51 -62758.2 13508.492
5.88 301.01573 260.2499 46124.1 -57061 5773.93 -62834.9 13521.592
5.89 299.70094 678.22276 46158.716 -57094 5748.71 -62842.7 13578.903
5.9 292.03681 -203.3874 46169.145 -57278.3 5601.7 -62880.1 13591.146
5.91 289.97779 1152.7697 45673.665 -57520.6 5562.21 -63082.8 13498.25
5.92 290.53549 -498.22784 45914.751 -57303.1 5572.9 -62876 13587.152
5.93 287.04947 521.02045 46563.855 -57128.7 5506.04 -62634.8 13745.345
5.94 287.05464 181.81568 46479.906 -57289.3 5506.14 -62795.4 13761.159
5.95 291.68636 462.54532 46523.748 -57161.8 5594.98 -62756.7 13832.924
5.96 296.42171 185.33805 45642.019 -57193 5685.81 -62878.9 13668.412
5.97 289.51019 -170.26815 46267.334 -57195.8 5553.24 -62749.1 13827.679
5.98 291.70651 898.63977 45986.581 -57153.7 5595.37 -62749.1 13804.666
5.99 293.18022 -12.443334 46044.989 -56777.1 5623.63 -62400.8 13847.343
6 293.67914 99.622036 46051.71 -57053.4 5633.2 -62686.6 13879.106
6.01 293.62404 248.23726 46208.953 -57349.2 5632.15 -62981.3 13924.994
6.02 290.42868 -81.910555 46115.287 -57187.4 5570.85 -62758.3 13905.187
6.03 305.41388 256.30361 46058.887 -56793.4 5858.29 -62651.7 13931.589
6.04 293.76014 -544.40559 46043.988 -57236.7 5634.76 -62871.4 13942.085
6.05 302.14245 287.81434 46249.623 -56810.7 5795.54 -62606.2 14017.591
6.06 295.64997 -170.5762 46271.66 -57158.1 5671.01 -62829.1 14062.426
6.07 297.3949 -276.91518 46518.093 -57150.4 5704.48 -62854.8 14126.371
6.08 293.10069 -74.875445 46164.143 -57118.8 5622.11 -62740.9 14069.234
6.09 304.8493 -21.571763 46090.695 -56732.9 5847.46 -62580.3 14087.129
6.1 294.15401 199.21883 46021.014 -57225.3 5642.31 -62867.7 14088.364
6.11 292.63308 -522.6385 46523.462 -57346.2 5613.14 -62959.4 14201.996
6.12 287.26146 107.24171 45921.211 -57405 5510.1 -62915.1 14121.208
6.13 287.79718 -638.1522 45919.892 -57265.3 5520.38 -62785.7 14148.14
6.14 298.42682 216.16189 46345.986 -57258.2 5724.27 -62982.4 14252.71
6.15 291.3924 616.83119 46192.999 -57493.2 5589.34 -63082.5 14237.877
6.16 303.43584 576.73204 46219.175 -57100.4 5820.35 -62920.7 14268.158
6.17 281.43566 -814.84115 46140.07 -57601.3 5398.35 -62999.6 14271.589
6.18 287.59404 -374.46632 46131.635 -57171.1 5516.48 -62687.6 14292.322
6.19 293.00509 -39.745048 46138.621 -57113.8 5620.27 -62734.1 14303.309
6.2 290.3913 -3.6322765 46162.577 -57397.4 5570.14 -62967.5 14334.619
6.21 290.01997 676.68342 45958.68 -57069.9 5563.01 -62632.9 14318.42
6.22 288.88719 5.8456848 46336.653 -56992 5541.29 -62533.3 14397.225
6.23 302.15738 559.58954 46095.684 -57094.4 5795.83 -62890.2 14388.054
6.24 298.05916 565.37123 45903.441 -57174.8 5717.22 -62892 14392.836
6.25 295.86507 -715.10018 46058.305 -57113.2 5675.13 -62788.3 14457.911
6.26 285.31864 284.15558 46246.619 -57342.6 5472.84 -62815.4 14541.244
6.27 299.25516 27.115185 45888.706 -56882.4 5740.16 -62622.6 14463.205
6.28 289.09735 217.6503 45856.813 -57164.8 5545.32 -62710.1 14494.156
6.29 285.03895 565.89866 45901.164 -57208 5467.47 -62675.5 14526.887
6.3 293.8831 -262.56373 46296.129 -57121.4 5637.12 -62758.6 14677.073
6.31 287.66601 -487.68265 46205.789 -57310.1 5517.86 -62827.9 14719.563
6.32 302.07617 303.20804 45963.85 -56778.2 5794.27 -62572.4 14701.022
6.33 288.30059 476.14812 46253.642 -57163.8 5530.03 -62693.9 14778.507
6.34 301.08387 -35.711829 45829.938 -57424.1 5775.24 -63199.4 14680.935
6.35 289.73982 -384.4189 46041.79 -57148.4 5557.64 -62706 14750.423
6.36 294.3912 -721.47673 46070.261 -57235.3 5646.86 -62882.1 14786.693
6.37 298.497 -1568.5628 46168.052 -56919.3 5725.62 -62644.9 14831.176
6.38 287.47318 205.87496 45751.369 -57270.8 5514.16 -62784.9 14773.786
6.39 290.78303 -481.34009 45731.578 -57039.5 5577.65 -62617.2 14790.338
6.4 300.84193 -438.40214 46308.539 -57051.3 5770.6 -62821.9 14929.57
6.41 287.75191 -401.1941 46740.138 -57586.3 5519.51 -63105.8 15052.43
6.42 294.67798 -541.4092 46315.882 -57335.9 5652.36 -62988.3 14992.549
6.43 294.69977 494.83733 46172.094 -56965.5 5652.78 -62618.3 14953.337
6.44 286.52366 553.197 46294.342 -56925.8 5495.95 -62421.7 14991.267
6.45 301.9875 201.73565 46502.835 -57071.4 5792.57 -62863.9 15036.724
6.46 301.70091 -376.21751 46172.089 -57073.3 5787.07 -62860.4 14996.072
6.47 290.14366 180.84927 46391.053 -57065.2 5565.39 -62630.6 15087.964
6.48 292.24263 109.93095 46312.137 -57355.1 5605.65 -62960.7 15109.821
6.49 298.47529 415.45964 45948.626 -57147.7 5725.2 -62872.9 15095.178
6.5 287.75015 -555.84546 46290.422 -57126.7 5519.48 -62646.2 15181.301
6.51 300.2901 447.37521 46060.654 -57285.8 5760.01 -63045.8 15206.782
6.52 292.64103 -625.29093 46231.089 -57130.2 5613.29 -62743.5 15269.593
6.53 296.09625 798.77075 46038.544 -57065.4 5679.57 -62745 15268.203
6.54 302.74965 109.24676 46145.021 -56942.2 5807.19 -62749.3 15367.028
6.55 290.83389 230.43837 46052.75 -57301.9 5578.63 -62880.5 15340.194
6.56 295.74025 27.333416 46398.13 -57138.5 5672.74 -62811.3 15437.375
6.57 295.24638 -246.22774 46109.027 -56910.8 5663.26 -62574.1 15418.792
6.58 292.85801 -285.34612 46266.71 -57286.2 5617.45 -62903.6 15499.563
6.59 299.13748 165.17854 45882.474 -56925.4 5737.9 -62663.3 15421.961
6.6 290.90119 -407.73119 46548.782 -57340.4 5579.92 -62920.3 15599.726
6.61 294.98499 -301.71707 46251.239 -57150.3 5658.25 -62808.6 15574.019
6.62 291.08443 -212.33397 46223.36 -57181.9 5583.43 -62765.4 15600.804
6.63 288.98069 765.99608 46444.049 -57131.6 5543.08 -62674.7 15666.699
6.64 291.2169 -273.25204 46331.373 -57183.4 5585.97 -62769.3 15656.136
6.65 286.89733 474.08039 46046.94 -57494.6 5503.12 -62997.8 15593.635
6.66 292.0908 -218.71438 46532.255 -57008 5602.74 -62610.7 15752.222
6.67 280.82222 -688.41672 46157.525 -57677.7 5386.59 -63064.3 15706.306
6.68 295.7193 -282.68705 46178.356 -57150.2 5672.34 -62822.6 15753.953
6.69 284.40077 -710.96452 46066.881 -57062.7 5455.23 -62518 15737.441
6.7 295.76817 1050.9374 45569.353 -57356.1 5673.27 -63029.3 15649.071
6.71 299.21722 -106.97919 46532.929 -56992.6 5739.43 -62732 15865.286
6.72 286.6971 19.713295 46209.453 -57331.3 5499.28 -62830.6 15830.122
6.73 296.60604 354.37996 46075.082 -57064.3 5689.35 -62753.6 15825.594
6.74 293.12569 -277.98596 46029.517 -57347.6 5622.59 -62970.2 15853.931
6.75 296.02368 256.73515 46229.99 -56934.1 5678.18 -62612.3 15928.835
6.76 301.07222 121.48533 45934.005 -57058 5775.01 -62833 15888.171
6.77 300.47489 143.86332 46514.416 -57076.1 5763.56 -62839.7 16033.022
6.78 283.31449 1083.4076 45982.679 -57247.8 5434.39 -62682.2 15955.732
6.79 284.61201 575.48751 46081.938 -56996.5 5459.28 -62455.8 16003.943
6.8 298.39456 -419.31689 46091.439 -57096.1 5723.65 -62819.7 16014.354
6.81 301.41014 790.77397 45650.867 -56954.3 5781.5 -62735.8 15937.704
6.82 284.60879 66.178022 45501.365 -57534.9 5459.22 -62994.1 15977.854
6.83 295.6677 148.10584 46228.493 -57155.7 5671.35 -62827.1 16138.498
6.84 284.89507 140.03281 46358.591 -57229.4 5464.71 -62694.1 16182.637
6.85 299.01436 101.88062 45838.525 -57215.1 5735.54 -62950.6 16078.23
6.86 288.77503 144.39047 46241.903 -57439.6 5539.13 -62978.8 16191.855
6.87 289.71257 756.16901 45749.04 -57457 5557.12 -63014.1 16117.67
6.88 291.63233 -86.339834 46258.862 -57266.1 5593.94 -62860 16276.367
6.89 290.38092 183.25432 46286.486 -57465.9 5569.94 -63035.9 16318.759
6.9 292.93656 -350.46405 46339.396 -57118.8 5618.96 -62737.8 16365.915
6.91 291.56123 -482.8496 46254.138 -57331.8 5592.58 -62924.4 16348.044
6.92 295.39296 -413.77883 46705.406 -57066.8 5666.08 -62732.9 16487.939
6.93 304.45536 -8.2572983 45672.982 -56937.4 5839.91 -62777.3 16285.868
6.94 290.13154 -207.16972 46023.682 -57242.4 5565.15 -62807.5 16374.752
6.95 283.80727 -160.22111 46117.289 -57447.2 5443.85 -62891 16430.275
6.96 283.55272 636.74901 46067.643 -57347.8 5438.96 -62786.7 16458.214
6.97 289.90499 -532.94259 46496.372 -56979.6 5560.81 -62540.4 16581.405
6.98 293.17643 53.821563 46027.635 -57646.3 5623.56 -63269.9 16478.256
6.99 289.99648 -35.566823 45975.423 -57175.1 5562.56 -62737.7 16496.237
7 294.43212 -472.80036 46377.685 -57023.7 5647.65 -62671.4 16589.923
7.01 290.45832 38.482283 46383.602 -57229.7 5571.42 -62801.1 16608.045
7.02 301.77048 484.61917 46148.517 -56951.1 5788.41 -62739.5 16569.758
7.03 282.45084 -19.707854 45937.602 -57250.1 5417.83 -62667.9 16556.968
7.04 297.16504 -227.35055 46332.548 -57117.1 5700.07 -62817.2 16733.936
7.05 286.33084 148.78194 45787.159 -57388.9 5492.25 -62881.1 16620.906
7.06 291.81719 269.63628 46500.971 -57189.9 5597.49 -62787.4 16848.993
7.07 293.84122 -129.51577 46195.367 -57292.5 5636.31 -62928.8 16834.292
7.08 284.31689 -48.105209 46372.307 -57177 5453.62 -62630.6 16880.335
7.09 287.60966 -543.62847 45985.305 -57433.3 5516.78 -62950.1 16833.44
7.1 297.85498 -113.57303 45802.944 -57044.4 5713.3 -62757.7 16848.353
7.11 289.76232 -276.26714 46191.967 -57090.5 5558.07 -62648.5 16950.139
7.12 290.82761 366.16666 45727.814 -57204.5 5578.51 -62783 16852.495
7.13 287.20221 -266.09361 46268.543 -56927.9 5508.97 -62436.8 17011.789
7.14 298.29198 461.03293 46052.62 -57256.1 5721.68 -62977.8 16942.2
7.15 290.71063 -230.84538 46288.907 -57038.6 5576.26 -62614.9 17019.669
7.16 298.58549 -453.94307 46216.481 -56847.4 5727.31 -62574.8 17003.631
7.17 295.84028 545.20828 45690.698 -57184.8 5674.66 -62859.4 16883.783
7.18 290.19135 -275.13036 46101.921 -57300.9 5566.3 -62867.2 17028.605
7.19 296.2361 371.8942 46425.385 -56918.3 5682.25 -62600.5 17127.316
7.2 299.30557 522.22269 46290.937 -57170.3 5741.13 -62911.5 17127.198
7.21 283.6938 -168.53088 46490.503 -57215.7 5441.67 -62657.4 17185.303
7.22 288.70917 -60.123443 46151.249 -57370.9 5537.87 -62908.7 17095.974
7.23 288.55482 -559.52748 45860.659 -57079.4 5534.91 -62614.3 17052.267
7.24 290.05048 81.636322 45599.957 -57455 5563.6 -63018.6 17010.828
7.25 297.57851 506.02949 45886.842 -57107.2 5708 -62815.2 17117.833
7.26 288.31141 32.683782 45926.775 -57441.3 5530.24 -62971.6 17155.514
7.27 286.45249 -234.07221 46301.376 -56938.6 5494.59 -62433.2 17284.007
7.28 290.10539 -812.46623 45757.229 -57347.6 5564.65 -62912.2 17154.226
7.29 288.83539 -423.34064 46006.913 -57070.4 5540.29 -62610.7 17261.758
7.3 286.6298 0.98283596 45972.583 -57435.3 5497.99 -62933.3 17276.172
7.31 299.51466 94.982105 45830.264 -57014.3 5745.14 -62759.5 17292.072
7.32 299.08284 522.73632 46046.171 -57304.4 5736.85 -63041.2 17374.008
7.33 292.35217 -28.243836 46031.571 -57167 5607.75 -62774.7 17408.512
7.34 286.81045 -407.98158 46076.939 -57484.7 5501.45 -62986.1 17440.692
7.35 302.81767 -296.83389 46125.37 -57011 5808.49 -62819.5 17519.949
7.36 296.72728 -867.60036 46124.858 -57147.6 5691.67 -62839.3 17528.492
7.37 299.49716 -523.34775 46183.848 -56859.9 5744.8 -62604.7 17560.269
7.38 288.56924 200.0008 46241.242 -57205.8 5535.19 -62741 17600.103
7.39 299.23414 -321.79973 46028.904 -57235.1 5739.76 -62974.9 17587.659
7.4 288.30438 -145.06279 45726.239 -57444.4 5530.11 -62974.5 17509.886
7.41 289.34767 1008.6195 45608.114 -57346.8 5550.12 -62896.9 17503.15
7.42 299.96069 -328.44658 46275.104 -56903 5753.69 -62656.7 17715.716
7.43 298.60917 83.891262 46301.716 -57188 5727.77 -62915.8 17767.696
7.44 291.0484 -300.30378 46195.443 -56924.1 5582.74 -62506.9 17784.939
7.45 289.16137 567.19722 46149.095 -57303.2 5546.55 -62849.8 17800.858
7.46 297.63305 224.15751 45926.318 -57001 5709.04 -62710 17775.753
7.47 304.44373 -251.46603 46085.68 -57043.5 5839.68 -62883.2 17824.201
7.48 294.74461 -111.35885 46334.566 -57304 5653.64 -62957.7 17885.828
7.49 294.56838 848.90133 45872.027 -57380.3 5650.26 -63030.5 17772.421
7.5 292.48181 -377.12566 46339.103 -57099.8 5610.24 -62710 17918.975
7.51 293.13874 598.42968 45862.638 -57202.6 5622.84 -62825.5 17820.076
7.52 293.78671 -854.61621 46605.756 -56921.5 5635.27 -62556.7 18012.85
7.53 289.43472 1089.9175 46186.78 -57318.1 5551.79 -62869.8 17905.104
7.54 285.44848 -201.89334 46173.282 -57537.1 5475.33 -63012.4 17936.528
7.55 296.643 -232.67229 46013.752 -56914.8 5690.05 -62604.8 17899.751
7.56 290.34238 510.62058 46432.377 -57187.2 5569.2 -62756.4 18054.391
7.57 283.50898 75.66579 46150.001 -57552.1 5438.12 -62990.2 18014.542
7.58 291.50922 825.89356 46120.622 -57167.8 5591.58 -62759.4 18020.046
7.59 296.32803 -173.7966 46510.796 -57176.9 5684.01 -62860.9 18134.025
7.6 301.47109 -213.92748 45971.671 -57146.5 5782.66 -62929.2 17998.174
7.61 284.20715 -121.31382 46347.543 -57597.1 5451.52 -63048.6 18111.859
7.62 301.30768 1219.8137 45534.483 -57141.7 5779.53 -62921.2 17952.467
7.63 299.8482 -445.02784 46522.253 -56933.7 5751.53 -62685.2 18254.678
7.64 298.45385 -422.63001 46440.634 -57139.2 5724.79 -62864 18272.484
7.65 288.66205 414.89113 46020.791 -57412.8 5536.97 -62949.8 18183.506
7.66 291.94304 -219.0739 46170.091 -57008 5599.9 -62607.9 18297.169
7.67 294.26492 -382.92911 46388.142 -57053.2 5644.44 -62697.7 18391.912
7.68 291.21757 46.101544 46080.162 -57268.6 5585.99 -62854.6 18342.527
7.69 292.94774 -222.98806 46100.519 -57123.3 5619.17 -62742.5 18337.373
7.7 293.73789 -638.24571 46194.433 -57236.9 5634.33 -62871.2 18374.656
7.71 285.68082 -185.6534 46514.985 -57263 5479.78 -62742.8 18491.28
7.72 302.8346 -83.638261 46174.57 -56892.8 5808.82 -62701.6 18422.137
7.73 277.90963 409.87649 46070.899 -57479.9 5330.72 -62810.6 18410.492
7.74 292.25307 271.59568 46091.499 -57230.1 5605.85 -62836 18493.287
7.75 300.0398 -181.54402 46133.633 -57319.4 5755.21 -63074.6 18525.35
7.76 300.70839 1227.7442 45749.755 -56900.9 5768.03 -62668.9 18456.715
7.77 289.8442 -358.15382 46206.879 -57228 5559.64 -62787.7 18611.373
7.78 296.16076 481.97808 46062.408 -57016.6 5680.8 -62697.4 18583.924
7.79 304.16302 333.78119 45678.745 -57244.3 5834.3 -63078.6 18522.901
7.8 301.56209 -1023.0927 46691.27 -57079.2 5784.41 -62863.7 18835.006
7.81 293.78925 -847.62894 46340.698 -57039.6 5635.32 -62674.9 18776.84
7.82 291.11016 -150.61551 46287.414 -57272.3 5583.93 -62856.2 18801.327
7.83 299.20799 -882.79686 46472.679 -56799.6 5739.25 -62538.8 18868.068
7.84 286.38091 371.69406 46187.032 -57232.2 5493.21 -62725.4 18819.26
7.85 291.38816 -905.20739 46430.781 -57393.7 5589.26 -62983 18897.035
7.86 291.04854 -27.449931 46206.378 -57191.3 5582.74 -62774 18856.687
7.87 284.93765 387.96027 46613.511 -57344.2 5465.53 -62809.7 18965.659
7.88 280.235 -390.51978 46267.632 -57392 5375.32 -62767.4 18903.469
7.89 293.25076 -371.20233 46348.227 -57168 5624.99 -62792.9 18953.954
7.9 304.58542 139.93208 46381.094 -56765.5 5842.4 -62607.9 18911.823
7.91 294.65303 -327.02676 45925.891 -57315.7 5651.88 -62967.6 18799.452
7.92 299.43525 92.014311 45816.838 -57028.4 5743.61 -62772 18799.046
7.93 292.3826 -406.43708 46356.874 -57307.5 5608.33 -62915.8 18993.838
7.94 292.58124 167.85504 45716.302 -57413.8 5612.14 -63025.9 18887.635
7.95 286.79119 354.0677 46134.213 -57233.9 5501.08 -62735 19017.318
7.96 295.90899 440.07646 46319.74 -57025.7 5675.98 -62701.7 19072.26
7.97 281.91602 122.37463 45954.44 -57609.7 5407.57 -63017.3 18997.081
7.98 282.64278 42.089522 46410.829 -57413.8 5421.51 -62835.3 19162.786
7.99 296.80138 315.94643 45971.731 -57062.5 5693.09 -62755.6 19076.358
8 286.06055 -271.64118 46578.894 -57077.9 5487.07 -62564.9 19283.577
8.01 304.52294 80.3708 46147.642 -57123.2 5841.2 -62964.4 19157.272
8.02 295.37848 -603.5903 46086.752 -57425.2 5665.8 -63091 19207.064
8.03 283.92659 590.96141 46039.443 -57330.9 5446.13 -62777 19202.484
8.04 293.96584 369.79221 46188.545 -57117.5 5638.7 -62756.2 19252.705
8.05 294.76649 1104.0097 45670.84 -57251 5654.06 -62905 19125.017
8.06 293.99931 -759.25702 46511.583 -56632.9 5639.34 -62272.3 19397.002
8.07 291.02952 536.69983 45607.309 -57347.8 5582.38 -62930.2 19171.304
8.08 290.55053 15.6195 46020.247 -57195.2 5573.19 -62768.4 19322.689
8.09 289.46074 189.69368 45949.231 -57169.8 5552.29 -62722.1 19333.123
8.1 289.86731 -260.87777 46026.106 -57494.5 5560.09 -63054.6 19367.545
8.11 301.74939 425.65728 46215.699 -57153.3 5788 -62941.3 19435.009
8.12 285.71521 359.34084 46117.797 -57143.6 5480.44 -62624.1 19444.755
8.13 292.0396 -102.91742 46372.321 -57279.6 5601.75 -62881.3 19521.08
8.14 296.6054 605.64436 46246.459 -57262.7 5689.33 -62952 19449.506
8.15 295.96594 507.15347 45887.194 -57084.9 5677.07 -62762 19422.051
8.16 291.9744 412.74943 46132.122 -57129.8 5600.5 -62730.3 19490.931
8.17 292.112 -561.22144 45865.898 -57575.5 5603.14 -63178.6 19427.326
8.18 290.75284 -793.03684 46435.967 -57236.2 5577.07 -62813.3 19621.165
8.19 305.96603 -78.51185 46388.286 -57023.8 5868.88 -62892.7 19657.303
8.2 289.51014 105.72019 46210.134 -57323.1 5553.24 -62876.3 19651.01
8.21 293.72105 462.54564 45954.043 -57145.4 5634.01 -62779.4 19598.898
8.22 284.41528 1009.0498 45781.509 -57656.6 5455.51 -63112.1 19575.722
8.23 296.5676 -162.28667 46154.786 -56852.1 5688.61 -62540.8 19677.559
8.24 289.95395 -237.85049 46523.284 -57159.2 5561.75 -62721 19771.046
8.25 291.17197 200.25 46121.932 -56823.1 5585.11 -62408.2 19692.171
8.26 291.60038 -223.90186 45864.573 -57106.6 5593.33 -62699.9 19659.467
8.27 279.3227 -565.73103 46435.969 -57489.4 5357.83 -62847.2 19838.418
8.28 291.84671 641.86707 46431.121 -57179.1 5598.05 -62777.1 19845.904
8.29 276.53455 47.302701 46396.284 -57379.5 5304.34 -62683.9 19841.886
8.3 292.61285 -794.40812 46147.237 -57109.6 5612.75 -62722.4 19805.798
8.31 298.06927 -1146.6161 46388.055 -56952.3 5717.41 -62669.8 19902.187
8.32 293.62542 132.27457 46261.533 -57481.4 5632.17 -63113.6 19854.244
8.33 297.19671 -0.93309972 46093.448 -57180.1 5700.68 -62880.8 19891.133
8.34 285.15346 -109.33876 46123.6 -57277.3 5469.67 -62747 19903.149
8.35 292.1228 497.05027 46180.535 -57033.6 5603.35 -62636.9 19945.397
8.36 286.89024 656.68545 45725.623 -57435.5 5502.98 -62938.4 19816.386
8.37 290.35635 -495.97367 46078.518 -57033.7 5569.47 -62603.2 19988.998
8.38 292.55951 345.9493 45988.164 -56959.9 5611.73 -62571.6 20000.408
8.39 294.51485 -344.3586 46021.347 -57191 5649.23 -62840.2 19986.555
8.4 280.59595 -235.3835 46276.955 -57322.7 5382.25 -62705 20063.796
8.41 283.12162 406.13838 45923.482 -57515.4 5430.69 -62946.1 20025.828
8.42 297.01349 297.23846 46055.935 -56978.5 5697.16 -62675.6 20073.757
8.43 293.46414 -69.156443 46127.89 -57492.4 5629.08 -63121.5 20113.076
8.44 286.01618 138.09696 45981.698 -57254 5486.22 -62740.2 20073.154
8.45 290.65623 1165.9126 45624.202 -57389.3 5575.22 -62964.5 19993.926
8.46 290.08798 -83.569596 46148.534 -57213.1 5564.32 -62777.4 20149.721
8.47 303.32348 -131.46227 46086.628 -56910.9 5818.2 -62729.1 20129.544
8.48 294.50865 -99.087456 45965.43 -57231 5649.11 -62880.1 20150.032
8.49 295.31702 132.05928 45873.815 -57126.9 5664.62 -62791.5 20177.547
8.5 284.53455 78.297693 46040.739 -57387.7 5457.8 -62845.5 20237.473
8.51 294.30619 197.60092 45963.028 -56971.2 5645.23 -62616.4 20249.116
8.52 293.60958 -687.13468 46442.239 -57193.7 5631.87 -62825.6 20376.282
8.53 292.35897 446.11315 45992.511 -56985.3 5607.88 -62593.2 20284.568
8.54 289.20498 -368.9908 45815.822 -57348.3 5547.38 -62895.7 20242.456
8.55 301.97288 622.89134 45961.772 -57124 5792.29 -62916.3 20320.459
8.56 290.4508 -150.13755 45814.38 -57165.1 5571.28 -62736.4 20318.095
8.57 289.95082 -323.15994 46262.131 -57203.9 5561.69 -62765.6 20442.936
8.58 298.60435 427.85845 46082.449 -56914 5727.68 -62641.7 20418.827
8.59 292.00182 204.15864 45983.565 -57297.8 5601.03 -62898.8 20421.693
8.6 287.63992 -869.88153 46907.175 -56988.3 5517.36 -62505.7 20697.428
8.61 283.26108 190.29983 46252.456 -57266.1 5433.37 -62699.5 20511.449
8.62 298.63292 -89.601889 46041.844 -56920.5 5728.22 -62648.7 20432.855
8.63 278.17676 -510.48338 46365.763 -57420 5335.84 -62755.9 20534.99
8.64 294.08965 -20.825951 46338.645 -57191.8 5641.08 -62832.8 20563.823
8.65 287.29289 81.49641 45953.979 -57283.9 5510.71 -62794.6 20492.58
8.66 281.59358 61.860312 45640.443 -57200.4 5401.38 -62601.8 20402.3
8.67 298.19861 818.99515 45749.81 -57363.7 5719.89 -63083.5 20494.466
8.68 288.32495 290.95957 46140.59 -57240.4 5530.5 -62770.9 20627.333
8.69 298.01103 202.38911 46102.264 -57074.6 5716.3 -62790.9 20622.805
8.7 296.7652 142.87618 46367.027 -57131.7 5692.4 -62824.1 20757.905
8.71 280.29276 -714.48608 46564.388 -57432 5376.43 -62808.5 20824.94
8.72 282.38203 -0.70089522 46321.844 -57433 5416.51 -62849.5 20774.376
8.73 284.90169 28.722619 46329.178 -57341.6 5464.84 -62806.5 20833.779
8.74 278.7877 211.66652 45965.608 -57248.4 5347.56 -62596 20727.923
8.75 295.75407 70.24608 46047.27 -57247.1 5673 -62920.1 20768.713
8.76 297.7977 27.04561 46134.651 -56956.1 5712.2 -62668.3 20806.875
8.77 284.31776 720.3947 46255.147 -57309.1 5453.64 -62762.8 20842.101
8.78 294.19582 -306.6268 46150.777 -57095 5643.11 -62738.1 20846.831
8.79 305.05947 -94.602328 46477.902 -56887.6 5851.49 -62739.1 20966.601
8.8 291.25598 -686.61074 46557.66 -57152.9 5586.72 -62739.6 21032.751
8.81 295.6495 406.4896 46244.693 -57135.8 5671 -62806.8 20968.346
8.82 297.0941 63.870948 46026.91 -57045.3 5698.71 -62744 20933.486
8.83 290.77366 -762.4064 46079.837 -57244.4 5577.47 -62821.8 20967.65
8.84 293.82833 444.46516 46123.443 -57079.1 5636.06 -62715.1 21008.309
8.85 298.90311 243.17347 46008.918 -56955.1 5733.41 -62688.5 21040.26
8.86 287.53671 306.3559 45953.631 -57282.1 5515.38 -62797.5 21023.236
8.87 286.65631 -151.16339 46604.638 -57166 5498.49 -62664.5 21237.681
8.88 294.7133 76.969008 45834.829 -56894 5653.04 -62547 21028.675
8.89 284.71859 -176.00049 46141.527 -57570.5 5461.33 -63031.8 21139.561
8.9 289.05647 -407.63239 46443.796 -57300.9 5544.53 -62845.5 21238.426
8.91 285.19989 -557.7422 46364.401 -57355.1 5470.56 -62825.7 21279.781
8.92 292.90884 -57.41751 45892.405 -57146.9 5618.43 -62765.4 21150.126
8.93 294.2218 57.485888 46410.583 -56646.8 5643.61 -62290.4 21340.308
8.94 300.43077 -144.69944 46371.361 -56996.6 5762.71 -62759.3 21362.99
8.95 299.56358 -366.64722 46153.048 -57109.2 5746.08 -62855.3 21312.292
8.96 267.44891 713.47894 45775.235 -58059.8 5130.07 -63189.9 21231.196
8.97 294.47568 -1228.4957 46506.47 -57277.4 5648.48 -62925.9 21478.489
8.98 284.01064 -343.90414 46052.023 -57217.5 5447.75 -62665.2 21383.443
8.99 293.79724 -454.85589 46175.429 -57029.6 5635.47 -62665.1 21425.785
9 297.42907 271.45837 46452.675 -56712.6 5705.13 -62417.7 21533
9.01 288.15005 -48.632427 46190.734 -57235.3 5527.15 -62762.4 21456.487
9.02 299.53108 495.20326 46041.662 -56752.5 5745.45 -62497.9 21457.234
9.03 295.16594 925.88445 45928.688 -56939.8 5661.72 -62601.5 21447.29
9.04 299.10385 267.64919 46038.122 -57118.2 5737.26 -62855.5 21515.231
9.05 289.9459 593.7163 46091.205 -57219.9 5561.59 -62781.5 21542.901
9.06 278.21035 158.94243 46208.096 -57548.9 5336.49 -62885.3 21633.932
9.07 292.39963 -8.8487936 46413.384 -57176 5608.66 -62784.6 21689.825
9.08 293.75399 55.60761 45933.847 -57145.4 5634.64 -62780 21609.255
9.09 291.71545 782.37881 45972.512 -56981.1 5595.54 -62576.7 21647.263
9.1 296.55144 -443.33222 46417.493 -56969.2 5688.3 -62657.5 21785.082
9.11 285.27537 198.97659 45970.808 -57504.9 5472.01 -62976.9 21681.008
9.12 300.13566 -3.3959152 46210.741 -57041 5757.05 -62798 21762.228
9.13 292.38979 382.42699 46040.228 -56945.2 5608.47 -62553.6 21718.173
9.14 290.5699 1.5977613 46121.711 -57212.8 5573.56 -62786.4 21787.14
9.15 282.73065 -57.453777 46145.327 -57235.5 5423.19 -62658.7 21855.736
9.16 299.12667 464.89994 46161.14 -57079.3 5737.69 -62817 21885.029
9.17 297.83089 -283.09544 46232.31 -57110.2 5712.84 -62823.1 21915.983
9.18 294.59383 -42.910357 45866.091 -57204.2 5650.75 -62855 21815.156
9.19 294.66485 263.35386 46031.917 -57049.5 5652.11 -62701.6 21945.219
9.2 285.94289 33.376951 46243.526 -57469.4 5484.81 -62954.2 22000.572
9.21 286.6053 -188.55808 45869.904 -57167 5497.52 -62664.5 21917.031
9.22 288.55588 52.777336 46499.387 -57079.1 5534.93 -62614.1 22143.949
9.23 293.39369 -323.56377 46064.094 -57105.2 5627.73 -62732.9 22022.016
9.24 310.67882 283.9623 46075.081 -56592.4 5959.28 -62551.7 22029.799
9.25 293.00671 205.23346 46071.357 -57310.1 5620.3 -62930.4 22039.347
9.26 288.68558 488.30881 46128.451 -57213.4 5537.42 -62750.8 22141.548
9.27 298.37093 -423.45369 46096.44 -57196.9 5723.2 -62920.1 22143.269
9.28 292.04159 -115.71928 46533.514 -57193.9 5601.79 -62795.7 22320.042
9.29 299.7243 531.03761 45883.295 -57143.1 5749.16 -62892.2 22165.975
9.3 306.83305 242.79645 45975.819 -57119.3 5885.51 -63004.8 22281.489
9.31 283.23992 -394.04939 46290.652 -57285.7 5432.96 -62718.6 22431.982
9.32 298.06917 730.00299 45950.867 -57130 5717.41 -62847.4 22324.779
9.33 294.1815 568.16656 45769.802 -57119.4 5642.84 -62762.3 22280.719
9.34 291.92942 -154.59222 46020.214 -57123.2 5599.64 -62722.8 22399.906
9.35 291.29706 529.85015 45933.223 -56925.6 5587.51 -62513.1 22459.893
9.36 294.3632 425.75786 46439.151 -57251.8 5646.32 -62898.2 22684.259
9.37 283.2254 -322.59055 46313.081 -57605.9 5432.68 -63038.6 22692.184
9.38 291.9698 -398.55381 46717.63 -57172.4 5600.42 -62772.8 22858.611
9.39 302.97463 49.890014 46109.968 -56865.7 5811.5 -62677.2 22702.074
9.4 292.92459 -792.44553 46405.846 -57428.4 5618.73 -63047.2 22851.508
9.41 300.7851 152.27053 46192.531 -56988.6 5769.51 -62758.1 22782.171
9.42 305.63689 278.87373 46001.852 -56999.6 5862.57 -62862.2 22757.945
9.43 288.21678 -163.69808 45703.435 -57446.5 5528.43 -62974.9 22681.837
9.44 307.34674 -1083.2567 46264.985 -56842.9 5895.37 -62738.3 22874.097
9.45 289.27717 113.01362 45916.471 -57399.4 5548.77 -62948.1 22769.03
9.46 296.44765 1306.6725 45859.357 -57194.8 5686.31 -62881.1 22775.835
9.47 284.69923 602.17358 45845.156 -56883.9 5460.96 -62344.8 22816.083
9.48 293.61565 -34.951715 46222.597 -57197.7 5631.99 -62829.7 22986.183
9.49 294.82673 294.33594 46061.886 -57044.3 5655.22 -62699.5 22999.015
9.5 303.82714 328.88564 46083.821 -56814.3 5827.86 -62642.2 23002.353
9.51 300.06673 -507.35428 46411.286 -57042 5755.73 -62797.7 23159.742
9.52 293.25281 343.84054 46075.9 -57278 5625.03 -62903 23058.418
9.53 289.5415 144.97441 46055.633 -57235.2 5553.84 -62789 23099.249
9.54 303.57116 -675.62139 46099.495 -56990.2 5822.95 -62813.1 23175.803
9.55 291.21929 -405.27233 46097.842 -56916.1 5586.02 -62502.1 23193.676
9.56 295.97919 -471.10964 46211.746 -57176.4 5677.32 -62853.7 23227.78
9.57 280.41482 -181.6277 46070.973 -57503.2 5378.77 -62882 23236.707
9.58 285.97082 -77.457459 46122.153 -57169.9 5485.35 -62655.2 23258.237
9.59 289.4239 -609.75967 46516.236 -57053 5551.58 -62604.6 23400.753
9.6 289.46947 745.10014 45683.27 -57268 5552.46 -62820.4 23173.806
9.61 300.02898 416.61495 45769.428 -57129.4 5755 -62884.4 23234.493
9.62 288.89851 -605.95684 45991.066 -57276.1 5541.5 -62817.6 23322.051
9.63 301.29003 623.90935 46054.799 -56914 5779.19 -62693.2 23352.392
9.64 294.81173 -95.146998 46229.39 -57304.6 5654.93 -62959.5 23430.747
9.65 290.78902 -1008.6103 46414.915 -57223.7 5577.77 -62801.5 23476.039
9.66 301.96541 -45.743066 46277.701 -56865.9 5792.15 -62658 23491.926
9.67 292.68355 345.89749 46140.587 -57193.9 5614.11 -62808 23483.643
9.68 288.73857 246.0549 45765.617 -57564.3 5538.44 -63102.7 23414.328
9.69 282.15918 770.46769 46078.98 -57205 5412.23 -62617.2 23547.318
9.7 299.54951 383.94969 46059.05 -56869.3 5745.81 -62615.1 23558.204
9.71 296.25354 -436.97199 46213.979 -57365.8 5682.58 -63048.4 23633.3
9.72 293.6032 -305.05799 46152.398 -57173.6 5631.75 -62805.3 23672.055
9.73 302.59241 215.50628 46023.693 -56840.2 5804.17 -62644.4 23651.946
9.74 293.08222 482.08405 46502.681 -57160.4 5621.75 -62782.1 23877.094
9.75 285.24064 267.24596 46162.291 -57426.8 5471.34 -62898.1 23743.75
9.76 294.49097 611.30899 46091.188 -57254.5 5648.78 -62903.2 23749.241
9.77 290.95709 -1102.6817 46360.273 -56848 5580.99 -62429 23884.371
9.78 288.99702 -345.00433 45901.283 -57300.6 5543.39 -62844 23767.194
9.79 296.79584 -251.61312 46041.94 -57036.9 5692.99 -62729.9 23843.622
9.8 300.71665 151.16777 46165.824 -57001.1 5768.19 -62769.3 23930.983
9.81 297.03169 119.02751 46303.42 -57341.5 5697.51 -63039 23977.471
9.82 291.32096 569.15476 46005.159 -57366.5 5587.97 -62954.4 23912.237
9.83 296.86013 266.86866 45985.778 -57106.5 5694.22 -62800.7 23913.441
9.84 290.49009 -582.88347 45983.846 -57259.8 5572.03 -62831.8 23938.583
9.85 295.79511 797.28743 45993.637 -56959.9 5673.79 -62633.7 23942.98
9.86 286.37401 1026.407 45845.086 -57242.7 5493.08 -62735.8 23927.937
9.87 287.93643 122.62681 45799.621 -57207.8 5523.05 -62730.8 23945.283
9.88 302.47524 826.50711 45746.662 -57035.6 5801.93 -62837.6 23982.674
9.89 296.4257 -5.3460741 46635.955 -57041.7 5685.89 -62727.6 24361.4
9.9 290.70054 -157.06524 46235.84 -57360.8 5576.07 -62936.9 24252.084
9.91 297.2623 -139.21622 46199.518 -56942.6 5701.93 -62644.5 24265.387
9.92 305.41466 -468.83852 45870.61 -56986.2 5858.31 -62844.6 24141.333
9.93 283.33325 -236.10937 46618.006 -57450.3 5434.75 -62885.1 24424.049
9.94 293.32602 424.7144 45856.538 -57189.2 5626.43 -62815.6 24189.989
9.95 296.89995 127.4825 46211.895 -56951.1 5694.98 -62646.1 24339.222
9.96 285.10349 330.58554 45648.207 -57378 5468.71 -62846.7 24178.017
9.97 290.23925 -381.59253 46106.995 -57152.6 5567.22 -62719.9 24312.898
9.98 296.92601 646.47019 45973.915 -57243.2 5695.48 -62938.7 24269.043
