0 292.10829 -905.79377 49796.265 -61322.6 5643.15 -66965.7 9.1485967
0.01 280.37864 -1250.3491 49797.381 -61759 5416.54 -67175.6 18.089252
0.02 293.30851 -1070.443 49659.994 -62340.7 5666.33 -68007.1 24.643486
0.03 295.89299 -1436.116 49794.717 -61670.7 5716.26 -67387 29.580161
0.04 289.96706 -825.85907 49651.047 -61864.3 5601.78 -67466.1 37.221814
0.05 293.9129 -788.65693 49745.592 -62164.3 5678.01 -67842.3 42.472984
0.06 295.34358 -1568.1402 49920.985 -62178.5 5705.65 -67884.1 48.390222
0.07 296.13578 -877.92751 50033.727 -61818.9 5720.95 -67539.9 55.861701
0.08 292.72905 -989.42779 49918.679 -61986.3 5655.14 -67641.5 62.8665
0.09 292.87402 -1046.842 49720.515 -62073.7 5657.94 -67731.6 68.49122
0.1 289.45299 -1076.7111 50037.592 -62506.8 5591.85 -68098.7 73.932129
0.11 295.25071 -21.456185 49206.769 -62564 5703.85 -68267.9 79.274491
0.12 300.35493 -1012.331 50122.579 -62462.3 5802.46 -68264.8 84.555923
0.13 299.36036 -961.21848 49929.458 -62668.8 5783.25 -68452.1 88.958189
0.14 290.85197 -748.1454 50013.581 -62646.7 5618.88 -68265.5 93.570004
0.15 301.83478 -656.91043 49752.111 -62343.8 5831.05 -68174.9 98.213186
0.16 290.53383 -1230.9497 50126.58 -62695.3 5612.73 -68308 106.58055
0.17 293.49551 -798.55822 50035.189 -62555 5669.95 -68224.9 109.73407
0.18 295.52637 -871.75814 49767.923 -62403 5709.18 -68112.1 114.36982
0.19 286.7945 -1217.5265 49854.137 -62757.7 5540.49 -68298.2 119.37392
0.2 287.77874 -1186.4074 50103.422 -62550.8 5559.5 -68110.3 124.95569
0.21 297.83277 -1117.7057 50194.665 -62262.9 5753.74 -68016.7 129.32441
0.22 297.02576 -739.51547 49948.847 -62605.1 5738.15 -68343.2 132.48168
0.23 312.26766 -736.13767 49826.096 -62228.9 6032.6 -68261.5 136.4957
0.24 289.36195 -1619.6172 50207.924 -61996.5 5590.09 -67586.6 144.52417
0.25 290.05362 -1099.7973 49946.773 -62468.1 5603.45 -68071.5 147.18383
0.26 300.1896 -820.86283 50226.046 -61992.8 5799.27 -67792 155.34519
0.27 287.82562 -695.16716 49629.063 -62740.6 5560.41 -68301 157.18925
0.28 288.72142 -149.3709 49651.433 -62356.8 5577.72 -67934.5 161.76924
0.29 294.86337 -1414.6227 50049.672 -62094.5 5696.37 -67790.8 166.60824
0.3 297.55547 -1102.025 50000.327 -62610.3 5748.38 -68358.7 170.53067
0.31 281.74577 -1182.4541 49925.008 -62824.6 5442.96 -68267.5 173.85576
0.32 294.99186 -626.40868 49495.66 -62690.3 5698.85 -68389.1 177.06499
0.33 281.0914 -1310.2651 50230.062 -63157.9 5430.31 -68588.3 183.3857
0.34 295.7941 -1166.9744 50327.474 -62985.9 5714.35 -68700.3 184.92582
0.35 294.12607 -1213.8993 50091.603 -62834.7 5682.13 -68516.8 187.39287
0.36 301.24307 -1222.5899 49864.617 -62488.2 5819.62 -68307.8 191.14991
0.37 313.0539 -758.03912 50025.873 -62485.2 6047.79 -68533 195.41804
0.38 291.56315 -1237.0867 50266.247 -62686.3 5632.61 -68318.9 199.56744
0.39 299.52025 -998.61374 50189.877 -62564.2 5786.34 -68350.5 205.87009
0.4 290.04422 -1055.8667 49884.937 -62945 5603.27 -68548.2 211.83787
0.41 290.62589 -1193.703 50047.799 -62568.6 5614.51 -68183.2 217.61098
0.42 294.49977 -1362.0468 50114.626 -62789.9 5689.35 -68479.2 219.05473
0.43 293.2796 -348.23089 49631.251 -62540.1 5665.77 -68205.9 222.49124
0.44 297.89365 -1095.5558 50234.431 -62965.6 5754.91 -68720.5 226.00566
0.45 282.88535 -701.69012 49853.401 -63423.4 5464.97 -68888.4 230.53689
0.46 292.69174 -706.46784 50049.366 -62920.1 5654.42 -68574.5 232.15791
0.47 289.19579 -1271.9185 50059.038 -63230.4 5586.88 -68817.3 236.63789
0.48 297.07686 -737.1313 49918.182 -62865.6 5739.13 -68604.7 240.91465
0.49 290.88278 -1036.3811 50342.858 -63178.4 5619.47 -68797.9 244.69172
0.5 297.76026 -1446.401 50467.744 -63470 5752.33 -69222.3 248.18674
0.51 292.80879 -1383.4731 49995.085 -63156.7 5656.68 -68813.4 247.70433
0.52 298.90086 -631.98346 49898.979 -63197 5774.37 -68971.3 249.12378
0.53 300.4423 -909.33507 50261.91 -63135.5 5804.15 -68939.7 254.62419
0.54 292.26624 -469.19336 50217.902 -63452.9 5646.2 -69099.1 259.36417
0.55 302.39651 -821.77643 50016.299 -63340.7 5841.9 -69182.6 259.51713
0.56 288.29308 -1442.6451 50206.1 -63762 5569.44 -69331.4 264.69952
0.57 305.67664 -1136.6749 50130.106 -63371.4 5905.27 -69276.7 266.24276
0.58 288.92464 -739.9517 50014.863 -63754.3 5581.64 -69335.9 268.62825
0.59 291.31355 -891.16905 50188.303 -63504.3 5627.79 -69132.1 271.33845
0.6 281.15931 -1358.6155 50469.512 -63990.8 5431.63 -69422.4 272.31384
0.61 291.51664 -1332.7176 50323.277 -63733.2 5631.72 -69364.9 273.07003
0.62 290.51843 -849.77207 50183.981 -64100.2 5612.43 -69712.6 273.04137
0.63 286.2834 -930.3003 50129.042 -64167.3 5530.62 -69697.9 274.53581
0.64 295.37867 -1057.0184 50359.781 -63967.7 5706.33 -69674.1 275.18836
0.65 288.15781 -1412.7668 50564.052 -64103.4 5566.83 -69670.2 279.28422
0.66 306.99618 -840.58667 50065.213 -63470.3 5930.76 -69401 274.68642
0.67 288.06461 -821.73085 49955.792 -63969.5 5565.03 -69534.5 274.9162
0.68 302.34947 -766.87455 50226.556 -64005.7 5840.99 -69846.7 278.65112
0.69 294.52658 -1009.3242 50226.276 -64091.8 5689.86 -69781.7 279.79746
0.7 289.84144 -1199.7737 50513.625 -64028.7 5599.35 -69628.1 281.83483
0.71 309.82136 -871.80138 50099.973 -63636.5 5985.34 -69621.8 281.56007
0.72 292.15932 -984.43618 50231.862 -64067 5644.13 -69711.1 284.51379
0.73 293.67069 -250.65926 49991.778 -64270.4 5673.33 -69943.8 283.71566
0.74 297.47605 -775.25388 50119.134 -64055.8 5746.84 -69802.7 285.22908
0.75 292.45406 -540.80108 50110.955 -64352.2 5649.83 -70002.1 288.19956
0.76 287.7953 -862.8708 50339.577 -64079.5 5559.82 -69639.4 292.4551
0.77 299.75479 -918.66158 50202.165 -64168.6 5790.87 -69959.4 295.07197
0.78 294.72947 -684.37899 50166.764 -64221.5 5693.78 -69915.3 293.87205
0.79 298.33931 -893.99183 50169.926 -64390.2 5763.52 -70153.7 295.32054
0.8 295.22706 -540.2831 50179.925 -64705.9 5703.4 -70409.3 296.78387
0.81 291.16095 -858.50208 50469.68 -64606.5 5624.84 -70231.4 298.92374
0.82 301.206 -792.57939 50303.664 -64533 5818.9 -70351.9 298.72877
0.83 286.63445 -1400.6764 50612.294 -64775.3 5537.4 -70312.7 302.36066
0.84 297.81123 -772.61932 50351.033 -64691.6 5753.32 -70444.9 299.82473
0.85 298.60269 -324.32689 50108.68 -64986.5 5768.61 -70755.1 300.44054
0.86 289.39048 -824.11996 50199.743 -64788 5590.64 -70378.7 300.43398
0.87 296.98792 -1477.5713 50628.795 -64844.7 5737.41 -70582.1 302.73688
0.88 294.9675 -1332.3463 50488.427 -64639.2 5698.38 -70337.5 302.89811
0.89 294.10285 -962.54169 50544.218 -64581.9 5681.68 -70263.6 303.38778
0.9 300.84583 -764.52873 50343.583 -64647.9 5811.94 -70459.9 304.78634
0.91 297.93126 -1333.6111 50552.668 -64898.1 5755.64 -70653.8 305.28398
0.92 285.79691 -828.03522 50285.102 -65250.2 5521.22 -70771.4 305.33107
0.93 297.7979 -1197.3794 50583.085 -64950.7 5753.06 -70703.8 305.07329
0.94 284.64965 -991.2074 50533.174 -65154.8 5499.05 -70653.8 305.87042
0.95 296.20176 -1338.2029 50447.715 -65048.8 5722.23 -70771 306.36317
0.96 292.9036 -1428.0525 50674.734 -64924 5658.51 -70582.5 308.09177
0.97 302.9885 -1088.1728 50438.266 -64392 5853.34 -70245.3 306.99259
0.98 300.80826 -1598.5458 50540.119 -64444.6 5811.22 -70255.8 308.54716
0.99 293.87177 -856.4803 50272.491 -64857.5 5677.21 -70534.7 308.51123
1 293.78302 -867.60924 50338.71 -64565.2 5675.5 -70240.7 309.77696
1.01 294.00592 -1115.2452 50440.4 -64491 5679.81 -70170.8 310.10327
1.02 285.75282 -1685.5536 50645.551 -64784.4 5520.37 -70304.8 309.81143
1.03 282.02088 -842.49827 50259.974 -65052.1 5448.27 -70500.4 310.59571
1.04 290.49838 -868.62418 50446.582 -64975.1 5612.04 -70587.1 313.24028
1.05 294.85514 -1097.812 50244.08 -64754 5696.21 -70450.2 313.45616
1.06 288.25157 -1220.2096 50552.569 -64907 5568.64 -70475.6 315.35447
1.07 288.96997 -892.3216 50347.91 -64640.4 5582.52 -70223 314.92743
1.08 293.69319 -1153.7768 50528.207 -64714.8 5673.76 -70388.6 316.50753
1.09 301.67456 -763.70823 50201.907 -64706.7 5827.95 -70534.7 315.02367
1.1 289.47076 -975.03352 50471.845 -65050.5 5592.19 -70642.7 317.82735
1.11 299.02565 -700.16069 50482.255 -64551.6 5776.78 -70328.4 319.83839
1.12 300.99068 -1216.04 50483.429 -64810.1 5814.74 -70624.8 319.88022
1.13 300.73581 -925.28718 50296.187 -65043.7 5809.82 -70853.5 320.22424
1.14 301.34065 -937.19881 50414.897 -64782 5821.5 -70603.5 321.41097
1.15 289.69296 -1269.7422 50703.88 -65004.1 5596.48 -70600.6 324.36329
1.16 289.16249 -533.4702 50244.055 -64867.5 5586.24 -70453.8 322.86027
1.17 291.15325 -1182.4878 50462.935 -64827.2 5624.7 -70451.9 322.52121
1.18 295.00053 -841.628 50461.639 -64539 5699.02 -70238 324.86848
1.19 286.12409 -1101.3757 50631.67 -64739.4 5527.54 -70267 326.82094
1.2 306.51246 -1170.9089 50369.871 -64366 5921.42 -70287.4 326.5959
1.21 293.82238 -1197.5509 50387.033 -64651.9 5676.26 -70328.2 327.75647
1.22 284.39191 -1177.3639 50487.126 -64915.3 5494.08 -70409.4 327.29855
1.23 293.9237 -1428.5141 50416.655 -64689.8 5678.22 -70368 326.20197
1.24 273.97959 -377.2561 50181.651 -65088.3 5292.92 -70381.2 325.8414
1.25 304.4568 -695.56158 50241.486 -64626.3 5881.7 -70508 326.22412
1.26 284.95594 -1240.4239 50521.403 -64909.8 5504.97 -70414.8 328.46049
1.27 291.219 -839.02216 50243.921 -64683 5625.97 -70308.9 328.95432
1.28 298.5873 -523.76225 50308.26 -64687.6 5768.31 -70455.9 329.99803
1.29 287.82344 -846.29307 50438.746 -64904.1 5560.37 -70464.5 330.35811
1.3 296.11243 -1427.1809 50562.047 -64459.4 5720.5 -70179.9 332.78862
1.31 293.92099 -915.05167 50506.931 -64675.5 5678.16 -70353.7 333.36949
1.32 299.42994 -1141.2562 50212.78 -64367.7 5784.59 -70152.3 332.20812
1.33 296.33544 -644.18683 50310.997 -64227.5 5724.81 -69952.3 331.53691
1.34 293.39473 -1316.7075 50430.558 -64555 5668 -70223 333.23668
1.35 298.76416 -1051.0696 50276.389 -64317.6 5771.73 -70089.4 334.14979
1.36 291.54525 -879.5548 50220.444 -64209 5632.27 -69841.2 334.77973
1.37 290.25642 -877.38095 50199.08 -64446.8 5607.37 -70054.2 337.64183
1.38 296.75475 -1301.9557 50382.781 -64267.1 5732.91 -70000 340.16268
1.39 291.04836 -944.82792 50517.628 -64711.8 5622.67 -70334.5 341.29789
1.4 293.38248 -1539.7773 50791.53 -64364.8 5667.76 -70032.6 344.97316
1.41 296.16497 -1032.4571 50311.385 -64692.2 5721.52 -70413.7 345.31495
1.42 300.65297 -1252.6302 50414.932 -64474.5 5808.22 -70282.7 347.21322
1.43 294.32625 -1453.586 50385.485 -64463.2 5685.99 -70149.2 348.00833
1.44 291.65621 -1138.0414 50352.532 -64456.6 5634.41 -70091 350.6395
1.45 299.42471 -780.21886 50327.541 -64284.6 5784.49 -70069.1 352.49653
1.46 289.08036 -1110.222 50295.187 -64520.2 5584.65 -70104.9 352.57286
1.47 293.51162 -420.08358 50041.313 -64438.9 5670.26 -70109.1 355.26699
1.48 301.15118 -829.02184 50332.627 -64362.3 5817.84 -70180.2 359.19973
1.49 283.74407 -1590.4143 50465.479 -64423.7 5481.56 -69905.3 360.57528
1.5 312.07341 -1129.5655 50519.816 -63790.3 6028.85 -69819.1 361.96744
1.51 284.68416 -1079.5718 50405.953 -64198.3 5499.72 -69698 361.8783
1.52 305.28482 -1200.2332 50283.573 -63997.8 5897.7 -69895.5 363.89153
1.53 303.43541 -447.29529 50089.221 -64404 5861.97 -70266 362.15434
1.54 297.20779 -387.58993 50009.614 -64346.1 5741.66 -70087.7 364.67728
1.55 303.69049 -554.41147 50216.908 -63997.1 5866.9 -69864 368.02582
1.56 288.8227 -555.40465 50052.308 -64617.8 5579.67 -70197.4 367.74672
1.57 286.32454 -819.32474 50225.876 -64896 5531.41 -70427.4 369.6378
1.58 289.2414 -549.17374 50119.073 -64628.5 5587.76 -70216.3 370.81127
1.59 288.72249 -1191.6292 50511.339 -64663.1 5577.74 -70240.8 374.91279
1.6 289.13381 -1123.6975 50489.455 -64629.6 5585.68 -70215.3 375.66685
1.61 294.41065 -1232.0015 50586.382 -64636 5687.62 -70323.6 378.20421
1.62 309.47533 -1139.098 50336.994 -64602.8 5978.65 -70581.5 378.13478
1.63 289.93108 -769.28229 50451.413 -64812.2 5601.08 -70413.3 377.90116
1.64 296.31224 -430.56983 49979.274 -64654.1 5724.36 -70378.4 374.9338
1.65 290.51851 -1291.7317 50507.292 -64775.3 5612.43 -70387.7 378.30183
1.66 295.77131 -481.20427 50101.152 -64960.7 5713.91 -70674.6 376.89827
1.67 303.79518 -1638.4083 50620.137 -64495.1 5868.92 -70364 380.32121
1.68 290.65648 -945.91246 50476.021 -64968.6 5615.1 -70583.7 381.24236
1.69 292.29517 -1075.4685 50358.058 -64997.6 5646.76 -70644.4 381.96972
1.7 284.64851 -627.48983 50372.947 -65266.8 5499.03 -70765.9 382.20768
1.71 296.48813 -1165.3068 50468.839 -64974.3 5727.76 -70702 382.8496
1.72 298.58189 -1008.9954 50399.38 -64799.2 5768.21 -70567.4 383.07195
1.73 279.34283 -1111.8545 50489.425 -65080.4 5396.53 -70476.9 385.88491
1.74 299.76776 -743.72655 50318.098 -65093.3 5791.12 -70884.4 385.59139
1.75 297.71118 -1581.4586 50675.817 -64852.6 5751.39 -70604 388.21537
1.76 291.4041 -1235.2942 50332.753 -65278.7 5629.54 -70908.2 386.28965
1.77 291.3563 -1109.2333 50484.974 -65079.2 5628.62 -70707.9 387.91231
1.78 284.32804 -1490.5628 50456.456 -65139.7 5492.84 -70632.5 386.70258
1.79 289.88979 -929.16578 50447.753 -65092.3 5600.29 -70692.6 387.54251
1.8 296.80226 -715.69164 50383.914 -65053 5733.83 -70786.8 387.21871
1.81 293.17863 -1310.3442 50649.256 -65200.8 5663.82 -70864.6 388.62454
1.82 291.15247 -675.39357 50499.243 -65255.4 5624.68 -70880 387.9915
1.83 288.27095 -828.28646 50433.514 -64903.3 5569.01 -70472.3 389.61955
1.84 285.4933 -774.72406 50337.929 -65307.3 5515.35 -70822.7 388.79726
1.85 299.01981 -1240.6831 50579.586 -64716.5 5776.67 -70493.2 390.56616
1.86 292.71793 -1150.9082 50513.114 -64777.5 5654.92 -70432.4 390.26615
1.87 301.30796 -1173.0701 50644.5 -65048.3 5820.87 -70869.2 392.28385
1.88 307.1858 -1034.4352 50601.855 -64666 5934.42 -70600.4 392.5972
1.89 292.43094 -992.55653 50726.028 -65191.1 5649.38 -70840.5 395.00772
1.9 290.73651 -909.1894 50569.925 -65120 5616.64 -70736.6 395.92875
1.91 300.57856 -1068.4838 50682.107 -64717.1 5806.78 -70523.9 396.78918
1.92 289.26242 -765.41085 50324.366 -65080.3 5588.17 -70668.5 395.01102
1.93 289.52014 -690.81068 50677.955 -65318.9 5593.15 -70912 399.08471
1.94 298.98901 -932.46145 50912.997 -65129.3 5776.07 -70905.4 400.37219
1.95 295.02347 -667.42783 51156.576 -65489.1 5699.46 -71188.6 402.66837
1.96 296.93892 -1155.7806 51218.47 -65551.9 5736.47 -71288.4 401.89112
1.97 299.25099 -1137.7805 51148.028 -65369.6 5781.13 -71150.7 401.666
1.98 295.27783 -1139.1087 51128.162 -65343.6 5704.38 -71048 403.21719
1.99 298.1913 -805.18561 51041.342 -65326.4 5760.66 -71087 403.4168
2 292.69658 -1295.1167 51192.658 -65374.6 5654.51 -71029.1 403.92054
2.01 292.83801 -1115.2169 51306.81 -65226.4 5657.24 -70883.7 405.00934
2.02 292.42531 -1103.7186 51360.567 -65614.9 5649.27 -71264.2 405.2962
2.03 280.69233 -591.23686 51248.662 -65661.8 5422.6 -71084.4 405.57286
2.04 290.96639 -1632.2245 51691.709 -65373.7 5621.09 -70994.8 407.49367
2.05 296.68953 -985.71194 51465.939 -65568.7 5731.65 -71300.3 406.67902
2.06 291.28624 -1050.4201 51502.101 -65158.1 5627.26 -70785.4 406.78672
2.07 288.39726 -1438.2776 51844.618 -65602.4 5571.45 -71173.9 409.25844
2.08 296.93992 -1422.6778 51627.285 -65558.5 5736.49 -71295 406.15149
2.09 300.47972 -1205.4395 51508.432 -65358.9 5804.87 -71163.8 405.9594
2.1 298.33226 -533.33622 51309.668 -65643.2 5763.38 -71406.6 404.48423
2.11 294.04015 -950.77227 51542.856 -65899.2 5680.47 -71579.6 405.93794
2.12 293.08444 -722.58491 51470.142 -65594.8 5662 -71256.8 405.16283
2.13 293.8865 -1004.9227 51528.698 -65748 5677.5 -71425.5 405.2917
2.14 309.30161 -553.95656 51464.697 -65364.6 5975.3 -71339.9 405.70713
2.15 291.7529 -1092.6617 51785.904 -65756 5636.28 -71392.3 407.34834
2.16 299.20522 -1038.7809 51526.291 -65504.4 5780.25 -71284.6 405.97374
2.17 291.4001 -722.21758 51599.225 -65842.5 5629.46 -71471.9 408.07552
2.18 285.42915 -849.38951 51575.528 -65656.8 5514.11 -71170.9 406.26369
2.19 290.24378 -974.5718 51537.092 -65829.1 5607.13 -71436.2 406.06476
2.2 298.08838 -953.28477 51694.054 -65492.1 5758.67 -71250.8 407.34599
2.21 295.23185 -1125.2533 51830.304 -65167.3 5703.49 -70870.8 407.8908
2.22 287.10527 -902.98037 51451.181 -65714.2 5546.49 -71260.7 405.78164
2.23 297.48733 -1188.9893 51825.804 -65542.6 5747.06 -71289.7 408.20713
2.24 288.20043 -560.83962 51418.691 -65913.6 5567.65 -71481.2 405.75928
2.25 303.20343 -1123.5814 51850.372 -65572.9 5857.49 -71430.4 408.07097
2.26 287.24255 -1136.8884 51807.131 -65730.8 5549.15 -71279.9 408.16084
2.27 289.3363 -823.48256 51705.272 -65906.5 5589.59 -71496.1 407.32989
2.28 294.44776 -1315.7049 52162.178 -65652.1 5688.34 -71340.5 410.32353
2.29 296.6766 -526.3477 51697.997 -65780.5 5731.4 -71511.9 407.31581
2.3 286.42078 -475.49462 51682.707 -66036.3 5533.27 -71569.6 407.69422
2.31 304.43309 -1621.4583 52171.518 -65556 5881.24 -71437.2 409.56146
2.32 294.76337 -1143.6246 52049.752 -65988.9 5694.44 -71683.4 409.157
2.33 293.28874 -951.80584 51865.528 -65787.9 5665.95 -71453.8 408.52902
2.34 294.51851 -1286.2376 51959.081 -65864.6 5689.71 -71554.4 408.9955
2.35 305.37421 -1749.3973 52294.882 -65557.8 5899.43 -71457.3 411.21752
2.36 290.30651 -1087.5101 51966.114 -65864 5608.34 -71472.3 408.32138
2.37 292.4812 -847.26838 51800.553 -66076.4 5650.35 -71726.7 407.67122
2.38 302.32881 -821.90205 51781.619 -65667.5 5840.59 -71508.1 407.52823
2.39 303.48123 -726.11942 51625.052 -65625.5 5862.86 -71488.3 406.46552
2.4 298.53706 -1097.3835 52010.458 -65666.1 5767.34 -71433.4 409.17701
2.41 301.15385 -690.00221 51580.825 -65504.4 5817.89 -71322.3 406.89179
2.42 289.21061 -1388.9264 52007.027 -65853.9 5587.17 -71441.1 408.98294
2.43 300.00934 -998.6262 51918.335 -65427.5 5795.78 -71223.3 408.72946
2.44 292.05786 -811.87988 51679.073 -66020.9 5642.17 -71663.1 407.55078
2.45 295.76665 -1391.1541 51979.13 -65672 5713.82 -71385.8 408.49971
2.46 289.43915 -992.0481 51736.627 -66063.7 5591.58 -71655.3 406.48799
2.47 306.29047 -1075.0363 51938.504 -65752.2 5917.13 -71669.4 408.5714
2.48 295.9597 -860.84244 51811.581 -65807.3 5717.55 -71524.8 407.55093
2.49 295.11182 -1031.9935 51924.702 -65670.8 5701.17 -71371.9 408.60263
2.5 280.85068 -1097.931 51888.423 -66240.9 5425.66 -71666.6 408.11753
2.51 304.68237 -689.60529 51783.876 -65737.6 5886.06 -71623.6 408.20729
2.52 291.68339 -1525.8382 52243.254 -65806.4 5634.94 -71441.3 409.74631
2.53 297.99407 -977.99959 51831.735 -65537.7 5756.85 -71294.5 407.78764
2.54 292.21565 -531.73095 51674.523 -65695.4 5645.22 -71340.6 406.95989
2.55 301.26124 -1046.4466 51853.433 -65563.2 5819.97 -71383.1 407.37137
2.56 299.585 -519.66002 51594.445 -65665.7 5787.59 -71453.2 406.85241
2.57 282.70627 -1365.471 51992.24 -66048.4 5461.51 -71509.9 408.52873
2.58 287.37671 -905.02699 51741.814 -65683.5 5551.74 -71235.2 406.65113
2.59 289.91192 -1096.4628 51887.947 -66127.6 5600.71 -71728.3 408.43032
2.6 296.51 -854.2331 51759.683 -65723.3 5728.18 -71451.5 407.39626
2.61 299.64756 -1076.5218 51825.024 -65692.1 5788.79 -71480.8 407.3295
2.62 298.33742 -1166.3975 51966.277 -65745.8 5763.48 -71509.3 408.85474
2.63 295.04457 -1610.2802 52214.978 -65689.7 5699.87 -71389.6 410.33615
2.64 293.12274 -955.3112 51825.999 -65676.9 5662.74 -71339.6 407.48387
2.65 290.69793 -1213.6392 51769.664 -65773.2 5615.9 -71389.1 406.83671
2.66 311.98932 -189.9933 51404.071 -65539.5 6027.22 -71566.7 405.61755
2.67 296.71679 -778.99718 51577.562 -65901.1 5732.18 -71633.3 406.88705
2.68 301.00046 -912.25268 51714.367 -65656.3 5814.93 -71471.3 407.16748
2.69 295.7276 -965.35484 51678.89 -65971.6 5713.07 -71684.7 406.7549
2.7 295.68573 -878.10822 51851.543 -65587.4 5712.26 -71299.7 408.65952
2.71 296.19048 -1193.6523 51932.564 -65873.2 5722.01 -71595.3 408.62928
2.72 307.23676 -727.00375 51888.183 -65593.3 5935.41 -71528.7 408.82627
2.73 299.16305 -791.39227 51789.766 -65871.7 5779.43 -71651.2 409.01339
2.74 299.26006 -1016.7811 51975.174 -65614.5 5781.31 -71395.8 409.56019
2.75 303.95278 -607.62161 51792.219 -65723.2 5871.97 -71595.2 408.8836
2.76 293.19362 -1444.7271 52169.583 -65978.6 5664.11 -71642.7 410.76403
2.77 301.55236 -1132.9891 51843.461 -65495.5 5825.59 -71321.1 408.33833
2.78 294.48326 -840.95636 51774.649 -65908.9 5689.03 -71597.9 408.14249
2.79 299.36217 -660.77816 51696.608 -65724.9 5783.28 -71508.1 408.00274
2.8 294.14711 -1169.4921 52086.14 -65843.7 5682.53 -71526.3 409.66452
2.81 296.38879 -1077.779 51885.984 -65654.5 5725.84 -71380.4 408.2292
2.82 296.40575 -909.06211 51841.823 -65990.9 5726.17 -71717.1 408.88251
2.83 293.15835 -509.96622 51683.505 -65883.7 5663.43 -71547.1 407.49651
2.84 298.99223 -925.93092 51961.9 -65826.1 5776.13 -71602.3 408.56657
2.85 300.19763 -1169.3021 51885.727 -65916.6 5799.42 -71716 408.51564
2.86 286.18558 -678.21302 51660.724 -66005 5528.73 -71533.8 406.99904
2.87 290.13322 -773.29024 51823.034 -65842.3 5604.99 -71447.3 407.9616
2.88 289.28356 -1275.3162 52121.147 -65545.4 5588.58 -71133.9 410.86795
2.89 291.25867 -926.87972 51850.955 -65810.5 5626.73 -71437.3 407.97371
2.9 292.05393 -958.03511 51789.963 -65950.1 5642.1 -71592.2 408.33356
2.91 292.19424 -1149.0385 51883.346 -65813.9 5644.81 -71458.7 409.274
2.92 289.8347 -954.53942 51813.609 -65882.3 5599.22 -71481.5 408.61031
2.93 290.70962 -508.24266 51551.369 -65549.5 5616.13 -71165.6 407.8022
2.94 293.20828 -1692.8181 52123.574 -65849.1 5664.4 -71513.5 410.17943
2.95 297.21086 -609.12749 51612.072 -65567.3 5741.72 -71309 407.76088
2.96 296.45121 -1552.1307 52014.953 -65826.9 5727.05 -71554 409.93415
2.97 303.29064 -1008.503 51882.243 -65627 5859.17 -71486.2 409.06033
2.98 291.05347 -465.89785 51473.137 -65868.3 5622.77 -71491 406.47157
2.99 289.37056 -1543.4672 52015.51 -65419.7 5590.26 -71010 409.21284
3 281.58669 -936.98995 51516.404 -65803.4 5439.88 -71243.2 406.85587
3.01 284.8965 -1577.8341 51995.118 -65961.2 5503.82 -71465 408.9362
3.02 290.52735 -1198.6341 51906.413 -65752.9 5612.6 -71365.5 409.2381
3.03 300.4007 -446.27503 51674.63 -65756.7 5803.34 -71560.1 407.76918
3.04 296.30444 -1313.7974 51966.18 -65861 5724.21 -71585.2 409.03242
3.05 310.22389 -1086.5627 51868.897 -65430.4 5993.12 -71423.5 408.2544
3.06 298.09618 -1496.6879 52005.554 -65827 5758.82 -71585.8 408.9001
3.07 300.14853 -940.54254 51817.101 -65599 5798.47 -71397.5 407.72097
3.08 298.86398 -555.70843 51593.078 -65837 5773.66 -71610.7 406.58988
3.09 295.64227 -1195.367 52057.236 -65646.8 5711.42 -71358.2 409.21172
3.1 293.29638 -954.7178 51860.911 -65838.2 5666.1 -71504.3 409.18121
3.11 289.73095 -1036.8321 51966.267 -65881.6 5597.22 -71478.8 408.89698
3.12 289.45317 -1154.1108 51980.497 -65923 5591.85 -71514.9 408.38945
3.13 291.36146 -1045.5205 51790.85 -65871.5 5628.72 -71500.2 407.79567
3.14 303.81707 -1005.8186 51878.494 -65589.8 5869.34 -71459.1 408.33087
3.15 300.0212 -250.8362 51485.709 -65749 5796.01 -71545 406.57538
3.16 296.92754 -1053.749 51990.028 -65628.1 5736.25 -71364.4 409.45855
3.17 299.32032 -785.29806 51876.607 -65901.8 5782.47 -71684.3 408.51862
3.18 301.75794 -1380.3498 52074.837 -65535 5829.56 -71364.5 409.71503
3.19 292.39741 -1227.8459 51986.761 -65930.1 5648.73 -71578.9 408.86162
3.2 295.61093 -1166.7542 51960.03 -65681.6 5710.81 -71392.4 408.73502
3.21 293.24559 -907.70046 51934.294 -65951.3 5665.12 -71616.4 408.99875
3.22 292.79248 -997.84051 51847.087 -65788.2 5656.36 -71444.6 408.06452
3.23 283.77624 -975.90964 51862.513 -66093.5 5482.18 -71575.7 408.90417
3.24 295.10546 -1225.3747 52003.508 -65868.9 5701.05 -71569.9 409.41599
3.25 292.9205 -553.72528 51797.872 -65887 5658.84 -71545.8 408.37918
3.26 306.00077 -987.75296 52019.111 -65778.3 5911.53 -71689.8 409.01465
3.27 274.48634 -842.75217 51844.118 -66115.3 5302.71 -71418 408.1229
3.28 299.6195 -1267.9823 52080.255 -65723.5 5788.25 -71511.8 408.91792
3.29 288.31521 -440.54497 51631.071 -65863.7 5569.87 -71433.5 407.1637
3.3 299.67626 -1104.0045 51927.353 -65531.4 5789.35 -71320.7 409.33727
3.31 288.30883 -1420.449 52197.446 -65991.6 5569.75 -71561.3 411.00645
3.32 289.47993 -991.03686 51801.203 -65978.7 5592.37 -71571.1 408.50687
3.33 295.00162 -1367.5001 52219.227 -65888.8 5699.04 -71587.9 410.3005
3.34 301.72571 -706.91565 51930.172 -65886.6 5828.94 -71715.6 409.56844
3.35 297.43542 -1371.945 52084.023 -65628.6 5746.06 -71374.6 409.81201
3.36 290.25527 -527.34421 51656.578 -66020.8 5607.35 -71628.2 407.44728
3.37 305.22426 -1103.8402 52160.041 -65423.6 5896.53 -71320.1 409.64372
3.38 292.91851 -1046.0377 51901.375 -66078.1 5658.8 -71736.9 408.56266
3.39 282.67909 -933.24752 51938.356 -66155.6 5460.99 -71616.6 408.57926
3.4 296.87238 -1054.1849 52011.781 -65873.6 5735.18 -71608.8 408.99929
3.41 301.256 -1252.9386 52084.858 -65871.5 5819.87 -71691.4 409.62522
3.42 307.71256 -1100.6301 51969.491 -65515.8 5944.6 -71460.4 409.32889
3.43 300.92572 -988.97578 51950.583 -65753.1 5813.49 -71566.6 409.07363
3.44 298.28037 -1031.168 52000.733 -65932.6 5762.38 -71695 408.42518
3.45 292.69766 -1229.8786 52071.545 -65968.5 5654.53 -71623 408.83198
3.46 296.67735 -1118.9937 51988.426 -65908 5731.41 -71639.4 408.46676
3.47 303.7033 -1088.9736 52030.707 -65793.1 5867.15 -71660.2 409.4059
3.48 297.72646 -986.61821 52019.611 -65868.1 5751.68 -71619.8 410.13655
3.49 301.51233 -1121.3243 52018.776 -65570.7 5824.82 -71395.5 409.45088
3.5 294.43829 -698.34356 51904.803 -66034.5 5688.16 -71722.7 408.62492
3.51 291.55668 -861.46329 51793.88 -65850.3 5632.49 -71482.8 408.01426
3.52 302.3759 -1004.4928 51995.495 -65882.9 5841.5 -71724.4 409.12188
3.53 291.19954 -539.84046 51768.727 -65949.3 5625.59 -71574.9 408.22977
3.54 299.00904 -1552.2031 52018.886 -66051.7 5776.46 -71828.2 409.41758
3.55 308.15596 -666.36367 51833.689 -65473.5 5953.17 -71426.6 408.58314
3.56 296.67346 -1017.4652 51992.763 -66054.7 5731.34 -71786 409.41977
3.57 299.30196 -1119.0687 52075.47 -65624.6 5782.12 -71406.7 409.88786
3.58 295.93639 -1516.9116 52078.65 -65715 5717.1 -71432.1 409.48218
3.59 292.22231 -907.38284 51874.526 -65993.4 5645.35 -71638.7 408.21975
3.6 298.83882 -1006.5879 51940.399 -66066 5773.17 -71839.2 408.97985
3.61 301.2713 -1242.176 52182.279 -65744.6 5820.16 -71564.8 410.72172
3.62 293.58683 -1058.4001 51867.564 -65913.1 5671.71 -71584.8 408.7615
3.63 297.38824 -804.28453 51782.428 -65989.5 5745.15 -71734.7 408.29075
3.64 291.29634 -565.21536 51635.568 -65974.2 5627.46 -71601.7 407.69218
3.65 295.52018 -474.27311 51673.688 -65741.8 5709.06 -71450.8 407.8867
3.66 291.05702 -811.75592 51823.222 -66064.3 5622.84 -71687.1 408.43246
3.67 296.68961 -933.86827 51983.097 -65857.9 5731.65 -71589.5 409.2347
3.68 302.75925 -793.75874 51829.116 -65608.4 5848.91 -71457.3 408.88722
3.69 294.61073 -1676.329 52246.988 -65919.6 5691.49 -71611 411.50888
3.7 294.34421 -584.20719 51695.337 -65854.6 5686.34 -71540.9 408.48253
3.71 296.55562 -1015.4841 51930.34 -65796.2 5729.06 -71525.2 409.51788
3.72 296.29052 -540.3034 51744.14 -65880.9 5723.94 -71604.9 407.95793
3.73 291.68467 -997.86831 51840.365 -65982.7 5634.96 -71617.7 408.08167
3.74 295.41841 -1377.2376 52108.266 -65690.8 5707.09 -71397.9 410.25033
3.75 297.66019 -1471.8574 52102.475 -65821 5750.4 -71571.4 410.48174
3.76 308.43743 -1183.2102 52103.01 -65853.9 5958.6 -71812.5 410.70468
3.77 290.17785 -856.30277 51861.49 -65996.1 5605.85 -71602 408.90733
3.78 285.46004 -1180.8666 51881.867 -66080.4 5514.71 -71595.2 408.73781
3.79 289.31591 -1526.2685 52134.185 -65799.6 5589.2 -71388.8 410.45051
3.8 294.0944 -931.81356 51898.326 -66064.8 5681.52 -71746.3 408.70737
3.81 298.46759 -1356.6673 52177.277 -65706 5766 -71472 410.5069
3.82 294.92889 -607.29857 51809.828 -65964.4 5697.64 -71662 409.19898
3.83 305.65626 -1066.9457 52049.769 -65710.2 5904.87 -71615.1 409.77866
3.84 296.71607 -1086.959 51988.062 -65967.5 5732.16 -71699.7 409.71522
3.85 292.26857 -1176.4025 51962.612 -65579.8 5646.24 -71226 409.8721
3.86 290.79471 -814.3698 51927.092 -66011.2 5617.77 -71628.9 409.77181
3.87 303.13584 -758.35981 51821.058 -65769.7 5856.18 -71625.9 408.54445
3.88 297.89317 -1001.9942 52025.944 -65759.5 5754.9 -71514.4 409.8689
3.89 291.67062 -815.13825 51909.088 -66254 5634.69 -71888.7 409.12499
3.9 292.35361 -992.97397 52032.829 -65842.6 5647.89 -71490.5 410.40779
3.91 279.15385 -1444.5973 52283.743 -66198.1 5392.88 -71591 411.813
3.92 297.95916 -1241.5478 51972.379 -65977.3 5756.18 -71733.5 409.8615
3.93 292.98892 -720.01632 51799.909 -65906.5 5660.16 -71566.7 408.80531
3.94 304.64729 -1535.7964 52159.012 -65647.5 5885.38 -71532.9 410.33643
3.95 288.08353 -1204.3416 51933.87 -66177.9 5565.39 -71743.3 408.99819
3.96 291.63582 -1077.1191 51943.004 -65859.1 5634.02 -71493.1 409.69725
3.97 291.43935 -1219.4371 51991.304 -66097.9 5630.22 -71728.1 410.09375
3.98 292.68296 -490.96484 51691.011 -66014.1 5654.25 -71668.4 408.44412
3.99 297.95484 -1510.7202 52193.468 -65811.1 5756.09 -71567.2 410.95786
4 280.4272 -891.04452 51979.721 -66154 5417.48 -71571.5 409.88457
4.01 296.92155 -1196.556 52025.793 -65928.5 5736.13 -71664.7 409.62193
4.02 294.32697 -1025.3444 51897.169 -66116.9 5686.01 -71802.9 409.23217
4.03 287.75252 -807.92605 51868.481 -65927.3 5559 -71486.3 409.30042
4.04 300.27165 -910.24971 51938.452 -65709.9 5800.85 -71510.8 409.28131
4.05 301.25637 -604.64756 51780.471 -66009.4 5819.87 -71829.3 409.24591
4.06 288.83355 -1454.9443 52170.857 -65956.3 5579.88 -71536.2 410.53778
4.07 293.56628 -793.04245 51867.076 -65865.8 5671.31 -71537.1 409.28966
4.08 295.5929 -893.45524 51899.84 -65934.8 5710.46 -71645.3 409.332
4.09 299.16768 -117.89652 51597.017 -65802.8 5779.52 -71582.4 407.60862
4.1 288.04253 -879.04958 51870.851 -66047.7 5564.6 -71612.3 408.799
4.11 295.16463 -1296.8223 52064.331 -65939.7 5702.19 -71641.9 410.26197
4.12 293.92558 -1010.1699 51906.713 -65908.1 5678.25 -71586.3 408.60554
4.13 302.07395 -788.94132 51815.894 -65792.5 5835.67 -71628.1 408.71287
4.14 293.39938 -1220.934 52094.986 -66083.1 5668.09 -71751.2 410.45331
4.15 301.97104 -1261.2725 52059.106 -65709.5 5833.68 -71543.2 409.90771
4.16 303.14893 -799.64952 51854.272 -65747.7 5856.44 -71604.1 409.5842
4.17 294.56373 -614.13344 51630.267 -65963.2 5690.58 -71653.7 408.04476
4.18 301.55916 -1238.833 52038.537 -65750.6 5825.72 -71576.4 410.0753
4.19 292.01533 -405.17086 51566.583 -65823.5 5641.35 -71464.8 407.50468
4.2 301.43577 -753.13818 51842.724 -65822.5 5823.34 -71645.8 409.33184
4.21 285.71207 -882.4498 51799.644 -65843.5 5519.58 -71363.1 408.96179
4.22 289.7003 -1307.5954 52032.049 -66077.5 5596.63 -71674.1 410.24163
4.23 300.71184 -728.96514 51826.017 -65860.2 5809.36 -71669.6 409.65976
4.24 287.67987 -1258.4511 51991.456 -65966.2 5557.59 -71523.8 409.35514
4.25 287.90259 -647.77055 51867.187 -65951.2 5561.9 -71513.1 408.81331
4.26 304.67421 -511.13114 51694.557 -65788.4 5885.9 -71674.3 407.83674
4.27 293.02903 -1184.3405 51950.365 -66155.1 5660.93 -71816 409.61389
4.28 294.90592 -1058.7723 51941.24 -65870.8 5697.19 -71568 409.54234
4.29 288.39781 -941.51361 51921.435 -66058.9 5571.46 -71630.3 409.02061
4.3 290.67634 -1224.3613 51881.319 -65969.9 5615.48 -71585.3 408.44007
4.31 295.41368 -1347.9009 52004.501 -65883.5 5707 -71590.5 409.64316
4.32 288.36096 -493.734 51772.732 -66164.8 5570.75 -71735.6 409.04179
4.33 308.39473 -889.94175 51894.583 -65608 5957.78 -71565.7 409.41247
4.34 291.42253 -492.47657 51801.063 -65940.6 5629.9 -71570.5 409.03986
4.35 297.31738 -701.43593 51831.583 -65863.4 5743.78 -71607.2 407.86417
4.36 294.41358 -1315.7114 52139.015 -65773.6 5687.68 -71461.3 410.62487
4.37 297.0183 -557.33161 51665.159 -66023.5 5738 -71761.5 407.6025
4.38 303.52398 -1155.9115 52087.388 -65752.1 5863.68 -71615.8 409.07691
4.39 291.00529 -1150.5231 52058.982 -65978.8 5621.84 -71600.6 409.42102
4.4 299.00316 -765.36945 51919.124 -65825.3 5776.35 -71601.6 407.93159
4.41 289.92791 -1283.9597 52138.119 -66286.3 5601.02 -71887.4 408.89116
4.42 299.74559 -691.74739 51777.331 -65869.3 5790.69 -71660 407.42543
4.43 298.17223 -761.02589 51971.877 -66195.4 5760.29 -71955.6 409.32785
4.44 299.74758 -1217.5593 52160.234 -65795.5 5790.73 -71586.3 410.3191
4.45 298.14766 -764.49527 51959.816 -65870.3 5759.82 -71630.1 409.2712
4.46 296.92569 -1074.0231 52026.023 -65749.2 5736.21 -71485.4 409.97493
4.47 298.70384 -555.61708 51743.975 -65712 5770.56 -71482.6 408.10341
4.48 287.21896 -938.07656 51936.929 -65968.6 5548.69 -71517.3 408.24984
4.49 304.81301 -815.00831 51909.357 -65599 5888.58 -71487.6 408.25059
4.5 291.10532 -792.1518 51807.85 -65896.4 5623.77 -71520.2 407.67748
4.51 289.96455 -1579.5955 52133.009 -65795.5 5601.73 -71397.2 409.50719
4.52 280.39968 -808.41676 51825.406 -66238.9 5416.95 -71655.9 407.48922
4.53 299.33092 -872.74952 51964.194 -65867.2 5782.68 -71649.8 408.40591
4.54 291.20959 -649.87974 51728.86 -66184.2 5625.78 -71809.9 406.49553
4.55 300.35416 -1136.8887 52051.844 -65770 5802.45 -71572.4 409.15825
4.56 283.40662 -752.30886 51792.616 -66073.6 5475.04 -71548.6 407.36353
4.57 289.84986 -1358.0675 51975.337 -65783.5 5599.52 -71383 407.29924
4.58 288.08609 -1178.8292 51858.2 -66047.7 5565.44 -71613.1 407.06219
4.59 298.15494 -915.81508 51846.856 -65843.8 5759.96 -71603.7 407.36955
4.6 291.98465 -658.39258 51621.171 -65966.8 5640.76 -71607.5 406.1179
4.61 295.46463 -1447.3239 52202.356 -66041.8 5707.99 -71749.8 410.03633
4.62 300.00777 -1105.3705 52010.383 -65766.2 5795.75 -71562 408.26147
4.63 291.50383 -248.8559 51460.544 -66143.4 5631.47 -71774.9 406.36722
4.64 295.19125 -1057.9815 52027.339 -65703 5702.7 -71405.7 408.74289
4.65 294.07695 -893.26228 51820.906 -65929.6 5681.18 -71610.8 406.92853
4.66 300.43364 -799.87953 51685.523 -65632.2 5803.98 -71436.2 406.84574
4.67 295.83423 -1215.4486 51980.919 -66004.1 5715.13 -71719.2 408.52383
4.68 289.58143 -475.89681 51637.901 -66189.8 5594.33 -71784.2 406.82488
4.69 298.63344 -1522.4402 52045.92 -65736.9 5769.2 -71506.1 408.85784
4.7 286.96608 -1129.5972 51897.11 -65967.2 5543.81 -71511 408.24894
4.71 301.67597 -1455.8089 52111.305 -65816.1 5827.98 -71644 409.58355
4.72 293.81711 -987.56116 51808.431 -65826.9 5676.16 -71503 407.43729
4.73 290.52836 -1243.2876 52020.262 -65957.9 5612.62 -71570.6 408.82908
4.74 298.30697 -1411.3115 51962.793 -65473.2 5762.9 -71236.1 407.77535
4.75 298.45424 -821.84677 51809.695 -66001.9 5765.74 -71767.6 407.42881
4.76 294.8365 -1035.7299 51962.104 -65655.4 5695.85 -71351.2 408.25875
4.77 291.48581 -1337.9276 52063.086 -65845.8 5631.12 -71476.9 409.32518
4.78 289.98416 -1255.5002 51937.487 -65978 5602.11 -71580.1 408.44063
4.79 294.45703 -1111.9522 51975.041 -65798.6 5688.52 -71487.1 408.89351
4.8 293.7776 -1825.1842 52178.975 -65932.8 5675.39 -71608.2 409.44373
4.81 306.1822 -930.13184 51812.378 -65603.5 5915.04 -71518.5 408.35467
4.82 291.18953 -1480.9559 51969.744 -65866.1 5625.4 -71491.5 409.52656
4.83 303.08171 -883.59877 51753.184 -65689.8 5855.14 -71544.9 407.84679
4.84 293.12404 -896.36188 51894.795 -66064.7 5662.77 -71727.5 408.11491
4.85 301.21011 -427.17688 51634.46 -66056.9 5818.98 -71875.9 406.98036
4.86 289.66209 -1195.1204 52046.591 -66248 5595.89 -71843.9 409.95205
4.87 293.06535 -1347.4247 51935.549 -65780.6 5661.63 -71442.2 408.67786
4.88 303.20946 -972.82035 51753.322 -65979.3 5857.61 -71837 408.29019
4.89 295.85217 -1121.0161 51855.935 -65824.2 5715.47 -71539.6 409.31093
4.9 306.50211 -586.15928 51578.752 -65398.5 5921.22 -71319.7 407.26901
4.91 282.75999 -993.07014 51704.049 -65892.1 5462.55 -71354.7 408.4964
4.92 295.55137 -1003.3702 51923.985 -65864.3 5709.66 -71573.9 408.89946
4.93 292.89798 -857.27663 51646.885 -65798.9 5658.4 -71457.3 406.92374
4.94 291.75902 -338.49682 51436.831 -65894.1 5636.4 -71530.5 405.2929
4.95 295.78676 -1330.4183 52090.956 -65833.3 5714.21 -71547.6 409.85934
4.96 300.13481 -842.62145 51812.57 -65723 5798.21 -71521.2 407.9917
4.97 298.60365 -1027.1485 51898.848 -65933 5768.63 -71701.7 409.09299
4.98 291.95223 -519.8401 51599.405 -65891.9 5640.13 -71532 407.53395
4.99 290.06101 -1259.706 51887.656 -66061.6 5603.6 -71665.2 408.92123
5 299.6234 -1090.3742 51917.366 -65904.8 5788.33 -71693.1 408.45675
5.01 289.6367 -574.77622 51597.017 -65914.7 5595.4 -71510.1 406.57305
5.02 283.10714 -1089.8213 51999.497 -65861.4 5469.26 -71330.7 408.65322
5.03 300.02477 -1143.2366 52082.883 -65644.5 5796.08 -71440.6 408.87164
5.04 288.78708 -621.79608 51650.078 -66060.9 5578.98 -71639.9 407.259
5.05 290.26154 -1206.6215 51929.956 -65735.1 5607.47 -71342.6 408.39737
5.06 289.17145 -615.08651 51699.486 -66178.8 5586.41 -71765.2 408.05896
5.07 298.51277 -873.45423 51743.972 -65870 5766.87 -71636.9 408.52295
5.08 294.32171 -1349.1436 52085.053 -66081.4 5685.91 -71767.3 409.75345
5.09 298.57465 -1197.5965 51899.315 -65706.9 5768.07 -71475 408.23167
5.1 301.74131 -481.43952 51608.709 -65766.5 5829.24 -71595.7 406.93402
5.11 294.51157 -1510.9623 52142.756 -66159.1 5689.57 -71848.7 409.33414
5.12 299.51216 -818.57235 51853.665 -65813.1 5786.18 -71599.3 408.85891
5.13 294.49118 -1035.0988 51948.388 -66073.5 5689.18 -71762.7 408.58339
5.14 296.59441 -1084.3072 51903.051 -65819.5 5729.81 -71549.3 408.38241
5.15 283.98998 -1032.0847 51886.121 -66050.3 5486.31 -71536.6 408.78655
5.16 294.72528 -1318.0009 52053.783 -65602.4 5693.7 -71296.1 410.22197
5.17 285.41522 -914.33122 51797.886 -66063.7 5513.84 -71577.5 408.08192
5.18 299.40278 -786.55482 51826.71 -65995 5784.07 -71779.1 408.89594
5.19 292.84475 -1243.9579 52020.834 -65843.1 5657.37 -71500.5 408.99605
5.2 300.14729 -1126.6378 51860.978 -65893.7 5798.45 -71692.2 408.65152
5.21 290.1363 -1025.3739 51993.768 -65928.6 5605.05 -71533.7 408.87135
5.22 284.04946 -543.96524 51632.309 -66287.4 5487.46 -71774.8 407.31257
5.23 289.72492 -1551.7563 52072.091 -65778.9 5597.1 -71376 409.5936
5.24 299.6869 -668.43386 51745.994 -66008.7 5789.55 -71798.3 408.13672
5.25 295.79654 -137.29555 51436.219 -65762 5714.4 -71476.4 406.28325
5.26 290.27989 -1114.7094 51839.798 -65942.3 5607.82 -71550.1 408.48737
5.27 296.93782 -1201.3663 51908.088 -65686 5736.45 -71422.4 408.54187
5.28 298.93288 -1098.099 51751.794 -65576.8 5774.99 -71351.8 406.24669
5.29 293.29186 -966.90895 51712.608 -65936.7 5666.01 -71602.7 406.82367
5.3 298.78705 -1288.6899 52015.012 -65539.3 5772.17 -71311.5 408.57101
5.31 290.47871 -1042.8899 51979.91 -65901.5 5611.66 -71513.2 408.08034
5.32 287.52421 -1000.9876 51956.574 -66099.8 5554.59 -71654.4 408.07035
5.33 298.72765 -1009.2392 51780.53 -65686.8 5771.02 -71457.8 406.39543
5.34 290.94483 -1040.1549 52023.053 -65872.7 5620.67 -71493.4 408.74546
5.35 294.22754 -1107.9812 51843.076 -66069.8 5684.09 -71753.9 407.5383
5.36 293.67169 -1381.265 52060.165 -65807 5673.35 -71480.3 408.45219
5.37 291.65377 -818.38191 51653.185 -66190.5 5634.37 -71824.9 406.32828
5.38 294.62301 -686.76205 51707.705 -65953.2 5691.73 -71644.9 406.65275
5.39 295.51859 -1196.0223 52006.682 -65748.8 5709.03 -71457.8 407.73282
5.4 300.92624 -1180.9558 51949.595 -65897.8 5813.5 -71711.3 408.16135
5.41 305.8126 -968.04468 51809.439 -65731.6 5907.9 -71639.5 407.03978
5.42 297.43966 -949.45466 51849.645 -65849.5 5746.14 -71595.6 407.34899
5.43 290.66268 -1136.7138 51983.048 -66175.6 5615.22 -71790.8 408.05853
5.44 300.22706 -633.62934 51739.439 -65706.2 5799.99 -71506.2 406.74178
5.45 289.79696 -956.44788 51893.754 -66149.7 5598.49 -71748.1 407.80606
5.46 297.30958 -957.71099 51919.271 -65883.2 5743.63 -71626.9 408.68478
5.47 292.33056 -824.68455 51808.743 -66051.3 5647.44 -71698.8 406.86269
5.48 294.11721 -1465.1177 52038.942 -65711 5681.96 -71392.9 407.32728
5.49 297.8907 -537.57234 51634.726 -66074.4 5754.85 -71829.2 406.38116
5.5 294.2227 -906.74837 51868.083 -65734.3 5683.99 -71418.3 407.37014
5.51 284.13471 -1259.4419 52118.243 -66053.4 5489.11 -71542.5 408.63091
5.52 304.61372 -850.39118 51925.377 -65783.9 5884.73 -71668.6 408.11909
5.53 292.72077 -1189.3594 51892.63 -65838.2 5654.98 -71493.2 407.62808
5.54 293.58879 -1016.235 51961.584 -65665.6 5671.75 -71337.4 407.25554
5.55 298.4854 -1046.1304 51978.831 -65777.9 5766.34 -71544.2 408.16382
5.56 302.18654 -793.9907 51838.906 -65800 5837.84 -71637.8 407.8297
5.57 286.71499 -1142.3441 51987.814 -66336.7 5538.95 -71875.7 408.50187
5.58 294.27301 -210.4226 51564.604 -65813.5 5684.97 -71498.4 406.0285
5.59 294.47168 -1184.6087 52017.366 -66136.8 5688.8 -71825.6 407.94651
5.6 294.75598 -1089.2906 52027.49 -66138.6 5694.3 -71832.9 408.07722
5.61 296.74808 -1230.9223 52102.118 -65693.4 5732.78 -71426.2 408.57949
5.62 288.07901 -935.16466 51925.567 -66101.1 5565.31 -71666.5 408.1553
5.63 300.37382 -1121.1189 52007.245 -65558.9 5802.83 -71361.7 408.49449
5.64 290.98175 -829.4355 51812.593 -65977.4 5621.38 -71598.8 407.45805
5.65 299.72779 -220.12729 51492.907 -65790.2 5790.34 -71580.6 405.48053
5.66 300.31815 -1468.3023 52252.297 -65682.1 5801.75 -71483.9 409.82172
5.67 294.617 -797.26755 51727.083 -65948.1 5691.61 -71639.7 407.23944
5.68 284.52278 -1293.9289 52046.339 -66034.5 5496.6 -71531.1 408.7194
5.69 294.02838 -821.45849 51863.894 -65921.2 5680.24 -71601.5 407.63797
5.7 290.75851 -1187.1644 51913.859 -65941 5617.07 -71558 408.12698
5.71 292.20229 -832.82034 51776.815 -66167.5 5644.96 -71812.5 406.59589
5.72 298.70082 -627.53795 51700.798 -65986.1 5770.51 -71756.6 406.94008
5.73 294.94738 -1008.2879 51896.462 -65433.7 5697.99 -71131.7 407.64944
5.74 296.46041 -1262.3751 52121.89 -65838.9 5727.22 -71566.1 409.57943
5.75 282.4014 -1722.9756 52153.837 -66089.5 5455.62 -71545.1 409.02692
5.76 300.27946 -990.72004 51896.31 -65709.3 5801 -71510.3 408.59812
5.77 293.72367 -1185.0489 52064.482 -65938.3 5674.35 -71612.6 409.33682
5.78 297.13846 -955.04939 51856.448 -65910.9 5740.32 -71651.2 408.33942
5.79 294.31009 -947.60129 51871.592 -65984.4 5685.68 -71670.1 408.01599
5.8 285.54241 -702.47648 51858.839 -66194.8 5516.3 -71711.1 407.9254
5.81 298.77077 -1214.2844 52154.466 -65846.2 5771.86 -71618.1 410.16506
5.82 288.19897 -892.53977 51820.516 -66222.8 5567.62 -71790.5 407.83917
5.83 283.18158 -956.10885 52162.062 -65978.2 5470.69 -71448.9 410.75679
5.84 299.71524 -585.42143 51735.732 -65687.4 5790.1 -71477.5 408.11481
5.85 290.29695 -1049.7801 51848.749 -65887.8 5608.15 -71496 408.7757
5.86 300.36644 -1208.8609 52086.831 -65712.6 5802.68 -71515.2 410.40905
5.87 280.97041 -961.13774 51989.738 -66364.6 5427.98 -71792.6 408.96464
5.88 298.72975 -560.46678 51786.199 -65760 5771.06 -71531.1 408.75136
5.89 291.57118 -740.82461 51740.1 -66061.4 5632.77 -71694.1 408.15109
5.9 295.69511 -1448.0371 52093.959 -65719.7 5712.44 -71432.2 409.51275
5.91 291.8449 -1087.9044 51886.573 -65821.4 5638.06 -71459.5 408.39269
5.92 292.40414 -922.35601 51897.545 -66126.8 5648.86 -71775.7 409.57693
5.93 289.43792 -830.95436 51833.991 -65879.5 5591.56 -71471.1 408.9001
5.94 300.67174 -986.9529 51919.156 -66058.1 5808.58 -71866.7 409.03078
5.95 294.82081 -767.31095 51851.479 -65741.6 5695.55 -71437.1 408.99506
5.96 307.35814 -628.54258 51801.478 -65693.8 5937.75 -71631.6 408.64887
5.97 301.29976 -1282.3963 52080.317 -65908.7 5820.71 -71729.4 410.38435
5.98 292.55234 -1211.9183 51990.622 -65853.9 5651.72 -71505.6 409.90804
5.99 302.65622 -860.35313 51822.45 -65751.5 5846.92 -71598.4 409.59296
6 296.72277 -767.63681 51724.303 -66146.5 5732.29 -71878.8 408.77858
6.01 292.03055 -1026.3162 51870.075 -65768.1 5641.64 -71409.7 409.11481
6.02 289.11547 -1575.4159 52195.297 -66018.2 5585.33 -71603.6 410.40874
6.03 301.6714 -704.0595 51843.051 -65823 5827.89 -71650.8 409.38823
6.04 300.15869 -1309.1187 52046.385 -65868.1 5798.67 -71666.8 410.37944
6.05 293.29928 -956.87586 52052.393 -65902.9 5666.15 -71569.1 410.7366
6.06 299.46895 -1432.7928 52106.635 -65952.2 5785.34 -71737.6 411.48334
6.07 285.33646 -1526.7095 52174.306 -66012 5512.32 -71524.4 411.71232
6.08 279.65373 -838.08909 51834.052 -66172.7 5402.54 -71575.3 410.10282
6.09 299.11688 -362.45224 51612.248 -65872.3 5778.54 -71650.9 408.51737
6.1 298.80647 -1332.4303 51995.891 -65645.9 5772.55 -71418.4 410.26023
6.11 292.85707 -934.41412 51915.586 -66017.8 5657.61 -71675.4 409.56836
6.12 294.38559 -789.68485 51740.323 -65783.7 5687.14 -71470.9 408.4309
6.13 301.83059 -1195.283 52007.114 -65934.9 5830.97 -71765.9 409.83038
6.14 299.35141 -1113.0675 51970.804 -65644.2 5783.07 -71427.2 410.43411
6.15 295.69148 -487.03305 51675.208 -66101 5712.37 -71813.4 408.82196
6.16 296.87045 -1089.536 51878.661 -66007.9 5735.14 -71743.1 409.63901
6.17 289.44022 -653.97372 51648.962 -65958.9 5591.6 -71550.5 407.45705
6.18 302.11205 -1217.8454 52078.763 -65751.6 5836.41 -71588 410.5146
6.19 288.00385 -916.55396 51822.977 -66275.9 5563.85 -71839.7 409.41657
6.2 293.78239 -1261.0281 51980.172 -65699.9 5675.49 -71375.4 410.23573
6.21 295.25369 -878.47763 51910.899 -66027 5703.91 -71731 410.00966
6.22 285.19989 -949.40073 51897.58 -65884.1 5509.68 -71393.8 409.50901
6.23 303.46195 -990.57748 51965.318 -65612.5 5862.48 -71475 409.28351
6.24 295.53184 -1014.1762 52000.032 -65835.6 5709.28 -71544.9 411.02222
6.25 288.20331 -1553.461 52103.593 -65960 5567.71 -71527.7 411.51848
6.26 302.12908 -828.34481 51886.413 -65371.5 5836.73 -71208.2 411.61938
6.27 289.57924 -1314.3605 52085.729 -66076.1 5594.29 -71670.3 411.91511
6.28 287.56155 -1007.2922 51906.107 -65851.2 5555.31 -71406.5 411.04733
6.29 303.73359 -820.16717 51917.242 -65830.9 5867.73 -71698.7 411.76869
6.3 289.06975 -890.49441 51731.474 -66118.4 5584.45 -71702.8 410.39875
6.31 293.63643 -528.42829 51629.41 -65919.3 5672.67 -71591.9 409.23558
6.32 285.84021 -1563.4927 52035.29 -66196.9 5522.05 -71718.9 411.88167
6.33 297.5412 -843.26318 51746.6 -65815.9 5748.1 -71564 410.27188
6.34 287.23629 -941.60266 51699.505 -66082.2 5549.03 -71631.2 409.11017
6.35 292.8591 -1274.0827 52034.842 -65772 5657.65 -71429.6 412.28406
6.36 292.76537 -350.87548 51525.227 -66043.6 5655.84 -71699.4 409.11718
6.37 291.1297 -1096.2783 51852.4 -65975.2 5624.24 -71599.4 411.17799
6.38 281.06461 -1291.9413 52035.761 -65881.6 5429.8 -71311.4 411.63955
6.39 297.73083 -517.8814 51545.196 -65779 5751.77 -71530.8 409.42783
6.4 296.71408 -1036.1675 51799.603 -65752 5732.12 -71484.2 410.66862
6.41 288.4499 -635.75893 51738.309 -65909.8 5572.47 -71482.3 411.40382
6.42 289.28672 -1252.6529 51995.637 -66109 5588.64 -71697.7 411.85651
6.43 294.22066 -1211.4117 51925.363 -65716 5683.95 -71399.9 411.38568
6.44 277.69553 -697.21067 51758.773 -66331.3 5364.71 -71696 411.09854
6.45 289.71181 -1031.3401 51981.377 -65793.7 5596.85 -71390.5 412.11737
6.46 293.51121 -974.26079 51882.352 -65942.8 5670.25 -71613 410.63247
6.47 287.27982 -1001.3701 51956.391 -66085.9 5549.87 -71635.8 411.53648
6.48 291.65334 -996.11746 51864.207 -66036.9 5634.36 -71671.3 410.78124
6.49 295.31086 -1307.2732 52211.247 -65826.2 5705.02 -71531.2 413.53658
6.5 286.07691 -1270.6496 51938.996 -66221.2 5526.63 -71747.8 411.53915
6.51 303.05966 -1296.9326 51963.414 -65725.6 5854.71 -71580.3 410.79794
6.52 290.00091 -851.46725 51796.096 -66148.1 5602.43 -71750.5 410.4569
6.53 304.85456 -1263.9551 52146.537 -65613.5 5889.39 -71502.9 412.34289
6.54 289.91515 -490.44469 51679.734 -65950 5600.78 -71550.7 410.63418
6.55 295.39517 -1622.053 52306.177 -65651.1 5706.64 -71357.8 413.34703
6.56 301.682 -810.0111 51825.864 -65908.7 5828.1 -71736.8 410.65268
6.57 290.17355 -828.14519 51814.498 -66121 5605.77 -71726.7 410.96954
6.58 301.28764 -1120.79 51976.143 -65744.6 5820.48 -71565.1 411.27797
6.59 294.07561 -982.39887 51940.616 -66160.1 5681.15 -71841.3 411.73799
6.6 305.24589 -812.9076 51966.564 -65713.2 5896.95 -71610.2 412.08036
6.61 303.32282 -931.15213 51890.178 -65925.6 5859.8 -71785.4 411.38477
6.62 292.8624 -1101.7966 52013.2 -65929.8 5657.71 -71587.5 412.32704
6.63 295.59855 -569.70129 51678.765 -65799.7 5710.57 -71510.3 410.33236
6.64 291.84695 -1529.7228 52147.658 -65871.2 5638.1 -71509.3 412.66408
6.65 294.60041 -612.05746 51723.389 -66066.2 5691.29 -71757.5 408.91948
6.66 290.3817 -927.92863 51922.091 -66084.5 5609.79 -71694.3 411.22685
6.67 305.9563 -599.6825 51701.454 -65531.6 5910.67 -71442.3 409.79458
6.68 295.97357 -1422.2685 52193.001 -65991.9 5717.82 -71709.7 413.67517
6.69 296.05894 -754.86861 51834.439 -65996.7 5719.47 -71716.2 411.53629
6.7 300.79538 -915.16062 51978.983 -65805.8 5810.97 -71616.7 411.86811
6.71 287.2568 -1077.0699 51947.47 -66074.9 5549.42 -71624.3 411.69962
6.72 303.77223 -1333.712 51953.899 -65550.8 5868.48 -71419.3 411.36594
6.73 302.09845 -516.40262 51759.081 -65802.1 5836.14 -71638.2 410.82179
6.74 292.38691 -781.74011 51742.252 -66017.2 5648.53 -71665.7 410.75979
6.75 297.7186 -1162.113 51968.135 -65883.6 5751.53 -71635.2 411.87365
6.76 290.09067 -811.74933 51820.244 -66262.3 5604.17 -71866.5 410.76418
6.77 288.88205 -681.3752 51751.324 -66019.8 5580.82 -71600.6 411.39213
6.78 290.13378 -1502.2297 52042.202 -65992.5 5605 -71597.5 412.96046
6.79 296.53636 -896.11845 51910.55 -65860.5 5728.69 -71589.2 411.03785
6.8 303.20144 -675.70482 51727.979 -65976.7 5857.45 -71834.1 410.80124
6.81 289.11822 -1536.9414 52128.737 -66143.6 5585.38 -71729 412.15509
6.82 291.12727 -740.23083 51814.023 -65961.3 5624.19 -71585.4 411.03373
6.83 302.75009 -952.61335 51798.823 -65657.6 5848.73 -71506.4 410.53222
6.84 297.3778 -1016.2716 51911.023 -65931.6 5744.95 -71676.5 411.53719
6.85 299.60862 -886.08762 51863.756 -65695.6 5788.04 -71483.6 411.48001
6.86 287.72648 -924.03884 51838.315 -66194.4 5558.5 -71752.9 412.26272
6.87 291.0706 -815.54556 51903.484 -65893.2 5623.1 -71516.3 412.40408
6.88 290.35938 -1357.5315 51994.196 -66176.3 5609.36 -71785.7 411.67458
6.89 290.11837 -922.45603 51780.843 -65890.7 5604.7 -71495.4 411.37984
6.9 293.31615 -701.47343 51805.519 -65789.9 5666.48 -71456.4 411.11588
6.91 288.51504 -1424.601 52158.735 -66020 5573.73 -71593.8 412.98658
6.92 292.31534 -1009.6708 51702.489 -65989.5 5647.15 -71636.7 409.98534
6.93 293.84475 -1294.1282 52104.648 -65755.6 5676.69 -71432.3 413.39566
6.94 292.18086 -1064.685 51999.04 -65980.5 5644.55 -71625.1 413.14728
6.95 297.82285 -592.33608 51756.739 -65811 5753.54 -71564.5 411.94829
6.96 286.85278 -1020.829 51919.301 -65870.5 5541.62 -71412.1 412.14115
6.97 285.42929 -1317.8139 52011.853 -66078.8 5514.12 -71593 412.29748
6.98 298.90732 -1476.9025 52068.222 -65800.2 5774.49 -71574.7 412.69493
6.99 288.4802 -915.4538 51781.943 -66155.7 5573.06 -71728.8 411.22905
7 301.42514 -811.45548 51902.097 -65846.9 5823.14 -71670 412.5886
7.01 289.31983 -1148.8614 51907.767 -66055.5 5589.28 -71644.8 412.85656
7.02 287.74843 -1312.5497 52018.476 -65923.9 5558.92 -71482.8 412.66412
7.03 297.19419 -790.69862 51939.574 -65922.2 5741.4 -71663.6 412.65932
7.04 287.47882 -1271.4378 52006.034 -66113.3 5553.71 -71667 411.82316
7.05 292.03143 -351.4708 51616.274 -65797.8 5641.66 -71439.4 409.88234
7.06 293.46115 -1164.6912 51799.514 -66078.8 5669.28 -71748 410.62362
7.07 302.6057 -1517.8491 52258.749 -65795.6 5845.94 -71641.5 413.00515
7.08 298.93574 -928.03943 51744.881 -66054.9 5775.04 -71830 410.85834
7.09 295.60428 -1106.3419 52031.066 -65761.7 5710.68 -71472.3 412.52828
7.1 296.50003 -541.18282 51721.066 -65889.8 5727.99 -71617.8 411.52794
7.11 292.82946 -1163.0702 51941.791 -65961.4 5657.08 -71618.5 411.96617
7.12 299.01829 -1145.1217 51890.533 -65779.4 5776.64 -71556 411.88595
7.13 291.79621 -772.94395 51765.925 -65928.1 5637.12 -71565.2 411.64228
7.14 298.16838 -659.2007 51618.583 -65950.2 5760.22 -71710.5 410.0975
7.15 303.61342 -838.06522 51792.919 -65704.6 5865.41 -71570 410.99679
7.16 288.29403 -661.05027 51718.002 -66026.6 5569.46 -71596 411.00917
7.17 296.98573 -917.59381 51756.881 -65824.3 5737.37 -71561.6 411.32837
7.18 292.28571 -1019.9928 51916.294 -65941.8 5646.57 -71588.4 412.5101
7.19 294.69542 -1322.8492 51906.98 -65865.3 5693.13 -71558.4 411.56883
7.2 288.74308 -771.60642 51802.842 -66181.9 5578.13 -71760.1 411.91962
7.21 295.53475 -1004.5021 51859.31 -65788.2 5709.34 -71497.6 412.8345
7.22 297.56827 -905.41229 51787.205 -65885.6 5748.63 -71634.2 411.23029
7.23 291.6934 -1295.752 52037.86 -66119.9 5635.13 -71755 413.56151
7.24 301.41087 -679.35516 51828.647 -65779.8 5822.86 -71602.7 411.7483
7.25 285.39918 -1077.7893 51849.796 -66022.9 5513.53 -71536.4 411.93848
7.26 298.94452 -1027.6372 51847.852 -65557.8 5775.21 -71333 412.40733
7.27 287.56547 -951.38291 51914.331 -65971.3 5555.38 -71526.7 412.68653
7.28 306.17906 -1694.3823 52307.819 -65500.5 5914.97 -71415.4 414.23604
7.29 297.11364 -1218.0102 51963.639 -65863.9 5739.84 -71603.8 413.15204
7.3 284.69973 -1377.068 52002.011 -66289.9 5500.02 -71789.9 413.1661
7.31 297.11322 -1121.732 51993.956 -65860.9 5739.83 -71600.7 413.21026
7.32 302.34165 -922.69194 51811.023 -66076.6 5840.84 -71917.4 411.63526
7.33 289.14756 -797.8208 51911.844 -66182.4 5585.95 -71768.3 412.8039
7.34 301.67762 -1112.4305 51946.271 -65911.1 5828.01 -71739.1 412.32912
7.35 282.81872 -1648.9388 52238.315 -66341.7 5463.68 -71805.3 414.50642
7.36 294.5459 -320.87122 51511.656 -65897.7 5690.24 -71587.9 410.61704
7.37 293.58207 -1087.8333 52082.512 -65975.9 5671.62 -71647.5 413.68244
7.38 290.47955 -1225.3423 51977.25 -66191.7 5611.68 -71803.3 412.864
7.39 297.69286 -1134.3837 51968.051 -65831.8 5751.03 -71582.9 411.80284
7.4 283.70604 -1108.8709 51917.962 -66108.9 5480.83 -71589.7 412.26737
7.41 292.9907 -924.35957 51744.673 -66007.5 5660.19 -71667.7 411.33781
7.42 293.72037 -1403.7607 52031.905 -65654.4 5674.29 -71328.7 412.4772
7.43 302.24521 -920.22614 51827.975 -65773 5838.98 -71612 412.15321
7.44 303.66106 -754.17398 51839.558 -65550.2 5866.33 -71416.5 411.48383
7.45 292.43807 -892.03914 51739.038 -66056.2 5649.52 -71705.8 410.13126
7.46 302.23869 -1383.5761 52114.51 -65916.1 5838.85 -71754.9 413.21024
7.47 296.49044 -829.70393 51854.146 -65907.7 5727.8 -71635.5 411.92744
7.48 296.27698 -776.70558 51751.768 -66163 5723.68 -71886.7 411.11391
7.49 297.92375 -1289.2565 51982.941 -65951.1 5755.49 -71706.6 411.57419
7.5 290.39838 -933.98649 51856.787 -65974.5 5610.11 -71584.6 410.85662
7.51 290.59903 -1366.9499 52118.629 -65915.8 5613.99 -71529.8 412.31746
7.52 290.16608 -927.52375 51948.462 -66100.7 5605.62 -71706.3 411.93809
7.53 304.28366 -1194.8067 52063.206 -65643.2 5878.36 -71521.6 413.35536
7.54 291.8939 -1492.4532 52122.051 -66053.6 5639 -71692.6 413.06946
7.55 296.8216 -989.27068 51801.079 -65920 5734.2 -71654.2 411.14589
7.56 282.74558 -1650.1454 52188.128 -66165.3 5462.27 -71627.6 413.25502
7.57 294.84568 -574.45778 51849.007 -65852.3 5696.03 -71548.3 412.13198
7.58 300.32791 -1442.491 52078.214 -65539.1 5801.94 -71341 412.32923
7.59 298.11078 -502.58308 51603.205 -65733.2 5759.11 -71492.4 410.37909
7.6 299.49312 -1361.0072 52220.582 -65766.2 5785.81 -71552 413.54081
7.61 280.39806 -939.7515 51864.501 -66372.9 5416.92 -71789.8 411.66699
7.62 297.98022 -513.52216 51672.804 -65736.3 5756.58 -71492.8 410.79463
7.63 289.10127 -1157.7407 51920.049 -66135.1 5585.05 -71720.2 412.42829
7.64 290.96701 -1087.8553 51947.289 -65899.3 5621.1 -71520.4 412.65664
7.65 299.35996 -1196.2175 51985.178 -65805.2 5783.24 -71588.4 412.42345
7.66 284.51237 -906.27377 51927.781 -66260.4 5496.4 -71756.8 412.3532
7.67 302.41994 -911.68284 51885.46 -65852.3 5842.35 -71694.7 411.7303
7.68 299.19509 -1006.9197 52014.486 -65701.5 5780.05 -71481.5 412.08299
7.69 283.92293 -907.34323 51818.79 -65983.2 5485.02 -71468.2 411.33521
7.7 286.10104 -891.28417 51784.273 -65898.5 5527.09 -71425.6 411.71071
7.71 299.36967 -1118.5553 52040.721 -65846.4 5783.43 -71629.9 413.05059
7.72 285.77245 -698.98294 51638.443 -65983 5520.75 -71503.8 410.58389
7.73 296.59658 -1103.756 51964.935 -66043.6 5729.85 -71773.4 412.20222
7.74 295.05624 -1827.7841 52201.133 -65564.6 5700.1 -71264.6 412.57593
7.75 294.18357 -835.82914 51945.023 -65965.2 5683.24 -71648.5 411.3616
7.76 313.40343 -1146.1193 52023.251 -65357.1 6054.54 -71411.7 412.4169
7.77 300.12971 -1341.199 52138.616 -65997.8 5798.11 -71795.9 413.83495
7.78 295.44979 -878.36846 51891.016 -65824.2 5707.7 -71531.9 410.9697
7.79 291.83806 -1228.324 51986.47 -66063.4 5637.93 -71701.4 412.68179
7.8 296.2342 -879.68959 51723.099 -65854.3 5722.85 -71577.2 411.66272
7.81 287.88498 -578.5068 51673.838 -66139.3 5561.56 -71700.8 410.86455
7.82 293.92697 -763.93789 51736.135 -66111.6 5678.28 -71789.9 411.4685
7.83 296.31514 -1572.6304 52250.811 -65307.7 5724.42 -71032.2 414.29495
7.84 296.64394 -677.8623 51807.635 -65955.8 5730.77 -71686.6 411.69127
7.85 298.5609 -1273.7603 52018.821 -65709.6 5767.8 -71477.4 413.52173
7.86 301.42618 -1050.9311 51907.42 -65816.7 5823.16 -71639.8 412.66469
7.87 287.8677 -992.38033 51991.327 -65971.1 5561.22 -71532.4 413.573
7.88 293.67054 -910.35433 51807.534 -66073.5 5673.33 -71746.8 412.3599
7.89 307.14165 -915.63516 51809.534 -65430.7 5933.57 -71364.3 412.2847
7.9 291.85492 -1450.4344 52226.078 -66059.4 5638.25 -71697.7 414.195
7.91 298.99933 -1051.3643 52012.149 -65932.3 5776.27 -71708.6 412.76206
7.92 298.14128 -1019.6399 51955.107 -65889 5759.7 -71648.7 412.73735
7.93 289.6523 -1357.9531 51973.332 -66021.5 5595.7 -71617.2 412.2099
7.94 298.61962 -963.41558 51911.082 -65905.9 5768.94 -71674.9 413.5225
7.95 288.63623 -1484.9551 52180.262 -66158.1 5576.07 -71734.2 414.42294
7.96 290.6747 -915.20505 51908.184 -65846.4 5615.45 -71461.9 413.34032
7.97 299.17916 -1249.4935 52162.521 -65685.8 5779.75 -71465.5 414.16245
7.98 293.22563 -959.59939 51934.046 -66015.9 5664.73 -71680.7 412.81468
7.99 305.60551 -918.51566 51903.878 -65555.1 5903.89 -71459 412.09376
8 295.06116 -1144.3694 52060.978 -66000.9 5700.19 -71701.1 413.30881
8.01 290.24872 -457.06775 51681.989 -66234.1 5607.22 -71841.3 412.00029
8.02 298.85313 -1476.3043 52181.391 -65798 5773.45 -71571.4 414.50697
8.03 283.22912 -699.68222 51677.075 -66403.9 5471.61 -71875.5 412.31335
8.04 292.6514 -715.27479 51820.28 -65836.7 5653.64 -71490.4 412.63928
8.05 294.9716 -906.12899 51996.721 -65686.9 5698.46 -71385.3 413.48925
8.06 290.63833 -1340.3403 52130.411 -65960.3 5614.75 -71575 413.88873
8.07 295.18137 -624.64326 51831.066 -65842.1 5702.51 -71544.6 413.15732
8.08 295.99799 -1156.8311 51908.557 -66123.8 5718.29 -71842.1 413.90383
8.09 295.63313 -903.56728 51933.541 -65786.2 5711.24 -71497.5 413.87828
8.1 288.99201 -1301.9689 52070.884 -66060.3 5582.94 -71643.3 414.30296
8.11 293.10093 -1139.6393 51996.459 -65999.9 5662.32 -71662.2 414.61037
8.12 297.60211 -927.10837 51875.062 -65668.3 5749.28 -71417.6 412.89477
8.13 292.81051 -1346.1665 52240.256 -65989.8 5656.71 -71646.5 415.41582
8.14 299.50866 -473.83156 51691.62 -65782.8 5786.11 -71569 412.58562
8.15 293.42218 -942.9594 51860.042 -65858.6 5668.53 -71527.2 412.34021
8.16 283.78223 -856.44258 51959.55 -66142.3 5482.3 -71624.6 413.78775
8.17 293.27606 -1245.2338 51980.348 -65892.4 5665.71 -71558.1 413.43703
8.18 284.3287 -1341.6489 51930.391 -66183.5 5492.85 -71676.3 412.72412
8.19 291.51962 -1001.4353 51856.458 -65987.2 5631.77 -71618.9 412.38556
8.2 285.4325 -792.0084 51829.346 -66283 5514.18 -71797.2 413.65833
8.21 295.1911 -1159.0942 51974.698 -65855.7 5702.7 -71558.4 413.23018
8.22 278.82896 -1521.8684 52211.685 -66305.5 5386.61 -71692.1 414.7662
8.23 299.64496 -828.0949 51822.197 -65735.9 5788.74 -71524.6 412.67436
8.24 293.00464 -1093.8154 51902.396 -65811.5 5660.46 -71472 413.34253
8.25 284.37904 -747.6361 51779.832 -66243.1 5493.83 -71737 413.38199
8.26 300.05206 -617.42054 51723.032 -65951 5796.61 -71747.6 412.58399
8.27 290.87124 -1053.1312 51949.025 -66060.5 5619.25 -71679.7 413.78858
8.28 297.41251 -1280.7047 52029.914 -65601.9 5745.62 -71347.5 414.47779
8.29 290.45868 -658.58444 51740.875 -65871.9 5611.28 -71483.2 412.19747
8.3 290.45994 -889.96908 51714.903 -65837.2 5611.3 -71448.5 412.19944
8.31 293.3525 -1085.6751 52000.729 -66081.2 5667.18 -71748.4 413.60646
8.32 301.83458 -774.52728 51808.826 -65712.9 5831.04 -71543.9 413.25949
8.33 285.21331 -1105.6505 51906.277 -66164.1 5509.94 -71674.1 413.50786
8.34 296.32739 -669.50161 51632.998 -65882.5 5724.65 -71607.2 412.22659
8.35 285.70999 -1128.2568 51875.467 -66203.6 5519.54 -71723.2 413.7125
8.36 290.26797 -1392.6705 52150.791 -65843.2 5607.59 -71450.8 414.77357
8.37 292.01257 -1017.8682 51975.38 -66084 5641.3 -71725.3 413.56497
8.38 296.69816 -973.83396 51918.392 -65728.8 5731.82 -71460.6 412.85579
8.39 282.92364 -933.72001 51908.975 -66091.8 5465.71 -71557.5 412.5546
8.4 292.77408 -633.27446 51672.85 -65811.4 5656.01 -71467.4 412.58914
8.41 284.00515 -1250.7096 52094.001 -66222.8 5486.6 -71709.4 414.45062
8.42 293.93471 -1076.1352 51811.442 -65744 5678.43 -71422.4 412.42734
8.43 292.85091 -773.54964 51677.439 -65678.8 5657.49 -71336.3 411.80168
8.44 294.31942 -934.45681 51679.902 -65965.8 5685.86 -71651.7 412.03133
8.45 295.82598 -902.87623 51691.728 -65778 5714.97 -71492.9 411.79828
8.46 287.47187 -945.28003 51943.553 -66093 5553.58 -71646.6 413.266
8.47 294.14678 -982.16976 51969.214 -65846.3 5682.53 -71528.8 413.18668
8.48 292.68903 -727.98948 51848.594 -65854.6 5654.37 -71508.9 413.0415
8.49 296.92469 -551.89472 51669.175 -65898.3 5736.19 -71634.5 412.50847
8.5 290.81548 -827.11121 51821.819 -65783.9 5618.17 -71402.1 413.28622
8.51 279.9574 -962.68391 51793.055 -66072.9 5408.41 -71481.3 413.59598
8.52 303.07711 -980.2607 51921.038 -65682 5855.05 -71537 413.31633
8.53 284.75393 -609.5095 51619.636 -66070.3 5501.07 -71571.4 412.12324
8.54 287.42609 -638.70941 51790.873 -65932.3 5552.69 -71485 413.07513
8.55 283.06337 -885.67959 51973.986 -65844.3 5468.41 -71312.7 414.09778
8.56 285.41411 -1061.0206 51905.184 -66200.9 5513.82 -71714.7 413.74488
8.57 292.29453 -226.67514 51661.687 -66155.2 5646.74 -71802 412.67238
8.58 292.58717 -922.31744 51819.755 -66045.7 5652.4 -71698.1 414.05703
8.59 291.69003 -1030.1772 51953.693 -66100.2 5635.07 -71735.2 414.47418
8.6 287.33207 -943.10291 51963.147 -65882 5550.88 -71432.9 414.8415
8.61 303.89208 -1030.0758 51939.751 -65878.5 5870.79 -71749.3 415.23514
8.62 278.85946 -1114.6142 51999.199 -66182.2 5387.2 -71569.4 414.41512
8.63 299.42077 -772.30123 51870.337 -65870 5784.41 -71654.4 413.34244
8.64 290.09256 -1143.9664 51874.133 -66156.6 5604.2 -71760.8 413.2229
8.65 293.74954 -1097.1344 51839.559 -65796.3 5674.85 -71471.2 413.43169
8.66 293.39494 -1394.9042 52136.038 -65879.6 5668 -71547.7 415.49757
8.67 286.01067 -884.20636 51864.759 -66065.9 5525.35 -71591.2 413.83009
8.68 294.12273 -683.19734 51908.138 -66152.2 5682.06 -71834.3 414.34755
8.69 285.95506 -1515.4747 52128.588 -65822.6 5524.27 -71346.8 415.02712
8.7 294.5342 -645.15789 51802.811 -66061.7 5690.01 -71751.7 413.40946
8.71 295.97802 -971.13389 51996.312 -65764.2 5717.9 -71482.1 413.91262
8.72 292.08414 -631.31506 51787.867 -66068.1 5642.68 -71710.8 413.24297
8.73 297.48872 -1340.1542 52126.923 -65719.4 5747.09 -71466.5 414.06774
8.74 299.8178 -976.49078 51883.335 -65762.1 5792.08 -71554.2 413.99773
8.75 290.69688 -908.25762 51934.949 -66185.3 5615.88 -71801.1 414.53671
8.76 288.33846 -1034.1089 51932.755 -65956.2 5570.32 -71526.5 414.51265
8.77 293.27182 -1293.9578 52131.677 -65805 5665.62 -71470.6 416.2536
8.78 294.56169 -781.31569 51793.801 -66217.1 5690.54 -71907.7 414.25089
8.79 290.9215 -1431.6726 52083.282 -65937.3 5620.22 -71557.5 415.22261
8.8 295.06913 -1577.2557 52204.78 -65977.3 5700.35 -71677.7 416.28546
8.81 294.22092 -888.38624 51817.688 -66121.2 5683.96 -71805.1 414.3479
8.82 289.533 -972.23037 51894.614 -65815.9 5593.39 -71409.3 415.08041
8.83 290.70148 -1351.5053 52047.222 -66069.1 5615.97 -71685 415.6785
8.84 292.86835 -475.68354 51690.156 -65746.9 5657.83 -71404.7 413.0779
8.85 297.64122 -1499.8716 52152.011 -65551.5 5750.03 -71301.6 415.94996
8.86 290.08532 -632.22241 51728.06 -66013.2 5604.06 -71617.3 413.98968
8.87 301.4144 -964.48972 51987.311 -65683.9 5822.93 -71506.8 415.51637
8.88 285.20235 -488.58978 51619.968 -66110.4 5509.73 -71620.1 412.5246
8.89 291.10472 -1108.7741 52117.404 -65577.9 5623.76 -71201.7 415.36095
8.9 303.02059 -1285.6935 52038.932 -65971.3 5853.96 -71825.2 414.66211
8.91 301.441 -1200.2599 52132.859 -65722.9 5823.44 -71546.4 415.93367
8.92 291.21114 -951.72069 51999.477 -66046.4 5625.81 -71672.3 415.55943
8.93 293.46337 -1307.746 52118.328 -66103.1 5669.32 -71772.5 415.01869
8.94 300.94376 -1253.8026 52066.899 -65769.9 5813.84 -71583.7 414.72046
8.95 294.31492 -798.53518 51811.979 -66040.5 5685.78 -71726.2 413.89217
8.96 292.69735 -379.33696 51651.791 -65996 5654.53 -71650.5 413.51638
8.97 295.32963 -1196.7866 51991.219 -66039.1 5705.38 -71744.4 415.6275
8.98 292.42218 -990.91725 52011.748 -65910.7 5649.21 -71559.9 415.24972
8.99 286.48433 -1646.1667 52192.445 -65976.8 5534.5 -71511.3 415.37108
9 289.11066 -993.93 52055.888 -65728.1 5585.24 -71313.3 414.38613
9.01 287.77567 -1606.7619 52135.695 -66126.7 5559.45 -71686.2 414.84133
9.02 289.29581 -900.86712 51894.151 -65789.5 5588.81 -71378.3 414.75707
9.03 301.07661 -1379.432 52075.07 -65865 5816.4 -71681.4 415.28489
9.04 303.7809 -846.49371 51864.533 -65784.6 5868.65 -71653.3 414.51542
9.05 297.11448 -1153.2661 52028.82 -65882.4 5739.86 -71622.3 414.78912
9.06 301.14958 -865.07431 51935.261 -65853.7 5817.81 -71671.5 414.4163
9.07 289.43316 -1439.5413 52190.786 -65976.3 5591.47 -71567.7 415.92209
9.08 298.77376 -1536.5934 52163.945 -65794.2 5771.91 -71566.1 415.43748
9.09 292.49556 -456.72208 51740.252 -65899.8 5650.63 -71550.4 413.75768
9.1 291.63751 -1149.9212 51991.028 -66038.7 5634.05 -71672.8 415.24111
9.11 291.68082 -1255.0544 52010.649 -65766.8 5634.89 -71401.7 414.8281
9.12 297.48391 -865.31223 51915.472 -66112.6 5747 -71859.6 415.08763
9.13 296.93356 -1130.9923 52039.746 -65831 5736.36 -71567.4 415.57062
9.14 295.51721 -1142.703 52050.614 -66025.1 5709 -71734.1 415.15261
9.15 301.95398 -1086.3186 51956.408 -65627.7 5833.35 -71461 414.65378
9.16 293.97881 -912.41513 51905.384 -66057 5679.28 -71736.3 414.13798
9.17 287.86735 -904.09232 51954.951 -65971.8 5561.22 -71533 415.04969
9.18 285.96006 -600.10087 51730.918 -66245.2 5524.37 -71769.6 413.66014
9.19 295.13153 -1280.7084 52098.852 -65831.5 5701.55 -71533 415.47532
9.2 291.41997 -406.20641 51494.5 -66226.2 5629.85 -71856.1 412.72363
9.21 289.63918 -836.69024 51881.505 -66034 5595.45 -71629.4 414.4371
9.22 307.74155 -1234.5257 52065.826 -65517.8 5945.16 -71463 415.01588
9.23 284.33619 -833.44431 51770.878 -66115.3 5493 -71608.3 413.25746
9.24 307.92718 -1327.4867 52035.847 -65778.3 5948.75 -71727 414.71557
9.25 274.24399 -1175.6331 51936.671 -66362 5298.03 -71660 414.55775
9.26 299.12293 -908.98008 51891.786 -65810.9 5778.66 -71589.6 414.80747
9.27 281.87959 -997.86288 51732.744 -66068.9 5445.54 -71514.4 412.85624
9.28 294.00539 -1137.5177 51922.172 -65875.9 5679.8 -71555.7 414.72201
9.29 297.61456 -925.6186 51848.176 -66063.2 5749.52 -71812.7 414.18788
9.3 299.24823 -996.97555 51886.962 -65806.6 5781.08 -71587.7 413.85422
9.31 297.20801 -1178.5833 52002.7 -65784 5741.67 -71525.7 415.00453
9.32 299.37321 -1229.8681 51866.119 -65960.2 5783.49 -71743.7 413.50386
9.33 290.74012 -1455.3117 52155.568 -65833.6 5616.71 -71450.3 415.35598
9.34 281.79467 -842.96429 51822.824 -66155.3 5443.9 -71599.2 414.12693
9.35 290.92963 -1040.7469 51937.757 -65813.1 5620.38 -71433.5 413.99145
9.36 300.07916 -944.36435 51893.099 -66101.8 5797.13 -71899 413.73783
9.37 289.75236 -1265.2702 52003.667 -65849.8 5597.63 -71447.4 414.4915
9.38 296.76308 -951.28506 51868.146 -65798 5733.07 -71531.1 413.99752
9.39 289.60751 -908.59998 51926.546 -65999.7 5594.83 -71594.6 414.4234
9.4 289.9114 -374.20699 51547.232 -65814.2 5600.7 -71414.9 412.41566
9.41 294.40236 -1381.4273 52089.535 -65830.8 5687.46 -71518.3 415.22727
9.42 294.53438 -1394.7793 52271.154 -65615.1 5690.01 -71305.1 415.61154
9.43 286.13104 -1347.5358 52147.62 -66150 5527.67 -71677.7 415.73792
9.44 295.02931 -824.54545 51946.198 -65877.7 5699.58 -71577.3 414.94559
9.45 281.05125 -712.92217 51755.27 -66010 5429.54 -71439.5 413.33228
9.46 290.87362 -977.66546 51966.061 -66053.4 5619.29 -71672.6 415.02705
9.47 298.85104 -808.11886 51778.254 -65873.8 5773.41 -71647.2 413.71222
9.48 295.99651 -621.93869 51649.822 -65616 5718.26 -71334.3 413.3549
9.49 292.92655 -629.85944 51811.431 -65715.8 5658.95 -71374.7 413.5291
9.5 285.06371 -1251.6562 51909.678 -65949.3 5507.05 -71456.4 414.75469
9.51 288.24119 -1093.6287 51935.196 -65828.1 5568.44 -71396.5 414.87348
9.52 288.839 -1591.557 52322.903 -66017.1 5579.99 -71597.1 416.47736
9.53 289.04197 -703.62821 51785.595 -65954.2 5583.91 -71538.1 413.60488
9.54 289.90685 -1213.8377 52010.047 -65759.6 5600.62 -71360.2 415.49076
9.55 285.78269 -934.1536 51819.066 -66104.8 5520.94 -71625.8 413.99051
9.56 301.49488 -157.54945 51552.579 -65835.6 5824.48 -71660.1 412.26557
9.57 299.74458 -1040.1482 51894.396 -65574.8 5790.67 -71365.5 414.20753
9.58 293.99772 -1091.8094 51852.003 -65921.8 5679.65 -71601.4 414.3462
9.59 291.50038 -1324.5643 52024.615 -65888.8 5631.4 -71520.2 415.62789
9.6 294.1324 -923.97428 51811.422 -65949.9 5682.25 -71632.1 414.82638
9.61 300.44765 -975.70294 51885.619 -65680.8 5804.25 -71485.1 415.22794
9.62 285.59893 -1491.3225 52052.245 -66253.1 5517.39 -71770.5 415.9733
9.63 295.04707 -1030.2696 52022.47 -65891.6 5699.92 -71591.5 416.23725
9.64 294.01433 -766.47446 51798.517 -65945.5 5679.97 -71625.5 414.8828
9.65 299.6985 -543.64082 51769.915 -65765.4 5789.78 -71555.2 414.51897
9.66 291.0354 -1122.2833 51924.116 -65879.3 5622.42 -71501.7 415.31579
9.67 284.25991 -612.67937 51696.804 -66065.8 5491.53 -71557.4 413.91856
9.68 290.5866 -661.58041 51748.287 -65848.9 5613.75 -71462.6 414.36392
9.69 296.72605 -665.79756 51768.387 -65903.6 5732.35 -71635.9 415.08033
9.7 290.328 -1323.2636 52117.453 -65899.6 5608.75 -71508.3 415.92905
9.71 290.66222 -1087.392 51884.64 -65807.3 5615.21 -71422.5 414.23494
9.72 304.55192 -881.25504 51835.753 -65868.4 5883.54 -71751.9 414.97568
9.73 297.05199 -1071.7401 52004.054 -65748 5738.65 -71486.7 416.08769
9.74 291.40752 -1168.0077 51877.44 -65858.6 5629.61 -71488.2 414.80384
9.75 298.49816 -812.92161 51835.389 -65813.1 5766.59 -71579.7 414.41487
9.76 286.49619 -1061.596 51821.736 -66051 5534.73 -71585.7 414.63556
9.77 287.86543 -1288.0397 51888.47 -66174 5561.18 -71735.2 414.47721
9.78 292.66439 -839.10303 51640.256 -65774 5653.89 -71427.9 413.19529
9.79 284.2084 -769.17154 51725.541 -66127.1 5490.53 -71617.6 413.46119
9.8 306.9549 -657.30841 51778.197 -65560.5 5929.96 -71490.5 414.3778
9.81 293.6918 -915.2037 51638.673 -66021.8 5673.74 -71695.5 412.82133
9.82 300.64976 -1337.116 52119.785 -65652 5808.16 -71460.1 415.46471
9.83 297.5805 -781.36348 51751.843 -65951.9 5748.86 -71700.7 413.44744
9.84 290.67972 -752.43258 51674.822 -65663.5 5615.55 -71279 412.29175
9.85 289.20898 -1124.7465 52017.281 -65991.4 5587.13 -71578.6 415.20809
9.86 282.7907 -1200.2803 51904.494 -65899.9 5463.14 -71363.1 413.71222
9.87 295.11515 -803.60817 51737.029 -65904.9 5701.23 -71606.1 412.42957
9.88 285.95088 -1414.7586 52061.53 -65905 5524.19 -71429.2 414.4955
9.89 284.43507 -895.79998 51778.294 -66020.8 5494.91 -71515.7 412.90517
9.9 287.08029 -766.39776 51797.932 -65880.7 5546.01 -71426.7 412.83953
9.91 286.61279 -921.60805 51925.547 -66169.4 5536.98 -71706.4 414.12372
9.92 285.75091 -755.10544 51794.079 -65771.5 5520.33 -71291.8 413.07028
9.93 286.24281 -1227.3607 51912.519 -66035.4 5529.83 -71565.3 413.71822
9.94 306.27852 -1046.7382 51910.803 -65563.4 5916.9 -71480.3 413.89778
9.95 293.78871 -637.55216 51735.668 -66014.7 5675.61 -71690.4 412.59493
9.96 307.62111 -1227.8335 51942.368 -65281.1 5942.83 -71224 413.3191
9.97 293.53836 -1459.3218 51974.763 -65943.5 5670.77 -71614.2 413.90649
9.98 296.2597 -1415.9338 51971.914 -65598.2 5723.35 -71321.6 414.00312
