0 281.74069 -415.52183 49525.474 -62755.3 5551.79 -68307.1 9.7310121
0.01 288.21154 -72.927156 49547.759 -63213.1 5679.3 -68892.4 20.138399
0.02 290.80417 2.1414523 49480.712 -63017.7 5730.38 -68748.1 28.165438
0.03 295.05842 188.71005 49493.719 -63193.4 5814.21 -69007.6 36.413699
0.04 284.10358 -543.81768 50063.729 -63679.2 5598.35 -69277.5 41.949565
0.05 280.94732 -135.77144 49469.054 -63233.7 5536.15 -68769.9 48.122349
0.06 274.99782 -345.05097 49691.331 -63753.8 5418.91 -69172.7 56.461362
0.07 281.5005 -236.09032 49675.017 -63461.3 5547.05 -69008.4 62.81981
0.08 282.69189 -350.1298 49479.365 -63113.1 5570.53 -68683.6 69.399154
0.09 298.44235 6.6021415 50010.229 -63238.6 5880.9 -69119.5 78.571406
0.1 289.69059 576.96764 49691.169 -63455.8 5708.44 -69164.2 83.174787
0.11 298.47536 -310.18975 50001.021 -63423.7 5881.55 -69305.3 89.939723
0.12 290.63905 -259.07344 49924.128 -63731.3 5727.13 -69458.4 96.592464
0.13 288.79812 -251.6863 50077.445 -64094.5 5690.85 -69785.4 100.95593
0.14 290.15627 -271.1449 50061.364 -63973.1 5717.62 -69690.7 107.80631
0.15 291.07199 773.007 49625.107 -64250.4 5735.66 -69986.1 112.82948
0.16 296.5315 -69.744254 50091.187 -64338.6 5843.24 -70181.8 119.0305
0.17 272.36868 4.2338292 49851.677 -64822.7 5367.11 -70189.8 122.17254
0.18 283.84641 257.76375 49977.107 -64589.9 5593.28 -70183.2 127.15339
0.19 278.23234 -189.21726 50267.657 -64815 5482.65 -70297.7 131.00008
0.2 283.22821 15.55738 50040.774 -64665.4 5581.1 -70246.5 136.49702
0.21 301.06061 -46.169201 50218.164 -64654.3 5932.49 -70586.8 139.53313
0.22 273.2093 -259.61517 50325.1 -65015 5383.67 -70398.7 142.79452
0.23 282.82794 247.64728 50269.913 -64650.1 5573.21 -70223.3 145.66585
0.24 283.02468 -230.76332 50325.787 -64973.4 5577.09 -70550.5 150.09775
0.25 286.9215 -151.03576 50168.873 -64962.5 5653.87 -70616.4 151.47794
0.26 285.05637 -33.649496 50208.087 -65073.4 5617.12 -70690.6 157.39499
0.27 299.11442 -144.45131 50300.014 -64776.8 5894.14 -70670.9 162.58991
0.28 280.86014 -218.2348 50367.736 -65396.3 5534.43 -70930.7 166.28849
0.29 288.80235 -516.55754 50499.986 -65395.1 5690.94 -71086.1 167.02559
0.3 282.89086 208.16049 50036.319 -65473.6 5574.45 -71048.1 168.08035
0.31 291.04368 -177.51016 50474.902 -65251.9 5735.1 -70987 171.60467
0.32 287.72135 465.09843 50066.648 -65149 5669.64 -70818.6 172.33005
0.33 286.22368 -294.95138 50588.271 -65165.9 5640.12 -70806.1 176.53865
0.34 290.15951 -355.29298 50602.957 -65306.4 5717.68 -71024.1 179.13022
0.35 286.71514 320.16439 50140.078 -65480 5649.81 -71129.8 179.06328
0.36 288.91649 85.4766 50450.705 -65582.6 5693.19 -71275.8 181.49705
0.37 290.44557 -355.03157 50745.717 -65869.5 5723.32 -71592.8 184.84692
0.38 277.53575 -201.2203 50556.123 -66102.9 5468.93 -71571.9 187.05751
0.39 284.00179 9.1143731 50788.159 -66851.6 5596.34 -72447.9 189.9425
0.4 282.44897 66.220505 50877.339 -67197.6 5565.74 -72763.3 190.48095
0.41 285.55037 -290.7076 51083.307 -67594.1 5626.86 -73220.9 190.6394
0.42 279.58185 -102.69882 51011.913 -67926.8 5509.24 -73436 190.3032
0.43 287.45391 -196.14239 51159.967 -67394.1 5664.37 -73058.5 190.57773
0.44 281.94424 -128.53794 51175.776 -67892.4 5555.8 -73448.2 190.87912
0.45 286.66954 184.44339 51142.653 -67582.4 5648.91 -73231.3 191.29434
0.46 290.11839 -48.58603 51325.383 -67885.6 5716.87 -73602.5 191.48325
0.47 282.68349 332.01498 51095.314 -67868.7 5570.36 -73439 191.13554
0.48 282.16333 -353.06046 51314.477 -68232.9 5560.11 -73793 191.34443
0.49 288.80932 -166.1844 51290.424 -67826.6 5691.07 -73517.7 191.59369
0.5 273.32708 209.7259 51054.456 -68160.7 5385.99 -73546.7 190.38569
0.51 289.28514 17.926991 51228.79 -67683.1 5700.45 -73383.5 190.82111
0.52 281.55601 611.8016 50899.931 -67947.5 5548.15 -73495.7 190.24972
0.53 292.13074 91.153947 51248.381 -67643.5 5756.52 -73400.1 190.87423
0.54 281.9642 461.89816 50989.475 -68126.6 5556.19 -73682.8 190.15018
0.55 278.72724 -153.79165 51272.891 -67815.5 5492.4 -73308 191.132
0.56 278.58138 28.206944 51256.387 -68204.4 5489.53 -73693.9 190.95105
0.57 289.99924 278.91844 51186.026 -67963.1 5714.52 -73677.6 190.72566
0.58 286.5163 146.48359 51246.581 -68050 5645.89 -73695.9 191.05072
0.59 285.44192 246.45441 51249.639 -67952.1 5624.72 -73576.9 191.3022
0.6 279.14854 -1022.5082 51785.197 -68005.4 5500.71 -73506.2 192.82189
0.61 276.93103 36.0089 51225.669 -67961.1 5457.01 -73418.1 191.33782
0.62 280.67233 79.884983 51288.81 -67829.9 5530.73 -73360.7 191.0843
0.63 288.48073 -33.645158 51351.049 -68086.6 5684.6 -73771.2 191.13158
0.64 296.65362 -178.23508 51486.033 -67671.1 5845.65 -73516.7 191.63179
0.65 288.94966 -52.312991 51398.003 -67857.3 5693.84 -73551.2 191.35586
0.66 282.83747 267.95616 51239.629 -68166.3 5573.4 -73739.6 191.17725
0.67 286.73432 -351.67405 51513.557 -67774.4 5650.19 -73424.6 191.74957
0.68 273.69139 -245.93808 51399.422 -68421.1 5393.17 -73814.3 191.57264
0.69 295.13674 162.67462 51241.469 -67831.6 5815.76 -73647.3 191.55954
0.7 293.70144 121.99939 51301.591 -67837.6 5787.48 -73625.1 191.99631
0.71 278.58209 280.96593 51297.015 -68200.3 5489.54 -73689.9 191.88724
0.72 290.64995 -474.04154 51624.2 -67968.9 5727.34 -73696.3 192.01906
0.73 280.62839 -7.8906313 51360.861 -68152.8 5529.87 -73682.7 191.05472
0.74 286.79245 -152.83608 51380.07 -67802.4 5651.33 -73453.8 190.23708
0.75 287.43751 -294.31497 51453.039 -68068.3 5664.04 -73732.3 190.72131
0.76 295.94205 106.09059 51244.277 -67458.1 5831.63 -73289.7 190.87091
0.77 289.69795 179.66922 51330.862 -67901.3 5708.59 -73609.9 191.22447
0.78 283.18229 -95.823905 51277.901 -68084.6 5580.19 -73664.8 191.27368
0.79 288.21717 -204.96677 51444.11 -67773.3 5679.41 -73452.7 191.44456
0.8 277.33382 335.05728 51106.105 -68312.5 5464.95 -73777.4 191.45949
0.81 288.94108 -974.93413 51798.253 -67776.1 5693.67 -73469.8 192.80932
0.82 282.612 397.20721 51167.926 -68065.4 5568.95 -73634.3 191.57011
0.83 291.26478 746.16173 50958.332 -67842.8 5739.46 -73582.3 190.72282
0.84 279.69466 -231.97019 51433.629 -68107.6 5511.47 -73619 191.94034
0.85 281.36197 -318.8537 51489.332 -68196.9 5544.32 -73741.2 191.89533
0.86 283.47427 -350.19284 51432.319 -67925.3 5585.95 -73511.2 191.849
0.87 282.20347 -46.935458 51350.166 -68030.7 5560.9 -73591.6 192.01927
0.88 292.67218 177.91212 51251.832 -67912.6 5767.19 -73679.8 191.86194
0.89 277.69383 45.890486 51309.633 -68072.2 5472.04 -73544.2 191.98995
0.9 288.8343 122.37138 51334.589 -67761.4 5691.57 -73453 191.9674
0.91 288.19922 -226.25704 51454.562 -67937.1 5679.05 -73616.2 191.83408
0.92 285.5214 -61.705495 51385.362 -67935.7 5626.29 -73562 191.83882
0.93 289.91031 110.1711 51379.102 -67681 5712.77 -73393.8 192.00045
0.94 285.82956 -59.975418 51327.859 -68020.1 5632.36 -73652.4 191.5249
0.95 287.23998 -349.42563 51443.862 -67850.7 5660.15 -73510.9 191.57527
0.96 286.0326 173.07785 51282.135 -68039.5 5636.36 -73675.9 192.19442
0.97 287.44884 -74.85882 51384.731 -68239.7 5664.27 -73903.9 191.99025
0.98 284.21906 33.863247 51245.273 -68047 5600.62 -73647.6 191.77118
0.99 292.51184 247.85112 51168.883 -67955.9 5764.03 -73720 191.3795
1 283.30574 -198.11025 51425.043 -67720.5 5582.62 -73303.2 192.08006
1.01 286.88711 -24.673984 51336.022 -67834.6 5653.2 -73487.8 191.91348
1.02 285.40238 -168.18595 51322.808 -68065.3 5623.94 -73689.3 191.56044
1.03 294.59833 410.7319 51189.765 -67727.3 5805.15 -73532.4 191.80295
1.04 286.95007 -554.11587 51617.588 -67993.5 5654.44 -73647.9 192.7137
1.05 290.91748 143.64616 51224.686 -67721.9 5732.62 -73454.5 191.64044
1.06 282.84278 2.8749713 51349.804 -68031.8 5573.5 -73605.3 192.16243
1.07 289.90682 -195.65159 51396.07 -67974.3 5712.7 -73687 192.0537
1.08 291.974 480.03181 51119.144 -67732.1 5753.44 -73485.6 191.86855
1.09 282.98966 -44.65186 51457.601 -68022.8 5576.4 -73599.2 192.53278
1.1 285.85523 317.48709 51232.364 -67931.3 5632.86 -73564.2 192.08106
1.11 287.39595 80.191232 51290.465 -67779.1 5663.22 -73442.3 192.32533
1.12 278.58922 250.23452 51194.781 -68040.9 5489.68 -73530.6 191.93699
1.13 288.79454 -20.680314 51501.783 -67881.5 5690.78 -73572.3 192.35533
1.14 285.1339 -128.42949 51410.369 -68073.4 5618.65 -73692 192.18886
1.15 288.42646 432.93517 51127.889 -68039.8 5683.53 -73723.4 191.36212
1.16 297.12896 -236.42961 51553.671 -67702.4 5855.02 -73557.4 192.56417
1.17 285.59193 -314.45904 51388.255 -68013.4 5627.67 -73641.1 192.07131
1.18 291.21377 437.20885 50978.493 -67759.2 5738.45 -73497.6 191.1658
1.19 277.15405 301.2564 51162.275 -68032.2 5461.4 -73493.6 191.11841
1.2 282.44281 305.10633 51096.212 -68262.3 5565.62 -73827.9 190.97818
1.21 293.0917 102.81156 51274.144 -67866 5775.46 -73641.4 191.78554
1.22 279.27671 306.55294 51079.735 -68250.9 5503.23 -73754.1 191.39247
1.23 292.9083 257.60301 51288.459 -67752.8 5771.85 -73524.6 192.08072
1.24 280.61898 -148.16642 51370.028 -68077.4 5529.68 -73607.1 191.79925
1.25 286.47881 -457.93805 51630.194 -67662.4 5645.15 -73307.5 192.34285
1.26 284.65507 -474.11458 51593.447 -67863.4 5609.21 -73472.6 192.7576
1.27 289.24248 186.59463 51310.33 -67788.2 5699.61 -73487.8 192.21549
1.28 293.37333 -146.3674 51348.245 -67795 5781.01 -73576 191.78348
1.29 292.49568 -117.42208 51452.148 -67788.5 5763.72 -73552.2 192.66821
1.3 283.75508 167.21313 51242.73 -68252.1 5591.48 -73843.5 191.88968
1.31 281.0873 248.95443 51265.24 -67891.3 5538.91 -73430.2 191.99493
1.32 284.52464 252.21572 51211.979 -68054.6 5606.64 -73661.3 191.64967
1.33 275.56576 -293.57585 51408.963 -67998.7 5430.11 -73428.8 192.42283
1.34 290.52488 48.743422 51277.509 -67881.6 5724.88 -73606.5 192.32221
1.35 285.63923 20.367167 51422.449 -67739.1 5628.61 -73367.7 192.60665
1.36 291.80616 230.49349 51236.332 -67964.1 5750.13 -73714.3 191.65153
1.37 281.11412 -39.17832 51286.775 -68109.7 5539.44 -73649.1 192.09431
1.38 281.63743 -546.41057 51701.005 -68067.9 5549.75 -73617.7 193.29925
1.39 283.29211 405.49611 51137.622 -67798.3 5582.36 -73380.7 191.45373
1.4 290.43216 -150.56022 51474.593 -68040 5723.05 -73763.1 192.52669
1.41 298.78933 -407.20683 51563.922 -67885.9 5887.73 -73773.7 192.62629
1.42 280.66182 816.32713 51050.724 -67996.3 5530.53 -73526.8 191.79837
1.43 277.65331 -127.69771 51338.08 -68309.8 5471.24 -73781.1 191.95926
1.44 285.07293 328.04057 51229.387 -67929.4 5617.45 -73546.8 191.94959
1.45 278.15013 17.860753 51202.458 -68143.2 5481.03 -73624.2 192.29761
1.46 279.53406 170.38485 51213.026 -68065.6 5508.3 -73573.9 192.06998
1.47 290.83923 -0.0038378137 51371.625 -67748.8 5731.07 -73479.8 192.71412
1.48 287.71416 229.55739 51179.812 -67923.7 5669.49 -73593.2 192.42601
1.49 289.11779 36.428195 51256.894 -68065.3 5697.15 -73762.4 191.98124
1.5 285.70603 60.297389 51305.639 -67841.4 5629.92 -73471.3 192.40306
1.51 280.85179 -602.88357 51736.442 -67977.5 5534.27 -73511.8 193.39418
1.52 285.72325 421.73591 51105.307 -67990.9 5630.26 -73621.2 192.09781
1.53 281.02443 -96.359226 51446.735 -68190.9 5537.67 -73728.6 192.96044
1.54 279.15169 153.29704 51385.866 -67926.8 5500.77 -73427.5 192.39595
1.55 289.29391 -278.41834 51525.028 -68099 5700.62 -73799.6 192.62963
1.56 281.73002 -303.18145 51395.142 -68121.8 5551.57 -73673.4 192.2682
1.57 284.38232 259.4894 51115.113 -67895.6 5603.84 -73499.5 192.02325
1.58 295.88807 99.289297 51301.477 -67724.2 5830.56 -73554.7 192.50237
1.59 280.29235 -314.23464 51488.94 -68134.8 5523.24 -73658 193.06749
1.6 297.19637 416.41784 51166.984 -67700.3 5856.34 -73556.6 192.05789
1.61 285.99407 -69.383841 51456.26 -68000.5 5635.6 -73636.1 192.86314
1.62 283.59227 -148.67675 51436.96 -67830.3 5588.27 -73418.6 192.48424
1.63 282.2532 893.84485 51007.604 -67963.8 5561.88 -73525.7 191.63399
1.64 282.55225 585.59953 51140.982 -67860.8 5567.78 -73428.6 192.07816
1.65 276.44503 -93.505389 51354.264 -68234.9 5447.43 -73682.4 192.25157
1.66 287.29166 -172.10954 51466.277 -67882.1 5661.17 -73543.3 192.79079
1.67 289.35975 67.525607 51412.892 -68226.5 5701.92 -73928.4 192.67921
1.68 287.66073 -43.671951 51490.721 -67940.2 5668.44 -73608.6 192.9144
1.69 279.06278 174.37015 51287.424 -68255.5 5499.02 -73754.5 192.65914
1.7 289.93571 203.79334 51398.383 -67853.9 5713.27 -73567.2 193.23758
1.71 283.39068 -259.25534 51607.695 -68094.4 5584.3 -73678.7 193.42927
1.72 291.29262 -161.00497 51581.357 -67932.1 5740.01 -73672.1 193.29206
1.73 280.69726 79.029721 51346.56 -68119.9 5531.22 -73651.1 192.79447
1.74 280.9625 -305.62228 51615.818 -67963.8 5536.45 -73500.3 193.51432
1.75 276.3715 217.85257 51290.572 -68145.5 5445.98 -73591.5 192.59533
1.76 290.37227 608.8414 51196.163 -67888 5721.87 -73609.8 192.32458
1.77 280.42253 -284.29932 51483.983 -68049.6 5525.81 -73575.4 193.26048
1.78 293.46788 228.48691 51396.969 -67610.7 5782.87 -73393.5 192.92152
1.79 288.96858 648.09603 51054.364 -67946.4 5694.21 -73640.6 192.07488
1.8 276.84729 428.66474 51113.285 -68023.5 5455.36 -73478.8 191.63687
1.81 295.81683 314.85108 51177.708 -67672.3 5829.16 -73501.4 192.13257
1.82 284.38265 317.4671 51200.351 -68116.4 5603.85 -73720.3 192.30464
1.83 300.15267 607.01613 51056.491 -67831.9 5914.6 -73746.5 192.08447
1.84 286.89297 91.907654 51323.237 -67979.5 5653.31 -73632.8 192.19197
1.85 294.60434 72.301685 51394.655 -67898.4 5805.27 -73703.7 192.55661
1.86 285.8726 -222.93241 51493.328 -68032.6 5633.21 -73665.9 192.86965
1.87 285.43604 -281.99631 51460.346 -67893.9 5624.6 -73518.5 192.97545
1.88 285.67697 -654.29947 51638.817 -68254.4 5629.35 -73883.7 193.02562
1.89 289.49489 302.63587 51290.633 -67862.2 5704.58 -73566.8 192.40233
1.9 284.2474 115.96995 51431.942 -68090.6 5601.18 -73691.7 192.57228
1.91 291.34779 116.66154 51195.018 -67986.2 5741.1 -73727.3 191.97596
1.92 289.68772 -234.25414 51315.328 -67855.9 5708.38 -73564.3 192.30977
1.93 288.79894 -38.372653 51282.689 -68013.2 5690.87 -73704.1 192.59316
1.94 285.54803 458.59261 51013.523 -67810.1 5626.81 -73436.9 191.58671
1.95 305.62753 144.90327 51212.667 -67469.9 6022.48 -73492.4 192.44119
1.96 285.41166 315.70076 51162.252 -67892.7 5624.12 -73516.9 192.64393
1.97 283.60523 -130.72318 51359.937 -68285.9 5588.53 -73874.4 192.44566
1.98 285.04084 565.81311 50941.688 -67868.8 5616.82 -73485.7 191.89247
1.99 284.86976 123.46025 51332.919 -67643.2 5613.44 -73256.7 192.5316
2 293.25243 312.31645 51209.753 -67841.7 5778.63 -73620.4 192.61001
2.01 282.79276 136.98043 51263.037 -68220.2 5572.52 -73792.8 192.5659
2.02 283.04487 -240.37925 51466.456 -67950.6 5577.48 -73528 192.71207
2.03 286.9572 -432.5398 51501.592 -67900.1 5654.58 -73554.7 193.10127
2.04 284.11441 -256.8453 51506.526 -68189.4 5598.56 -73788 192.59796
2.05 290.69508 -166.48719 51380.322 -67973.5 5728.23 -73701.7 192.73657
2.06 283.00322 -403.64703 51588.966 -68009.1 5576.66 -73585.8 192.95649
2.07 284.41802 130.01289 51293.035 -68022.1 5604.54 -73626.7 192.45989
2.08 290.78604 677.73944 51043.659 -68086.5 5730.03 -73816.5 192.01081
2.09 289.09219 49.088848 51261.994 -67647.6 5696.65 -73344.2 192.21698
2.1 293.04474 203.34839 51176.027 -67780.4 5774.53 -73554.9 192.4122
2.11 283.74949 106.47051 51313.411 -68007 5591.37 -73598.4 192.41756
2.12 296.37882 -499.34219 51569.252 -67799.9 5840.23 -73640.1 192.8943
2.13 282.80962 -20.245904 51330.906 -68023.9 5572.85 -73596.8 192.54586
2.14 287.76213 -104.2896 51441.332 -67946.4 5670.44 -73616.8 192.54412
2.15 285.57684 -543.79729 51602.358 -67887.7 5627.38 -73515.1 193.01995
2.16 279.40134 -171.48482 51315.47 -68076 5505.69 -73581.7 192.32461
2.17 292.59037 -258.23447 51438.856 -67777 5765.58 -73542.6 192.66719
2.18 286.37261 -42.52948 51429.303 -68022.7 5643.06 -73665.7 193.00607
2.19 293.70609 -240.74077 51489.371 -67696.2 5787.57 -73483.8 192.91128
2.2 280.99872 359.68161 51268.71 -68049.5 5537.16 -73586.7 192.94675
2.21 291.46567 362.48803 51313.206 -67852.4 5743.42 -73595.8 193.11068
2.22 276.35648 -118.35267 51504.522 -68396.6 5445.69 -73842.3 193.58889
2.23 290.92257 -72.538581 51418.437 -67788.4 5732.72 -73521.1 193.10304
2.24 275.92154 344.30087 51276.404 -67876.4 5437.12 -73313.5 192.98755
2.25 272.37344 -243.32519 51508.36 -68423.7 5367.2 -73790.9 193.2487
2.26 296.06148 -291.57625 51585.632 -67902.2 5833.98 -73736.2 193.54662
2.27 283.01485 -37.000548 51446.511 -68198.1 5576.89 -73774.9 192.71436
2.28 297.76954 -63.040347 51441.663 -67837.1 5867.64 -73704.7 193.39796
2.29 282.91277 -159.10915 51354.1 -68089.9 5574.88 -73664.8 192.47546
2.3 282.85604 -178.15931 51404.292 -68043.5 5573.76 -73617.2 192.94035
2.31 288.28718 223.80237 51295.958 -67817.1 5680.79 -73497.9 192.94302
2.32 282.5175 32.203342 51243.26 -67935.2 5567.09 -73502.3 192.70711
2.33 286.24999 413.80737 51195.073 -67823.9 5640.64 -73464.6 192.75358
2.34 290.23576 116.37686 51327.11 -67846.9 5719.18 -73566.1 193.22271
2.35 277.05135 508.2419 51193.113 -68278.9 5459.38 -73738.3 193.3463
2.36 292.63577 114.3148 51304.194 -67902.1 5766.48 -73668.6 192.56039
2.37 297.26515 321.26656 51260.244 -67732.6 5857.7 -73590.3 193.1602
2.38 285.89637 191.20285 51281.709 -68039.2 5633.67 -73672.9 193.25424
2.39 286.67456 545.37377 51169.293 -67971.2 5649.01 -73620.2 192.61471
2.4 293.9612 -316.4877 51548.643 -67747 5792.59 -73539.6 193.70916
2.41 287.11078 66.186138 51396.23 -68057.9 5657.6 -73715.5 193.14106
2.42 279.52304 -115.65242 51408.481 -68082 5508.09 -73590 193.22596
2.43 286.03249 197.16807 51155.72 -68171.4 5636.36 -73807.8 192.77448
2.44 280.08856 -186.97072 51503.377 -68002.3 5519.23 -73521.5 193.56242
2.45 276.07776 265.71784 51213.022 -68190.7 5440.2 -73630.9 193.42723
2.46 286.24247 -487.98297 51502.986 -67951.7 5640.49 -73592.2 193.89134
2.47 279.63405 35.612016 51278.334 -68126.4 5510.27 -73636.7 193.06987
2.48 287.26819 -358.97906 51548.032 -67796.8 5660.71 -73457.5 193.47338
2.49 284.63234 4.1087322 51414.337 -67913 5608.77 -73521.8 193.58127
2.5 282.53549 -624.91648 51612.368 -67890 5567.45 -73457.5 194.08916
2.51 287.51477 81.551305 51310.905 -67775.5 5665.56 -73441 193.14332
2.52 290.38775 909.16942 50951.899 -67724.8 5722.18 -73446.9 192.22846
2.53 278.88907 -562.66866 51642.162 -67996.9 5495.59 -73492.5 193.58711
2.54 285.53456 989.94035 50959.911 -67878.3 5626.54 -73504.8 192.41926
2.55 287.725 -95.420382 51422.436 -68098.4 5669.71 -73768.2 193.19985
2.56 282.82685 -552.9168 51650.121 -67932.5 5573.19 -73505.7 193.93855
2.57 279.24648 206.69662 51245.889 -68100.4 5502.64 -73603 193.4026
2.58 285.87235 36.494089 51315.169 -68158.3 5633.2 -73791.5 193.81623
2.59 284.15394 -309.99006 51416.957 -67981.5 5599.34 -73580.8 193.96144
2.6 286.06019 -219.65437 51459.257 -67853.4 5636.9 -73490.3 193.78764
2.61 286.81568 179.18162 51268.315 -67927 5651.79 -73578.8 192.89977
2.62 295.84414 -295.76485 51476.087 -67739.3 5829.7 -73569 193.51999
2.63 290.3479 -43.35167 51259.177 -67935.5 5721.39 -73656.9 192.60625
2.64 281.99658 -53.049704 51376.511 -68104.9 5556.83 -73661.7 193.30753
2.65 294.09157 -194.78861 51441.019 -68068.6 5795.16 -73863.7 193.29793
2.66 286.59254 52.232295 51326.688 -67922.1 5647.39 -73569.5 192.72202
2.67 287.50815 256.26596 51288.261 -68133.9 5665.43 -73799.3 192.93176
2.68 282.03993 118.71147 51236.008 -68147 5557.68 -73704.7 192.80967
2.69 287.46862 -369.78953 51543.165 -67679.1 5664.66 -73343.7 193.95418
2.7 280.36898 100.45316 51294.79 -67984.9 5524.76 -73509.7 194.05718
2.71 290.29099 -53.523727 51283.316 -68069.4 5720.27 -73789.7 193.40996
2.72 287.90464 74.120581 51334.029 -67832.1 5673.25 -73505.3 193.71294
2.73 294.21957 215.38412 51216.396 -68006.8 5797.69 -73804.5 193.16595
2.74 279.09372 234.26748 51134.391 -67893.3 5499.63 -73392.9 193.12745
2.75 286.70247 -390.15413 51430.511 -67757.3 5649.56 -73406.9 192.94344
2.76 286.49641 248.36852 51228.365 -67873.4 5645.5 -73518.9 192.67816
2.77 282.21556 -95.183324 51308.652 -67941.9 5561.14 -73503 193.0877
2.78 278.18089 24.70095 51344.397 -68158.4 5481.64 -73640.1 193.46932
2.79 291.86682 -305.75687 51481.776 -68060.1 5751.32 -73811.4 193.57645
2.8 290.63744 256.18126 51162.052 -67913.4 5727.1 -73640.5 192.55452
2.81 281.07803 44.803215 51307.897 -68226.9 5538.73 -73765.6 192.84727
2.82 284.02355 72.683963 51354.654 -67947.9 5596.77 -73544.7 193.12929
2.83 286.00906 665.92122 50984.424 -68011.5 5635.89 -73647.4 192.25647
2.84 291.02158 -271.3668 51552.284 -67861.6 5734.67 -73596.3 194.04838
2.85 293.17476 222.97368 51382.621 -67788.8 5777.1 -73565.9 193.66198
2.86 285.49154 120.42736 51329.423 -68054.3 5625.7 -73680 193.58406
2.87 284.4096 -546.59443 51673.236 -67878 5604.38 -73482.4 194.25866
2.88 282.30753 -151.44492 51370.284 -68139 5562.95 -73701.9 193.21964
2.89 284.13667 -87.183033 51351.509 -68065 5599 -73664 192.96676
2.9 274.95237 -70.840986 51408.248 -68146.6 5418.02 -73564.6 193.15029
2.91 283.54594 -320.13093 51607.889 -67971.2 5587.36 -73558.6 193.59986
2.92 286.03618 137.44255 51299.609 -68239.3 5636.43 -73875.7 192.96034
2.93 298.37926 288.59415 51200.086 -67666 5879.65 -73545.6 192.77486
2.94 286.6564 -600.41084 51545.662 -68044.9 5648.65 -73693.5 193.5643
2.95 285.17626 151.76707 51292.536 -67922.1 5619.48 -73541.6 193.44404
2.96 273.86641 -458.19443 51532.91 -68265.8 5396.62 -73662.4 193.93636
2.97 285.6664 164.93897 51334.039 -67945.1 5629.14 -73574.2 193.15477
2.98 283.78074 84.126097 51234.885 -68167.5 5591.98 -73759.5 193.33977
2.99 290.1422 106.59311 51255.293 -68100.9 5717.34 -73818.3 193.2755
3 285.19935 -139.76572 51328.019 -67832.7 5619.94 -73452.6 193.46116
3.01 282.4572 96.097567 51298.348 -67986.8 5565.9 -73552.7 192.89155
3.02 294.60922 -95.088451 51433.058 -67745.6 5805.36 -73551 193.31167
3.03 286.77657 -4.3295839 51359.05 -68025.2 5651.02 -73676.2 193.08619
3.04 287.18768 86.621905 51386.253 -67886.9 5659.12 -73546 193.0132
3.05 289.1273 -530.71985 51633.525 -68060.8 5697.34 -73758.2 193.6442
3.06 293.53021 211.47608 51355.115 -67772.7 5784.1 -73556.8 193.38228
3.07 277.6915 35.819321 51349.733 -68150.1 5471.99 -73622.1 193.16881
3.08 291.44315 -159.4578 51445.04 -67978 5742.97 -73720.9 193.7603
3.09 280.65672 -310.46772 51491.538 -68047.2 5530.43 -73577.6 193.60286
3.1 286.60864 -395.40161 51546.095 -67881.4 5647.71 -73529.1 194.01362
3.11 277.20025 -206.94215 51392.039 -68162.8 5462.31 -73625.1 193.45018
3.12 286.24506 -151.44808 51323.632 -67886.5 5640.54 -73527 192.94036
3.13 287.63404 -449.34029 51548.874 -67937.6 5667.92 -73605.5 193.83473
3.14 296.22713 2.5344776 51258.689 -67856.2 5837.24 -73693.5 192.71255
3.15 282.15304 -67.040539 51327.976 -67988.3 5559.91 -73548.2 192.85239
3.16 283.45187 -406.68808 51406.443 -67979.9 5585.5 -73565.4 193.06914
3.17 288.69387 168.56456 51245.127 -67796.5 5688.8 -73485.3 192.57593
3.18 283.71797 -21.059286 51317.861 -67880.9 5590.75 -73471.7 192.85281
3.19 294.84286 -161.22049 51296.879 -67747.6 5809.97 -73557.5 193.34786
3.2 283.6606 228.88515 51137.399 -68190.2 5589.62 -73779.8 193.16295
3.21 290.0094 -4.4236958 51304.744 -67845.1 5714.72 -73559.9 193.10055
3.22 276.58753 69.34645 51284.81 -68260.5 5450.24 -73710.7 193.43017
3.23 285.53589 -151.19961 51330.803 -67922 5626.57 -73548.6 193.47626
3.24 289.033 -54.381496 51328.82 -68143.8 5695.48 -73839.3 193.97954
3.25 281.27369 37.516232 51284.862 -67854.9 5542.58 -73397.5 193.60923
3.26 300.8247 26.83502 51417.305 -67626.4 5927.84 -73554.2 193.71821
3.27 287.63151 -74.423865 51441.697 -67965.1 5667.87 -73633 193.28195
3.28 285.69043 34.457882 51402.962 -68028.9 5629.62 -73658.5 193.36534
3.29 291.42332 268.14113 51198.579 -67973 5742.58 -73715.6 193.61699
3.3 288.73917 187.75299 51269.81 -67884.7 5689.69 -73574.4 193.60881
3.31 274.26331 504.55258 51033.261 -68476.2 5404.44 -73880.7 192.79515
3.32 283.90176 -135.65345 51484.912 -67873 5594.37 -73467.4 194.61226
3.33 287.27254 629.14737 51150.648 -67897.8 5660.79 -73558.6 193.36153
3.34 278.34562 410.18715 51109.365 -68086.2 5484.88 -73571.1 193.14213
3.35 284.08863 2.4607288 51365.362 -67917.4 5598.05 -73515.4 193.35879
3.36 289.73775 -287.64816 51533.465 -67736.4 5709.37 -73445.8 194.30811
3.37 278.8428 -729.12533 51770.137 -68099.4 5494.68 -73594.1 194.60005
3.38 281.53179 427.12225 51269.269 -67899.8 5547.67 -73447.5 193.72666
3.39 285.35986 147.05964 51350.982 -68019.4 5623.1 -73642.5 193.5761
3.4 285.01598 -336.78789 51516.288 -68115.9 5616.33 -73732.3 194.34251
3.41 288.13522 -142.33808 51468.93 -67772.2 5677.79 -73449.9 193.89689
3.42 284.46342 -141.28866 51508.664 -67705.4 5605.44 -73310.8 194.17078
3.43 287.51052 -107.54977 51431.025 -68049.3 5665.48 -73714.8 193.06046
3.44 289.81314 26.879559 51434.042 -67722.9 5710.85 -73433.7 193.28969
3.45 283.96117 771.02896 51072.599 -68001.5 5595.54 -73597.1 192.53172
3.46 295.21499 -153.72458 51442.303 -67889.3 5817.3 -73706.6 193.0236
3.47 285.68578 -386.55461 51466.986 -67930.7 5629.52 -73560.2 193.18475
3.48 288.21191 549.20929 51165.464 -68075.4 5679.3 -73754.7 192.63802
3.49 291.27336 171.46627 51290.875 -67815.9 5739.63 -73555.5 193.11956
3.5 278.73706 -6.3925882 51366.146 -68234.5 5492.6 -73727.1 193.47608
3.51 292.02768 -638.24867 51677.895 -67854.5 5754.49 -73609 194.39696
3.52 290.52286 517.41872 51121.333 -67925.2 5724.84 -73650.1 193.33076
3.53 291.82524 354.83014 51267.668 -67644.7 5750.5 -73395.2 193.18621
3.54 289.28215 -246.98744 51455.232 -68064 5700.39 -73764.4 193.45287
3.55 301.63397 273.04348 51346.786 -67660.6 5943.79 -73604.4 193.2366
3.56 279.40441 29.54736 51316.517 -67983.4 5505.75 -73489.1 192.96053
3.57 286.96768 -416.44129 51492.923 -68120.5 5654.78 -73775.3 193.37047
3.58 282.02675 263.09329 51300.294 -67837.2 5557.42 -73394.6 193.45715
3.59 288.08721 -306.00735 51585.206 -67760.1 5676.84 -73437 194.28187
3.6 289.38508 -379.20432 51526.736 -67923 5702.42 -73625.4 193.81304
3.61 288.14051 -143.61598 51418.669 -67924.6 5677.9 -73602.5 193.21523
3.62 276.21943 74.082966 51247.739 -68279.1 5442.99 -73722.1 192.75889
3.63 278.65735 -198.02409 51374.478 -67890.4 5491.03 -73381.4 193.21234
3.64 283.37448 -283.55863 51558.197 -68196.9 5583.98 -73780.9 193.85575
3.65 281.8402 13.954314 51321.396 -67823.8 5553.75 -73377.5 193.63296
3.66 275.50966 91.083535 51213.69 -68274.5 5429 -73703.5 192.96491
3.67 283.45907 111.27729 51192.508 -67912.5 5585.65 -73498.2 193.02839
3.68 290.63029 271.86402 51179.029 -67939.9 5726.96 -73666.9 193.07164
3.69 279.53083 -75.12789 51322.875 -68167.4 5508.24 -73675.6 192.98225
3.7 295.88536 384.41584 51008.675 -67703.5 5830.51 -73534 192.09891
3.71 284.99411 127.95089 51211.5 -67998.5 5615.89 -73614.4 193.10174
3.72 288.46215 547.63647 51122.588 -67907.3 5684.23 -73591.5 192.7158
3.73 280.65073 67.279011 51344.636 -68132.8 5530.31 -73663.1 193.53776
3.74 292.36149 727.98635 50959.342 -67716.1 5761.07 -73477.1 192.7101
3.75 287.68949 108.71097 51275.884 -67840.2 5669.01 -73509.2 193.58892
3.76 278.16305 90.149889 51302.619 -68252.5 5481.29 -73733.8 193.56894
3.77 286.37324 -9.5059154 51373.899 -67967.8 5643.07 -73610.9 193.71894
3.78 272.10407 -161.43832 51410.975 -68265.3 5361.89 -73627.2 193.8787
3.79 296.8891 62.07135 51314.627 -67753.1 5850.29 -73603.4 193.44066
3.8 292.66331 445.86142 51174.208 -67899.4 5767.02 -73666.4 193.50629
3.81 285.75344 123.71989 51377.718 -68180.8 5630.86 -73811.7 194.02809
3.82 294.18056 -89.245069 51312.246 -67900.5 5796.92 -73697.4 193.37693
3.83 291.54913 3.2536323 51328.573 -67731 5745.06 -73476.1 193.89823
3.84 285.30954 290.13014 51153.177 -67904 5622.11 -73526.1 193.81445
3.85 280.07714 -86.854483 51443.829 -68369.4 5519 -73888.4 194.41747
3.86 287.53869 349.57205 51326.045 -67902.7 5666.04 -73568.8 194.02692
3.87 267.78237 -182.34338 51518.113 -68232.6 5276.73 -73509.3 194.58134
3.88 292.37667 797.7839 51061.114 -67986.8 5761.37 -73748.1 193.5658
3.89 278.64303 -369.98254 51498.116 -68101 5490.74 -73591.7 194.37314
3.9 291.67523 78.05132 51347.173 -67725.1 5747.55 -73472.6 193.94182
3.91 284.41104 86.887892 51276.777 -68069 5604.41 -73673.4 193.6783
3.92 283.86198 536.84296 51139.207 -68017.2 5593.59 -73610.8 193.6008
3.93 286.34288 437.52005 51084.126 -67829 5642.47 -73471.5 194.14315
3.94 293.51075 -174.17066 51459.845 -68109 5783.72 -73892.7 194.25829
3.95 293.68057 -338.71651 51566.475 -67888.1 5787.06 -73675.2 195.09777
3.96 287.44453 77.174559 51339.851 -68114.8 5664.18 -73779 193.92844
3.97 287.94521 357.83875 51248.263 -67863.6 5674.05 -73537.6 193.95783
3.98 284.37782 -700.38867 51740.905 -68252 5603.75 -73855.8 195.18779
3.99 279.9345 -275.72869 51495.144 -67971.5 5516.19 -73487.7 194.2608
4 287.664 -175.69109 51416.014 -68098.7 5668.51 -73767.2 194.1922
4.01 286.7415 288.01631 51220.84 -68028.2 5650.33 -73678.5 194.178
4.02 289.92641 -252.13469 51528.66 -67785.9 5713.09 -73499 195.04309
4.03 286.04009 -249.37186 51415.514 -68041.8 5636.51 -73678.3 194.39164
4.04 289.73933 -93.993914 51373.302 -67871.6 5709.4 -73581 194.07294
4.05 279.63873 161.64397 51310.544 -68214.6 5510.37 -73724.9 194.18125
4.06 281.95734 305.00917 51314.663 -68128.3 5556.05 -73684.4 194.04955
4.07 289.54018 379.90646 51196.273 -67966.9 5705.48 -73672.3 194.08169
4.08 282.91091 466.03813 51186.834 -67865.1 5574.84 -73439.9 193.89674
4.09 275.17764 -324.19198 51500.299 -68291.5 5422.46 -73714 194.9287
4.1 289.39419 485.7672 51177.149 -67985.8 5702.6 -73688.4 193.86695
4.11 285.86828 117.05677 51357.495 -68034.3 5633.12 -73667.4 194.31578
4.12 280.60947 93.577038 51374.498 -68069.6 5529.49 -73599.1 194.30355
4.13 288.0465 -7.6373966 51472.657 -67792 5676.04 -73468 194.24119
4.14 288.16934 -55.698814 51491.642 -68155.4 5678.46 -73833.8 194.23174
4.15 285.20836 77.604937 51355.589 -67970.7 5620.12 -73590.8 194.25653
4.16 282.62398 -672.87736 51679.959 -68139.9 5569.19 -73709.1 194.79212
4.17 287.62041 457.67525 51183.733 -68002.4 5667.65 -73670.1 193.53757
4.18 287.92747 -86.224362 51489.589 -67983.2 5673.7 -73656.9 194.76041
4.19 281.70974 -461.77753 51560.569 -68253.7 5551.18 -73804.9 194.88967
4.2 288.91509 -149.93676 51421.02 -67924.3 5693.16 -73617.4 194.69534
4.21 283.5765 509.94209 51091.931 -68082.3 5587.96 -73670.3 194.10656
4.22 284.32864 -335.24253 51480.737 -67758.8 5602.78 -73361.5 194.63779
4.23 281.63592 -189.16886 51577.645 -68148.2 5549.72 -73697.9 194.8824
4.24 281.96502 135.71635 51286.196 -67938.9 5556.21 -73495.1 194.28044
4.25 279.94894 115.40538 51339.81 -68048.5 5516.48 -73564.9 193.89526
4.26 293.88702 110.70683 51367.692 -68076.2 5791.13 -73867.3 194.14485
4.27 278.00113 -21.093419 51446.588 -68197.5 5478.1 -73675.6 194.37198
4.28 295.27125 128.38076 51352.456 -67959.5 5818.41 -73777.9 194.49089
4.29 281.91786 227.95944 51265.768 -68287.7 5555.28 -73842.9 194.4897
4.3 289.00266 287.51968 51265.535 -67938.4 5694.88 -73633.3 194.51487
4.31 290.81276 -31.959347 51422.37 -67841.5 5730.55 -73572 194.14077
4.32 276.69617 -146.42446 51444.529 -68102.4 5452.38 -73554.8 194.78581
4.33 285.60923 33.644554 51367.626 -67883.3 5628.02 -73511.3 193.90956
4.34 281.66082 13.208589 51381.205 -67879.2 5550.21 -73429.4 194.54306
4.35 282.38221 249.96915 51350.296 -67866.9 5564.43 -73431.4 194.15601
4.36 276.58679 -336.01247 51539.53 -68299.3 5450.23 -73749.5 194.678
4.37 287.40413 103.90578 51297.006 -67985.6 5663.38 -73649 194.19672
4.38 286.2982 -83.666542 51434.657 -67821.7 5641.59 -73463.3 194.84397
4.39 276.22256 -364.31261 51614.884 -68046.6 5443.05 -73489.7 194.74571
4.4 290.58838 -301.33404 51571.67 -67991.6 5726.13 -73717.7 194.59503
4.41 281.46892 -456.53005 51679.44 -68020.8 5546.43 -73567.3 194.99471
4.42 300.77815 12.953249 51376.159 -67458.9 5926.92 -73385.8 194.19859
4.43 285.06806 83.607419 51408.03 -67962.2 5617.35 -73579.6 194.44632
4.44 271.78053 -140.21234 51463.955 -68456.6 5355.52 -73812.1 194.40789
4.45 282.36784 -207.46532 51489.546 -67922.5 5564.14 -73486.7 194.22661
4.46 279.3903 -660.08967 51645.989 -68223.3 5505.47 -73728.8 194.53691
4.47 287.20407 -353.02796 51597.718 -67870 5659.44 -73529.4 194.65756
4.48 284.09437 -158.21809 51512.153 -68155.7 5598.16 -73753.9 194.78127
4.49 291.45548 -266.24191 51511.802 -67793 5743.22 -73536.2 194.06313
4.5 281.86896 -91.661359 51411.739 -68007.5 5554.31 -73561.8 193.92444
4.51 282.65381 -342.05208 51617.012 -68043.4 5569.78 -73613.2 195.06228
4.52 276.87249 1.2696294 51367.527 -68073.4 5455.86 -73529.3 193.92099
4.53 283.24611 270.96019 51238.859 -68028.1 5581.45 -73609.6 193.9258
4.54 281.58631 -441.3105 51592.309 -67995.4 5548.74 -73544.1 194.64625
4.55 281.67433 204.67754 51233.131 -68268.4 5550.48 -73818.8 193.81263
4.56 291.1966 236.50384 51316.718 -67825.1 5738.12 -73563.2 194.21728
4.57 281.38891 256.78133 51267.122 -68186.1 5544.85 -73730.9 193.72688
4.58 282.36051 -90.689258 51350.059 -67911.2 5564 -73475.2 193.95752
4.59 287.23881 -189.17838 51402.698 -68198.4 5660.13 -73858.6 193.7558
4.6 289.37364 353.25614 51226.688 -67678.1 5702.19 -73380.3 193.57074
4.61 287.51411 539.49183 51127.502 -68033.7 5665.55 -73699.3 193.40342
4.62 289.71677 137.84018 51319.641 -67691.8 5708.96 -73400.7 194.08817
4.63 284.60208 147.35696 51340.847 -68002.2 5608.17 -73610.4 194.13085
4.64 280.34702 108.0202 51391.45 -68016.5 5524.32 -73540.9 193.99581
4.65 271.59554 456.69121 51225.688 -68338.1 5351.87 -73690 193.78146
4.66 287.43917 -238.18749 51471.889 -67963.4 5664.08 -73627.5 194.24833
4.67 282.40857 111.13722 51256.381 -68194.3 5564.95 -73759.2 193.84783
4.68 290.20663 505.82255 51146.8 -67782.7 5718.61 -73501.3 193.58742
4.69 281.41508 -231.00508 51453.241 -68063.2 5545.37 -73608.6 194.48484
4.7 289.73028 344.85183 51159.967 -67798.3 5709.22 -73507.5 193.37944
4.71 284.09008 -167.532 51474.266 -68048.8 5598.08 -73646.9 194.3558
4.72 276.63974 -141.28113 51515.116 -68257 5451.27 -73708.3 193.87895
4.73 285.91249 -207.99774 51535.732 -67954.5 5633.99 -73588.5 194.55332
4.74 278.10793 -377.48368 51633.087 -68280.9 5480.2 -73761.1 194.73444
4.75 294.64987 116.80139 51403.003 -67992.1 5806.16 -73798.3 194.01285
4.76 284.14913 -196.02536 51532.269 -68229.1 5599.24 -73828.3 194.35381
4.77 287.8823 -229.38472 51521.001 -67778.1 5672.81 -73450.9 194.52136
4.78 282.46933 -300.28029 51450.409 -67988.2 5566.14 -73554.3 194.55646
4.79 292.66327 206.24293 51312.573 -67844.1 5767.02 -73611.1 193.92138
4.8 292.88945 305.20893 51277.174 -67846.5 5771.47 -73617.9 194.09224
4.81 285.81307 -487.26647 51560.746 -68276.8 5632.03 -73908.8 194.39296
4.82 282.29292 131.04305 51265.064 -67925.5 5562.67 -73488.1 193.43596
4.83 280.08482 262.31728 51210.471 -68136.1 5519.16 -73655.3 193.34664
4.84 292.87403 17.914096 51369.919 -67941.9 5771.17 -73713 193.88368
4.85 278.12775 -37.173727 51364.5 -68383.1 5480.59 -73863.7 193.83298
4.86 281.92836 -557.02448 51683.958 -67910.4 5555.48 -73465.9 194.40829
4.87 291.57161 -121.17261 51563.994 -67724.3 5745.51 -73469.8 194.65047
4.88 278.82195 -207.09468 51558.905 -68136 5494.27 -73630.3 194.36692
4.89 281.4077 -242.73044 51617.889 -67782.3 5545.22 -73327.6 194.7121
4.9 287.02282 -84.059679 51470.541 -68077.9 5655.87 -73733.8 193.93908
4.91 286.06403 -251.84864 51481.199 -67713.6 5636.98 -73350.5 194.15738
4.92 282.04206 -436.82696 51631.694 -68083.9 5557.72 -73641.6 194.65137
4.93 287.82548 247.28061 51346.033 -68100.5 5671.69 -73772.1 193.52107
4.94 289.95045 139.76238 51340.583 -67628.4 5713.56 -73341.9 193.57603
4.95 282.11022 -11.318301 51440.636 -67849.1 5559.07 -73408.2 193.86736
4.96 287.80796 -91.028632 51439.093 -68026.8 5671.34 -73698.2 194.08659
4.97 291.54868 560.48534 51126.825 -67864.2 5745.05 -73609.3 193.31074
4.98 281.45146 -106.62996 51475.308 -68252.5 5546.09 -73798.6 194.60166
4.99 287.78765 -228.27246 51581.4 -67851.7 5670.94 -73522.6 194.95252
5 283.36232 -248.80694 51554.29 -68170.6 5583.74 -73754.4 194.73337
5.01 289.77715 -330.59457 51704.403 -67957.7 5710.15 -73667.9 194.84638
5.02 283.92564 375.98466 51277.068 -68428.9 5594.84 -74023.7 194.25754
5.03 286.69033 165.75702 51401.171 -67980.7 5649.32 -73630 194.18217
5.04 283.23652 -581.44802 51769.946 -68111.6 5581.26 -73692.8 194.87858
5.05 293.00515 235.61047 51323.882 -67675 5773.75 -73448.8 194.17478
5.06 285.46293 187.93658 51471.253 -68046.3 5625.13 -73671.4 194.62832
5.07 299.8849 71.867039 51410.28 -67640.6 5909.32 -73549.9 194.03642
5.08 284.61542 11.468097 51422.738 -68126.6 5608.43 -73735 194.13153
5.09 284.60115 -376.10446 51664.027 -68027.8 5608.15 -73635.9 194.87335
5.1 282.68986 -138.95836 51518.788 -67964.2 5570.49 -73534.6 194.40548
5.11 284.27571 7.057099 51495.102 -68154.9 5601.74 -73756.7 194.44499
5.12 286.61894 -0.41230433 51402.466 -67825.2 5647.91 -73473.1 194.02085
5.13 287.1989 -366.3016 51650.519 -68043.8 5659.34 -73703.1 194.98287
5.14 291.60673 -550.68959 51605.194 -67952.1 5746.2 -73698.3 194.50949
5.15 294.25366 -296.43175 51515.165 -67855.7 5798.36 -73654.1 194.05853
5.16 290.50822 544.84976 51033.509 -67935 5724.55 -73659.6 193.27818
5.17 282.3534 -284.74331 51449.817 -68196.7 5563.86 -73760.6 194.25371
5.18 291.966 414.93298 51143.809 -67708.9 5753.28 -73462.1 193.52222
5.19 278.17797 432.91225 51214.919 -68184.1 5481.58 -73665.7 193.59575
5.2 294.15086 68.07703 51326.637 -67861.8 5796.33 -73658.2 193.72443
5.21 286.20259 182.14134 51350.108 -68094.8 5639.71 -73734.5 194.27247
5.22 294.28305 336.60169 51172.286 -67835.9 5798.94 -73634.9 193.86431
5.23 284.70065 584.2075 51095.288 -68160.5 5610.11 -73770.6 194.27629
5.24 299.43448 -117.94122 51435.779 -67999.6 5900.45 -73900 194.79196
5.25 287.41804 -25.834967 51410.967 -68057.1 5663.66 -73720.8 194.40002
5.26 285.92608 -202.31367 51471.607 -68006.2 5634.26 -73640.5 194.65886
5.27 281.11316 -4.1308435 51398.158 -68165.9 5539.42 -73705.3 194.24776
5.28 280.61701 -188.71204 51461.944 -68005.2 5529.64 -73534.9 194.47677
5.29 294.66961 -143.18907 51477.031 -67607 5806.55 -73413.5 194.813
5.3 286.66453 281.42709 51252.842 -68121.5 5648.81 -73770.3 194.25442
5.31 284.97621 255.06895 51225.411 -68155.8 5615.54 -73771.4 194.68139
5.32 292.31954 -329.0482 51537.777 -67605.7 5760.24 -73365.9 194.88971
5.33 281.8258 -86.511717 51392.041 -68056.2 5553.46 -73609.7 194.69796
5.34 295.28947 220.7751 51357.282 -67786.4 5818.77 -73605.2 194.76361
5.35 278.23326 -32.038735 51352.761 -68096 5482.67 -73578.7 194.64104
5.36 286.19089 -323.78028 51526.558 -67964.6 5639.48 -73604.1 194.84972
5.37 286.22554 428.53683 51161.985 -68138.7 5640.16 -73778.9 193.83551
5.38 281.37667 -376.74927 51587.024 -67996.1 5544.61 -73540.7 194.83921
5.39 284.39512 168.7345 51368.014 -68080.4 5604.09 -73684.5 194.45641
5.4 291.86688 -143.48291 51435.588 -67959.4 5751.32 -73710.7 194.41291
5.41 273.60207 -15.744967 51408.889 -68304.4 5391.41 -73695.8 194.37683
5.42 292.39404 -179.5911 51445.686 -67917.9 5761.71 -73679.6 194.99237
5.43 286.43367 -89.391069 51439.158 -68184.6 5644.26 -73828.9 194.94773
5.44 290.20114 272.87267 51213.436 -67859.3 5718.5 -73577.8 194.56402
5.45 278.46393 436.50142 51152.852 -68338.5 5487.22 -73825.7 194.10551
5.46 293.75329 425.51037 51295.393 -67835.3 5788.5 -73623.8 194.13956
5.47 285.81276 -487.18027 51716.655 -68122.3 5632.03 -73754.3 195.32792
5.48 288.00822 -89.003454 51400.982 -67902 5675.29 -73577.3 194.5725
5.49 285.74413 -61.908069 51547.505 -67982.4 5630.67 -73613.1 195.00327
5.5 290.61654 104.02752 51417.475 -68289.1 5726.69 -74015.7 195.05558
5.51 285.55985 -106.78982 51410.781 -68119.7 5627.04 -73746.7 194.5373
5.52 289.87821 395.22967 51269.129 -67918.6 5712.14 -73630.8 194.76962
5.53 278.15004 22.363095 51439.524 -68222.8 5481.03 -73703.8 195.00292
5.54 284.18391 -126.50695 51428.585 -67921.4 5599.93 -73521.3 195.09366
5.55 288.81789 -438.72153 51547.997 -67930.6 5691.24 -73621.9 195.06235
5.56 281.54084 -325.76462 51488.242 -68145.6 5547.85 -73693.5 194.717
5.57 289.50041 -19.681337 51332.265 -67949 5704.69 -73653.7 193.69579
5.58 287.92334 -15.245916 51363.211 -68007.6 5673.62 -73681.2 194.34738
5.59 290.87208 200.51273 51233.605 -67932.5 5731.72 -73664.2 193.66764
5.6 280.80872 -224.73652 51381.006 -68055.2 5533.42 -73588.7 194.48775
5.61 289.29748 109.91318 51237.914 -67815.3 5700.69 -73516 194.00554
5.62 285.72391 -520.57665 51587.87 -68062.5 5630.28 -73692.8 194.98286
5.63 280.50698 -122.54182 51459.318 -67876 5527.47 -73403.5 195.1652
5.64 280.89304 269.90365 51204.843 -68058.5 5535.08 -73593.6 194.43069
5.65 287.17494 -128.47177 51425.39 -67739.3 5658.87 -73398.2 195.24744
5.66 285.58034 461.5857 51169.821 -68276.7 5627.45 -73904.1 194.31639
5.67 288.07201 275.10956 51315.595 -67956.4 5676.55 -73632.9 194.70152
5.68 275.31368 47.225287 51420.871 -68186.7 5425.14 -73611.8 194.36096
5.69 288.75423 46.311688 51354.878 -67709.2 5689.99 -73399.1 194.17026
5.7 284.3317 -247.59543 51532.063 -68140.4 5602.84 -73743.3 195.01663
5.71 291.90221 152.08575 51428.641 -67734.5 5752.02 -73486.6 194.83765
5.72 279.39594 -419.60166 51597.886 -68118 5505.58 -73623.6 195.35817
5.73 295.70913 -223.96245 51554.362 -67746.2 5827.04 -73573.2 195.45307
5.74 282.12774 -260.75591 51527.144 -68078.2 5559.41 -73637.6 195.26832
5.75 277.63419 -28.924102 51384.143 -68043.5 5470.86 -73514.3 194.82805
5.76 286.21245 -175.97627 51539.486 -67909.9 5639.9 -73549.8 195.42698
5.77 284.637 -578.36105 51673.713 -68060.5 5608.86 -73669.3 195.22102
5.78 282.71985 209.7174 51248.501 -67904.9 5571.08 -73476 194.42613
5.79 287.48309 102.81049 51356.715 -67991.4 5664.94 -73656.4 194.27322
5.8 297.26948 140.2649 51434.17 -67730.6 5857.78 -73588.4 194.95798
5.81 288.49247 -740.42937 51718.605 -68178.3 5684.83 -73863.2 195.15912
5.82 279.35482 332.16919 51193.004 -68055.6 5504.77 -73560.4 194.39098
5.83 291.87181 -126.71566 51499.966 -67955.1 5751.42 -73706.5 194.63006
5.84 286.4952 169.24166 51298.677 -68115.4 5645.47 -73760.9 194.39104
5.85 286.03131 -307.27366 51440.782 -67990.6 5636.33 -73627 194.7643
5.86 277.11473 -5.2572516 51323.057 -68162.8 5460.63 -73623.4 194.41068
5.87 296.10092 -169.04529 51382.503 -67522.1 5834.76 -73356.8 194.51877
5.88 279.07124 234.32123 51186.473 -68110.7 5499.18 -73609.9 194.01497
5.89 284.12208 -116.49974 51451.383 -68024.7 5598.71 -73623.4 194.73723
5.9 283.25289 -369.43824 51451.034 -67947.1 5581.58 -73528.6 194.5651
5.91 281.76442 -173.32967 51362.606 -68205.4 5552.25 -73757.7 194.78758
5.92 286.21446 -6.0821086 51500.576 -67816.7 5639.94 -73456.6 195.0604
5.93 287.57182 -48.463967 51334.875 -68056.6 5666.69 -73723.3 194.23811
5.94 288.05851 455.9189 51107.105 -67973.6 5676.28 -73649.9 194.40176
5.95 286.8412 -482.47917 51512.434 -67933.7 5652.29 -73586 194.96931
5.96 293.19954 379.31388 51175.342 -68045.2 5777.59 -73822.8 194.51137
5.97 293.29409 -400.20635 51516.671 -67780.9 5779.45 -73560.3 195.08175
5.98 283.50723 474.38261 51081.826 -68311 5586.6 -73897.6 193.77006
5.99 286.2919 227.58 51181.403 -67953.3 5641.47 -73594.8 193.71855
6 281.02191 -151.75509 51361.16 -68325.2 5537.62 -73862.9 193.89887
6.01 289.65893 55.998668 51406.419 -68057.4 5707.82 -73765.2 194.89095
6.02 285.2534 -226.85646 51409.745 -67946.9 5621 -73567.9 194.85069
6.03 285.35554 438.65019 51130.739 -68023 5623.02 -73646 194.13229
6.04 276.90966 -8.2698683 51272.606 -68007.9 5456.59 -73464.5 194.77823
6.05 285.13077 -337.05857 51390.027 -68024.1 5618.59 -73642.7 194.83165
6.06 288.0522 529.48061 50999.525 -68099.8 5676.16 -73776 193.90068
6.07 298.87763 608.66983 50991.058 -67919.5 5889.47 -73809 194.0668
6.08 276.47406 212.58131 51190.209 -68172.2 5448 -73620.2 193.79691
6.09 281.43962 558.65869 51113.508 -68143.4 5545.85 -73689.3 194.00806
6.1 287.56167 405.49504 51101.605 -68019.4 5666.49 -73685.9 194.03536
6.11 273.96339 168.73141 51290.213 -68222 5398.53 -73620.5 194.4072
6.12 277.90589 273.95147 51325 -68073.7 5476.22 -73549.9 194.49675
6.13 283.74465 -469.54016 51573.377 -67663.8 5591.27 -73255.1 194.7511
6.14 279.10759 -110.66209 51397.633 -68053.4 5499.9 -73553.3 195.04235
6.15 295.48101 229.80321 51335.28 -67787.1 5822.54 -73609.6 194.90322
6.16 274.42432 -44.986204 51417.833 -68214.3 5407.61 -73622 195.25419
6.17 283.11485 -190.06354 51462.881 -67799.5 5578.86 -73378.4 194.71592
6.18 280.37177 -28.918062 51432.737 -68105.5 5524.81 -73630.3 194.5523
6.19 283.20864 430.26717 51237.059 -68079.1 5580.71 -73659.9 194.71497
6.2 296.16579 233.77381 51292.981 -67790.6 5836.04 -73626.7 194.23422
6.21 281.80904 52.659305 51369.816 -67991.8 5553.13 -73544.9 194.35882
6.22 289.47636 -88.676914 51374.236 -67955.5 5704.22 -73659.7 194.35732
6.23 283.94511 -166.89684 51434.428 -67867.6 5595.22 -73462.8 194.8659
6.24 287.36141 0.93347906 51407.195 -68211.5 5662.54 -73874.1 195.00552
6.25 278.45539 -345.80303 51570.795 -68052.2 5487.05 -73539.2 195.49354
6.26 286.65934 -63.084255 51511.85 -68016.9 5648.71 -73665.6 195.13502
6.27 280.64876 -160.33451 51471.379 -68178.9 5530.27 -73709.2 194.7838
6.28 286.41126 17.784112 51371.857 -68088.5 5643.82 -73732.4 194.265
6.29 290.01917 247.10066 51318.282 -67757.3 5714.92 -73472.2 194.59278
6.3 285.13369 34.876405 51352.424 -68070.4 5618.65 -73689.1 195.17306
6.31 296.73891 745.39523 51040.756 -67726.1 5847.33 -73573.5 194.50453
6.32 277.96227 84.694473 51227.111 -68105.5 5477.33 -73582.9 194.88347
6.33 280.49147 350.93585 51050.458 -67929.4 5527.17 -73456.6 194.40569
6.34 290.58767 -17.251504 51363.259 -67684.8 5726.12 -73410.9 194.942
6.35 286.38471 -285.43295 51478.793 -67978.2 5643.3 -73621.5 195.73324
6.36 288.09861 136.18675 51219.705 -67899.6 5677.07 -73576.6 194.93011
6.37 288.87077 113.15635 51307.695 -67756.4 5692.29 -73448.7 195.08821
6.38 283.21562 107.48474 51164.531 -68089.6 5580.85 -73670.5 194.96498
6.39 284.45302 184.77911 51222.123 -68008.5 5605.23 -73613.7 195.13217
6.4 290.23524 -90.985855 51348.967 -67897.7 5719.17 -73616.9 194.70635
6.41 274.54538 0.34021201 51272.219 -68320.6 5410 -73730.6 194.50883
6.42 283.45226 496.69114 51129.986 -68178.1 5585.51 -73763.6 194.60804
6.43 284.12414 27.013844 51374.272 -68071.8 5598.75 -73670.6 195.10193
6.44 284.06372 -481.41422 51631.522 -68123.5 5597.56 -73721.1 195.7965
6.45 285.18616 -219.72826 51571.946 -67964.1 5619.68 -73583.7 195.48758
6.46 276.93552 -311.08377 51423.391 -68195.3 5457.1 -73652.4 194.69193
6.47 294.54595 -96.658157 51413.073 -67874.4 5804.12 -73678.5 195.36641
6.48 280.1475 -461.30956 51626.025 -68065.1 5520.39 -73585.5 196.2394
6.49 292.43959 14.148514 51364.388 -67882.1 5762.61 -73644.7 195.5556
6.5 280.46851 -410.61586 51467.185 -68232.9 5526.72 -73759.6 195.53978
6.51 293.64374 110.48048 51286.514 -67853.1 5786.34 -73639.5 195.42592
6.52 279.98457 271.60065 51174.85 -68309.1 5517.18 -73826.3 194.53071
6.53 288.61126 -181.60115 51455.678 -67968.7 5687.17 -73655.9 195.24749
6.54 289.59738 241.82451 51245.19 -68078.5 5706.6 -73785.1 195.12603
6.55 291.98824 129.04769 51422.912 -67916.5 5753.72 -73670.2 195.37736
6.56 274.55453 -471.68124 51649.437 -68242.5 5410.18 -73652.7 196.10907
6.57 298.68835 360.25065 51250.614 -67899.1 5885.74 -73784.8 194.98986
6.58 282.77544 -49.026245 51318.367 -68115.1 5572.18 -73687.3 195.73717
6.59 287.80027 -379.48119 51648.754 -67741.6 5671.19 -73412.8 196.39891
6.6 286.04889 -525.76902 51650.403 -68071.3 5636.68 -73708 195.74027
6.61 293.70043 -100.69757 51522.764 -67932.4 5787.46 -73719.8 195.50623
6.62 285.12746 21.446135 51390.317 -68130.5 5618.52 -73749.1 195.14076
6.63 290.3922 -420.31727 51531.846 -68090.5 5722.27 -73812.8 195.76488
6.64 285.1439 444.87948 51152.654 -68111.1 5618.85 -73729.9 194.51285
6.65 283.28685 631.0062 51144.522 -67897.3 5582.25 -73479.5 194.80373
6.66 287.02044 -135.01346 51569.413 -67829.3 5655.82 -73485.1 196.24418
6.67 287.06659 -78.635997 51501.886 -68118.8 5656.73 -73775.5 195.52654
6.68 294.62715 -401.29862 51622.514 -67595.1 5805.72 -73400.9 195.47749
6.69 274.12511 -162.89389 51557.506 -68116 5401.72 -73517.7 195.41908
6.7 291.38865 -411.42304 51659.882 -67795.1 5741.9 -73537 196.5629
6.71 288.28063 -167.39937 51508.186 -68176.8 5680.66 -73857.4 195.8211
6.72 280.15754 120.84959 51292.223 -68042.2 5520.59 -73562.8 195.21083
6.73 280.58575 -342.20067 51591.034 -68210.9 5529.03 -73740 196.25505
6.74 281.06804 -67.145163 51474.5 -68201.8 5538.53 -73740.3 196.09481
6.75 289.36148 108.83438 51379.264 -67697.2 5701.95 -73399.1 195.41399
6.76 284.94359 439.7086 51186.136 -68031.2 5614.9 -73646.1 194.66678
6.77 285.15213 -205.64858 51426.555 -67997.2 5619.01 -73616.2 195.50987
6.78 284.07141 330.22636 51315.821 -68180.9 5597.71 -73778.6 195.49826
6.79 294.77972 170.29708 51377.534 -67899.7 5808.72 -73708.4 195.66092
6.8 278.9654 -386.15563 51538.114 -68082 5497.1 -73579.1 195.71719
6.81 285.69366 80.27814 51405.021 -67839.1 5629.68 -73468.8 195.32894
6.82 285.47953 11.138566 51507.141 -68052.3 5625.46 -73677.8 195.79729
6.83 282.85001 69.330106 51414.426 -68046.6 5573.64 -73620.2 195.40406
6.84 278.53626 -76.621216 51366.601 -68268.7 5488.64 -73757.4 194.9287
6.85 291.45195 244.95219 51262.487 -67899.2 5743.15 -73642.3 195.36416
6.86 279.29989 -173.31132 51501.018 -68401.6 5503.69 -73905.3 196.02218
6.87 292.09078 151.04732 51353.608 -67978 5755.74 -73733.7 195.80668
6.88 288.12054 -60.699279 51483.56 -67925.7 5677.5 -73603.2 195.70955
6.89 294.99181 -355.82156 51692.95 -67537.6 5812.9 -73350.5 196.5435
6.9 297.07876 -50.181784 51443.294 -68102.2 5854.03 -73956.2 195.89446
6.91 297.96022 123.52365 51420.775 -67773.8 5871.4 -73645.2 195.83569
6.92 285.63443 -84.204342 51408.754 -68180 5628.51 -73808.5 196.34947
6.93 283.94343 -268.28995 51651.105 -68017.4 5595.19 -73612.6 196.84234
6.94 281.53014 -245.26713 51461.812 -68202.4 5547.64 -73750.1 196.29622
6.95 295.36307 13.248454 51404.064 -67291.3 5820.22 -73111.6 196.42091
6.96 284.81043 230.8269 51137.061 -67991.7 5612.28 -73604 195.73733
6.97 292.22194 361.8713 51241.159 -67619.6 5758.32 -73377.9 195.43709
6.98 283.88149 317.3933 51184.875 -68001.2 5593.97 -73595.2 195.06582
6.99 279.95946 -193.85885 51406.694 -68257.6 5516.69 -73774.3 195.76357
7 282.34452 629.14775 51056.377 -67872.9 5563.68 -73436.6 194.80223
7.01 283.6768 -134.69328 51472.392 -68158.6 5589.94 -73748.6 196.03896
7.02 279.46859 81.522882 51356.93 -68178 5507.01 -73685 195.93908
7.03 290.33868 -456.8968 51675.3 -67935.4 5721.21 -73656.6 196.83083
7.04 287.92053 264.45114 51301.769 -68155.5 5673.56 -73829.1 195.79934
7.05 288.70058 -177.12478 51420.751 -67781.7 5688.93 -73470.7 195.92199
7.06 280.19981 402.83215 51189.205 -68205.1 5521.42 -73726.5 195.19165
7.07 290.80126 -26.906218 51401.638 -68132.4 5730.33 -73862.7 195.79308
7.08 286.08296 -65.354288 51351.237 -67836 5637.35 -73473.3 195.62164
7.09 286.93851 87.160461 51404.593 -67950.8 5654.21 -73605 195.78852
7.1 287.4137 164.4331 51317.309 -67901.1 5663.57 -73564.7 195.54726
7.11 290.91262 -590.71889 51700.955 -67797.7 5732.52 -73530.2 196.36598
7.12 276.30324 -3.3850532 51504.925 -68084.2 5444.64 -73528.8 196.58966
7.13 290.11925 54.223308 51393.514 -67794.1 5716.89 -73511 196.16969
7.14 292.45148 99.89466 51325.65 -67900.2 5762.84 -73663 195.77375
7.15 280.07985 -189.93325 51448.599 -68058.7 5519.06 -73577.7 196.03869
7.16 283.60659 -111.54278 51498.463 -67843.9 5588.55 -73432.5 196.04802
7.17 285.92058 478.65963 51262.432 -68173.5 5634.15 -73807.6 195.26846
7.18 287.13337 -539.73659 51648.457 -67883 5658.05 -73541 195.79125
7.19 289.62468 -226.7102 51629.253 -67714.1 5707.14 -73421.3 196.56666
7.2 287.17102 -207.65057 51595.765 -68057.4 5658.79 -73716.2 196.33515
7.21 289.17759 58.933354 51392.279 -67591.1 5698.33 -73289.5 196.2185
7.22 291.56981 -114.62026 51470.234 -68013.4 5745.47 -73758.9 196.53716
7.23 278.33852 595.12822 51152.23 -68287.3 5484.74 -73772 195.81043
7.24 286.79481 -86.672861 51414.959 -67943.8 5651.38 -73595.2 195.69897
7.25 283.30882 19.7847 51433.888 -68186.9 5582.69 -73769.6 195.67853
7.26 290.0728 287.88415 51334.566 -68174.3 5715.97 -73890.3 195.7745
7.27 288.3428 -418.09156 51568.115 -67962.5 5681.88 -73644.4 196.02639
7.28 276.81673 185.50454 51414.444 -68088.8 5454.76 -73543.6 195.91221
7.29 296.53016 -313.25418 51618.296 -67854.5 5843.22 -73697.7 196.55391
7.3 287.54195 11.097181 51484.54 -68009.6 5666.1 -73675.7 196.26066
7.31 298.83709 -253.73575 51624.064 -67876.2 5888.67 -73764.9 196.43526
7.32 273.67988 105.37564 51378.048 -68525.2 5392.94 -73918.2 196.39199
7.33 288.25821 225.78968 51358.474 -67872.3 5680.21 -73552.6 195.76455
7.34 281.1296 -232.76665 51522.767 -68247.2 5539.74 -73786.9 195.72166
7.35 290.38284 -551.7272 51598.771 -67792.1 5722.08 -73514.2 195.97478
7.36 300.82381 345.31744 51152.56 -67851.8 5927.82 -73779.7 195.04434
7.37 288.38186 27.099555 51364.109 -67867.6 5682.65 -73550.3 195.56406
7.38 293.77716 -0.061806066 51317.271 -67901.8 5788.97 -73690.7 195.2753
7.39 291.84266 539.90134 51132.288 -67790.4 5750.85 -73541.3 194.93535
7.4 284.79886 -111.28064 51468.012 -68052 5612.05 -73664.1 195.539
7.41 287.16217 -430.3647 51527.37 -67874.3 5658.62 -73532.9 196.16127
7.42 277.34015 18.363434 51390.749 -68086.2 5465.07 -73551.3 196.15029
7.43 285.46506 167.9213 51408.596 -67868.6 5625.17 -73493.7 196.05848
7.44 292.34506 317.94324 51298.303 -67867.1 5760.75 -73627.9 195.86985
7.45 283.21805 -345.91782 51666.118 -68302.6 5580.9 -73883.5 196.76012
7.46 285.8016 609.02132 51297.67 -68135.9 5631.81 -73767.7 196.23167
7.47 292.48921 -50.100689 51517.505 -67817.3 5763.59 -73580.9 196.47531
7.48 293.0913 -22.184244 51503.004 -67989.7 5775.45 -73765.1 196.55177
7.49 290.12073 -82.437958 51426.939 -67939.6 5716.92 -73656.5 196.262
7.5 281.79353 182.19463 51374.816 -68053.3 5552.83 -73606.2 195.97828
7.51 294.87574 117.60773 51456.519 -67700 5810.62 -73510.6 196.59353
7.52 279.99368 -359.44949 51553.989 -68119.1 5517.36 -73636.5 196.68192
7.53 286.80082 395.33229 51219.622 -68017 5651.5 -73668.5 196.00546
7.54 271.52831 -728.9781 51819.776 -68249.2 5350.55 -73599.8 197.44722
7.55 285.17258 463.86854 51245.545 -68097 5619.41 -73716.4 196.3239
7.56 287.13921 -317.28157 51575.799 -68038 5658.16 -73696.2 196.78938
7.57 285.56469 -234.00585 51471.556 -68262.6 5627.14 -73889.7 196.20263
7.58 289.63861 -495.60176 51753.727 -68007.2 5707.42 -73714.6 196.98177
7.59 282.38402 -382.17978 51609.983 -68147.9 5564.46 -73712.4 196.45726
7.6 289.66382 586.00416 51281.831 -67818.3 5707.91 -73526.2 195.75923
7.61 273.70566 40.280435 51383.093 -68322.9 5393.45 -73716.3 195.65544
7.62 280.96659 92.022173 51429.872 -67986.2 5536.53 -73522.7 196.17047
7.63 278.04868 -254.92737 51463.688 -68093 5479.03 -73572 196.26799
7.64 289.67934 -180.3957 51485.996 -67979.7 5708.22 -73687.9 196.62748
7.65 282.01461 -38.774174 51462.166 -68289.3 5557.18 -73846.5 196.99073
7.66 288.78902 43.542921 51459.05 -67774 5690.67 -73464.7 196.68356
7.67 287.74558 -356.47521 51644.338 -68085.2 5670.11 -73755.3 196.8381
7.68 295.42699 300.19032 51283.889 -67763.2 5821.48 -73584.7 195.81127
7.69 277.25934 231.00855 51376.832 -68114 5463.48 -73577.5 195.91191
7.7 276.26647 -83.719282 51485.142 -68117.9 5443.91 -73561.8 196.11867
7.71 283.80228 -506.43441 51721.83 -67962.2 5592.41 -73554.6 196.66134
7.72 279.14135 -367.62551 51546.998 -68191.1 5500.56 -73691.7 196.90867
7.73 287.85067 -365.7592 51614.677 -67976.1 5672.18 -73648.3 197.08668
7.74 283.35993 95.193279 51443.374 -68238.8 5583.69 -73822.5 196.8925
7.75 288.84008 335.24317 51286.433 -67896 5691.68 -73587.7 196.38997
7.76 278.89001 412.66658 51299.965 -68233.7 5495.61 -73729.3 196.18569
7.77 287.74751 -96.097085 51420.846 -67875.8 5670.15 -73546 196.10226
7.78 287.9023 155.34832 51287.953 -68000.4 5673.2 -73673.6 195.53942
7.79 291.60214 228.78933 51434.235 -67696 5746.11 -73442.1 196.24526
7.8 287.62071 -675.14989 51780.703 -68053.6 5667.65 -73721.3 197.37218
7.81 287.07781 201.17915 51476.7 -67710.5 5656.95 -73367.4 196.42607
7.82 283.66266 -347.35829 51630.552 -67815.6 5589.66 -73405.3 196.65279
7.83 283.58762 115.91627 51401.521 -67937.1 5588.18 -73525.3 196.69763
7.84 278.92408 -195.0557 51572.323 -68289.6 5496.28 -73785.8 197.17901
7.85 277.64279 -357.74215 51540.008 -67799.3 5471.03 -73270.3 196.6522
7.86 272.41847 295.05457 51163.364 -68250.9 5368.09 -73618.9 195.7567
7.87 293.7056 -53.949025 51485.021 -67828 5787.56 -73615.6 196.16778
7.88 287.06332 -248.17496 51570.885 -68094.3 5656.67 -73750.9 196.29183
7.89 295.75692 315.47609 51279.062 -67764 5827.98 -73592 195.63574
7.9 297.20485 489.99136 51049.829 -67858.2 5856.51 -73714.7 195.1209
7.91 283.9822 68.549457 51313.049 -67826.6 5595.95 -73422.5 195.02166
7.92 289.8353 51.284085 51417.878 -67897.5 5711.29 -73608.8 196.36881
7.93 283.18936 -372.00482 51577.848 -68029.9 5580.33 -73610.3 196.18083
7.94 291.28317 420.79168 51271.221 -67705.8 5739.82 -73445.6 196.17469
7.95 289.32502 -8.6086013 51421.761 -67917.9 5701.24 -73619.1 196.52943
7.96 295.75122 -19.973031 51464.501 -67943.5 5827.87 -73771.4 196.54243
7.97 278.14216 -489.14268 51551.664 -68112.8 5480.87 -73593.7 196.03149
7.98 297.32556 329.24947 51291.809 -67738.7 5858.89 -73597.6 195.437
7.99 286.76128 535.58592 51234.527 -68036.2 5650.72 -73686.9 195.61224
8 291.55906 -873.03847 51851.15 -67923.2 5745.26 -73668.4 197.44292
8.01 286.17466 -4.4057697 51428.103 -68016.8 5639.16 -73656 196.36473
8.02 290.93116 616.08776 51164.005 -67661 5732.89 -73393.9 195.70245
8.03 288.98756 -139.51129 51438.5 -67903 5694.59 -73597.5 196.25109
8.04 284.17112 322.90858 51286.923 -67830.2 5599.68 -73429.9 196.07567
8.05 271.61635 -49.894448 51374.233 -68286.9 5352.28 -73639.2 196.06002
8.06 292.72863 141.2447 51370.711 -67849.8 5768.31 -73618.1 196.05933
8.07 283.4146 -315.83526 51512.07 -68030.5 5584.77 -73615.2 196.27781
8.08 297.09777 471.33964 51134.906 -67791 5854.4 -73645.5 195.44562
8.09 285.61876 -552.71228 51614.697 -68084.4 5628.2 -73712.6 196.36883
8.1 295.45668 -105.03806 51392.437 -67658.7 5822.06 -73480.8 196.00534
8.11 285.80793 443.41592 51131.016 -68058 5631.93 -73690 195.26197
8.12 288.08302 -123.48694 51457.314 -67986.7 5676.76 -73663.5 196.23811
8.13 292.88525 106.66007 51306.578 -67787.1 5771.39 -73558.5 196.06357
8.14 293.21652 253.17001 51318.762 -67837.5 5777.92 -73615.4 196.171
8.15 273.5035 327.75826 51217.217 -68338.9 5389.47 -73728.3 195.9838
8.16 283.54929 22.275195 51331.434 -67934.2 5587.42 -73521.6 196.18293
8.17 281.79384 439.93271 51157.56 -68235.5 5552.83 -73788.3 195.69024
8.18 287.86404 458.31741 51124.638 -67932.6 5672.45 -73605 195.58421
8.19 279.58241 453.14114 51183.177 -68285.8 5509.26 -73795 196.06683
8.2 286.89201 136.66988 51273.816 -67841.1 5653.29 -73494.4 196.04532
8.21 295.39146 329.52238 51261.606 -67762.2 5820.78 -73583 195.97192
8.22 297.23515 -424.42822 51633.076 -68035.8 5857.11 -73892.9 196.88057
8.23 295.5894 150.03755 51223.94 -67820.9 5824.68 -73645.6 195.85402
8.24 291.73499 -81.155058 51469.565 -68029.8 5748.73 -73778.5 196.30282
8.25 286.68147 -575.81882 51720.5 -67731.9 5649.14 -73381 196.53249
8.26 287.49525 165.73194 51412.597 -67727.3 5665.18 -73392.5 196.15629
8.27 283.55256 98.6722 51309.188 -67929.5 5587.49 -73517 195.95324
8.28 272.12617 -341.91856 51508.715 -68205.9 5362.33 -73568.2 196.63444
8.29 283.06582 375.13622 51239.264 -68013.7 5577.9 -73591.6 196.55705
8.3 283.51938 -254.49407 51515.944 -68117.3 5586.83 -73704.1 196.98899
8.31 285.86502 308.0486 51409.284 -68048.7 5633.06 -73681.8 196.91516
8.32 290.86976 -299.16979 51612.15 -67795.6 5731.68 -73527.2 197.21822
8.33 279.47045 -125.87668 51448.653 -67979.4 5507.05 -73486.4 196.76191
8.34 291.14733 223.0948 51335.274 -67775.9 5737.15 -73513.1 196.57093
8.35 287.50326 377.33797 51233.854 -68026.6 5665.34 -73692 195.99175
8.36 291.08038 395.81985 51270.91 -67793 5735.83 -73528.8 195.99872
8.37 284.75688 287.62633 51286.887 -68156.7 5611.22 -73767.9 196.58677
8.38 282.03638 -51.244417 51437.132 -67956.4 5557.61 -73514 196.92491
8.39 283.97262 -48.578967 51406.011 -67972.4 5595.77 -73568.1 196.28461
8.4 273.01444 -520.09259 51638.452 -68334.5 5379.83 -73714.3 196.99456
8.41 286.80967 305.75081 51350.875 -67832.2 5651.67 -73483.9 196.64398
8.42 280.7077 -178.12517 51538.985 -68142.3 5531.43 -73673.7 196.901
8.43 294.9821 -183.98257 51546.208 -67551.1 5812.71 -73363.8 197.08903
8.44 289.88499 -512.35885 51625.689 -68052.2 5712.27 -73764.5 197.42072
8.45 298.39783 -78.734786 51565.607 -67818.5 5880.02 -73698.5 196.81842
8.46 280.48949 93.897357 51430.395 -68182.8 5527.13 -73710 196.87701
8.47 285.34346 -218.14946 51576.555 -67931.2 5622.78 -73554 196.89424
8.48 278.29395 -145.90628 51498.432 -68306.2 5483.87 -73790.1 197.08498
8.49 282.66004 129.09307 51427.116 -67900.9 5569.9 -73470.8 197.10248
8.5 275.54752 -338.63151 51618.273 -68098.6 5429.75 -73528.3 197.34823
8.51 286.14397 -159.98287 51537.701 -68037.3 5638.55 -73675.9 197.47794
8.52 287.74343 -480.08588 51667.519 -67855.2 5670.07 -73525.3 197.67279
8.53 289.58137 -30.030635 51473.107 -68242.3 5706.29 -73948.6 197.0843
8.54 293.79396 -208.36901 51535.631 -67782.3 5789.3 -73571.6 197.35632
8.55 273.02389 289.36527 51294.832 -68101.8 5380.02 -73481.8 196.52991
8.56 291.43981 -353.327 51626.444 -68123.5 5742.91 -73866.4 197.14035
8.57 280.4887 -59.722248 51570.706 -68306.7 5527.11 -73833.8 197.28798
8.58 289.54765 81.69723 51430.632 -67977.1 5705.62 -73682.7 196.77586
8.59 287.18942 202.90349 51265.106 -68072.6 5659.15 -73731.8 196.62282
8.6 286.95184 -481.45455 51628.265 -67805.3 5654.47 -73459.8 196.99112
8.61 285.01145 44.325882 51414.41 -68133.3 5616.24 -73749.6 196.99961
8.62 279.56794 199.90415 51286.844 -68169.3 5508.97 -73678.3 196.70258
8.63 280.12799 139.30218 51327.768 -68095.2 5520.01 -73615.2 196.40153
8.64 281.14802 -110.85113 51403.241 -67877 5540.11 -73417.2 196.57418
8.65 281.31512 -48.018509 51430.71 -68021.8 5543.4 -73565.2 196.5268
8.66 288.23064 -393.30692 51570.008 -67996.1 5679.67 -73675.7 196.89771
8.67 287.29998 85.002965 51388.503 -68022 5661.33 -73683.3 196.89873
8.68 278.94019 -122.76676 51499.169 -68039 5496.6 -73535.6 197.13898
8.69 286.69158 -402.96357 51549.423 -68161.7 5649.34 -73811 197.36947
8.7 292.04146 369.25551 51193.582 -67754 5754.76 -73508.7 196.51689
8.71 278.75169 -473.56038 51598.105 -68068 5492.89 -73560.9 197.94626
8.72 275.33417 -174.73317 51531.078 -68142.8 5425.54 -73568.3 197.62831
8.73 283.37542 390.17548 51343.245 -68142.1 5584 -73726.1 197.17598
8.74 288.18961 -16.55986 51397.942 -67971.7 5678.86 -73650.6 196.991
8.75 282.67708 141.98995 51387.196 -68320.3 5570.24 -73890.6 197.01523
8.76 282.62899 233.94554 51281.876 -67911.6 5569.29 -73480.9 196.75245
8.77 275.43025 -451.89716 51538.93 -68562.4 5427.44 -73989.9 196.94505
8.78 283.80241 125.42016 51330.847 -67944.2 5592.41 -73536.7 196.78118
8.79 285.47913 -147.80982 51541.847 -68209.5 5625.45 -73834.9 197.307
8.8 292.18099 -132.67694 51417.463 -67821.4 5757.51 -73578.9 196.83858
8.81 274.6979 44.674565 51331.597 -68095 5413 -73508 196.82162
8.82 279.22138 253.93995 51197.418 -68278.4 5502.14 -73780.5 196.69544
8.83 286.97859 -358.26853 51495.143 -67915.1 5655 -73570.1 197.1261
8.84 272.37708 -427.05 51655.139 -68313.6 5367.27 -73680.9 197.54803
8.85 284.67986 238.12159 51367.483 -67751.2 5609.7 -73360.9 196.88744
8.86 278.18507 117.31122 51314.718 -67996.1 5481.72 -73477.8 197.01485
8.87 293.45011 199.29528 51336.841 -67910.5 5782.52 -73693 196.74814
8.88 288.2974 -170.97316 51504.046 -68053.8 5680.99 -73734.8 197.36174
8.89 284.02391 375.40576 51096.553 -67972 5596.78 -73568.8 196.68048
8.9 292.73744 656.05535 51101.372 -67686.4 5768.48 -73454.8 196.34635
8.91 282.02784 -224.65429 51530.879 -68023.5 5557.44 -73581 197.52499
8.92 293.30638 191.83544 51345.459 -67718.1 5779.69 -73497.8 196.76447
8.93 286.2668 150.72079 51382.055 -68010.3 5640.97 -73651.3 196.94974
8.94 293.05625 -200.83629 51515.428 -67904.3 5774.76 -73679.1 197.29916
8.95 281.97186 122.34987 51407.087 -68297.7 5556.34 -73854 197.54785
8.96 284.75821 -13.419249 51382.821 -67966.3 5611.25 -73577.6 197.32132
8.97 277.6543 188.75242 51316.989 -68206.7 5471.26 -73677.9 197.22728
8.98 291.24534 480.45886 51155.893 -67978.6 5739.08 -73717.6 196.96478
8.99 280.63687 -422.70842 51609.658 -68264.3 5530.03 -73794.3 198.17629
9 286.00607 -464.31924 51564.624 -67944.5 5635.84 -73580.3 197.17393
9.01 284.67003 -124.71131 51466.803 -68212 5609.51 -73821.5 196.46081
9.02 286.06574 -733.67734 51621.639 -67799.5 5637.01 -73436.5 196.70815
9.03 277.40479 -338.25154 51566.574 -68133.9 5466.34 -73600.2 197.14178
9.04 285.00496 26.720055 51366.87 -68109.9 5616.11 -73726.1 196.87833
9.05 290.87266 -347.47918 51537.723 -67777.5 5731.73 -73509.2 197.70955
9.06 281.86602 279.22265 51246.497 -68155.7 5554.25 -73710 196.96198
9.07 295.35981 -28.295716 51357.759 -67699.9 5820.15 -73520 197.58954
9.08 286.34343 94.578592 51347.211 -68031.1 5642.48 -73673.5 197.25426
9.09 290.57197 184.01136 51249.397 -67806.7 5725.81 -73532.5 196.51867
9.1 288.46836 38.241705 51322.836 -67823.7 5684.36 -73508.1 196.6166
9.11 291.03557 685.18949 51028.019 -68066.9 5734.94 -73801.9 195.69644
9.12 286.48265 271.52446 51339.164 -67718.9 5645.23 -73364.1 196.64187
9.13 286.93861 -464.87791 51528.835 -67984.5 5654.21 -73638.7 196.99547
9.14 286.62959 25.420157 51354.23 -67704.7 5648.12 -73352.8 197.5406
9.15 275.28283 -163.99122 51501.183 -68203.8 5424.53 -73628.3 197.61573
9.16 287.80043 51.92693 51339.189 -67982.5 5671.19 -73653.7 197.41293
9.17 290.83467 -63.245113 51461.94 -67856.2 5730.98 -73587.2 197.63962
9.18 294.14075 -227.26885 51445.425 -67767.4 5796.13 -73563.6 198.05858
9.19 286.52528 -1.5937745 51438.2 -67777.5 5646.07 -73423.6 197.43688
9.2 286.0617 122.5416 51319.019 -68104.7 5636.93 -73741.6 197.1968
9.21 289.128 87.807246 51393.894 -67943.5 5697.35 -73640.8 197.37968
9.22 286.7405 12.543967 51352.468 -67998.2 5650.31 -73648.5 197.28039
9.23 288.49292 -134.51632 51447.928 -67942.6 5684.84 -73627.4 197.78171
9.24 290.48489 37.021766 51326.879 -68004.2 5724.09 -73728.2 197.09953
9.25 288.2157 484.87094 51168.473 -68164.8 5679.38 -73844.2 197.26067
9.26 289.04573 636.75859 51088.59 -67771.1 5695.73 -73466.8 196.89618
9.27 280.77909 -43.305908 51412.774 -68115.9 5532.84 -73648.7 197.45185
9.28 287.28057 266.03269 51177.484 -67942.6 5660.95 -73603.5 196.83415
9.29 291.45264 -15.737992 51335.815 -67983 5743.16 -73726.1 196.72565
9.3 281.60964 -467.05229 51602.826 -68098 5549.2 -73647.2 197.60056
9.31 295.62624 127.66755 51367.669 -67493.6 5825.4 -73319 197.34591
9.32 284.97837 199.24954 51135.614 -68064.7 5615.58 -73680.3 196.47424
9.33 288.57155 82.177089 51322.803 -67815.2 5686.39 -73501.6 197.41244
9.34 280.40859 -218.5975 51480.532 -68147.5 5525.54 -73673.1 197.74037
9.35 278.75744 -93.291914 51412.525 -68197.5 5493 -73690.5 197.42372
9.36 284.00277 -234.5003 51522.744 -68091.7 5596.36 -73688.1 197.53294
9.37 300.01931 178.60958 51482.953 -67787.9 5911.97 -73699.9 197.67865
9.38 291.55774 344.0859 51188.752 -67842.2 5745.23 -73587.4 196.95022
9.39 285.63309 -144.17351 51488.632 -67888 5628.49 -73516.5 198.01643
9.4 287.88392 404.24123 51265.092 -68075.8 5672.84 -73748.6 197.47875
9.41 275.95571 285.42498 51221.949 -68262.2 5437.79 -73700 197.19234
9.42 289.22746 -248.13851 51552.354 -67849.4 5699.31 -73548.7 197.26176
9.43 284.27927 -9.4910182 51379.025 -68033.5 5601.81 -73635.3 197.00509
9.44 290.27056 36.984766 51514.453 -67730.8 5719.87 -73450.7 197.77077
9.45 277.71456 -74.989708 51433.712 -68202.3 5472.45 -73674.8 197.19679
9.46 279.91258 789.52782 51136.569 -68200.3 5515.76 -73716.1 196.52187
9.47 288.04312 -143.50378 51521.015 -67817.4 5675.98 -73493.4 197.26305
9.48 277.63537 174.2439 51326.44 -68345.3 5470.89 -73816.2 196.97027
9.49 293.36753 204.87373 51350.48 -67896 5780.9 -73676.9 197.5483
9.5 285.03373 -360.32653 51603.176 -68068.5 5616.68 -73685.2 197.9619
9.51 285.00682 -405.83311 51566.382 -67737.2 5616.15 -73353.3 197.81241
9.52 297.07535 6.288389 51335.333 -67594.1 5853.96 -73448.1 197.39978
9.53 287.18756 -670.04378 51730.542 -67868.3 5659.12 -73527.4 198.05126
9.54 283.94259 311.09999 51209.846 -67967.4 5595.17 -73562.6 196.66461
9.55 286.91082 -310.13609 51531.542 -67675.7 5653.66 -73329.4 197.71226
9.56 293.27143 32.945972 51446.885 -67991.8 5779 -73770.8 197.26832
9.57 291.53598 481.79584 51252.417 -67826 5744.8 -73570.8 197.05658
9.58 275.61489 203.65144 51106.088 -68048.1 5431.07 -73479.2 196.53727
9.59 296.0633 267.03803 51249.353 -67781.3 5834.02 -73615.3 196.91375
9.6 280.64856 198.87497 51194.284 -68115.7 5530.26 -73646 196.91633
9.61 285.72042 -243.67513 51442.773 -68035.8 5630.21 -73666 197.15078
9.62 283.6347 149.77375 51230.857 -67786.1 5589.11 -73375.2 196.93314
9.63 299.46305 216.22304 51160.241 -67855.9 5901.01 -73757 196.57931
9.64 291.0347 -317.20778 51604.939 -68080 5734.93 -73814.9 197.94724
9.65 286.17224 266.7628 51212.707 -67993.1 5639.11 -73632.2 196.3975
9.66 271.30021 463.15817 51173.999 -68406.3 5346.05 -73752.3 196.65286
9.67 289.23158 185.95372 51268.431 -67989.9 5699.4 -73689.3 196.44947
9.68 268.88438 -418.67331 51646.161 -68509.7 5298.45 -73808.1 197.70609
9.69 289.80162 112.13801 51403.602 -67954.2 5710.63 -73664.8 196.99879
9.7 287.06067 121.46078 51334.534 -67980.3 5656.62 -73637 196.87192
9.71 304.86245 60.996643 51399.42 -67783.2 6007.41 -73790.6 197.29227
9.72 289.12168 298.43306 51358.474 -67950.3 5697.23 -73647.6 197.63694
9.73 285.15417 149.26402 51339.731 -67975.8 5619.05 -73594.9 197.09965
9.74 292.98538 -182.97703 51502.313 -67749.9 5773.37 -73523.3 197.00359
9.75 288.81255 -317.52657 51532.184 -68077.4 5691.14 -73768.5 197.12959
9.76 286.83583 -168.24103 51457.169 -67809 5652.19 -73461.2 196.94711
9.77 278.51461 448.5126 51291.097 -68213.1 5488.21 -73701.3 197.02398
9.78 285.72378 -109.33198 51398.535 -67813.1 5630.27 -73443.4 196.87785
9.79 283.6551 1.9564803 51478.796 -68159.4 5589.51 -73748.9 197.49112
9.8 288.56117 243.3458 51269.948 -67655.7 5686.18 -73341.9 196.80393
9.81 281.19302 381.47219 51258.038 -68185.5 5540.99 -73726.5 197.51044
9.82 289.14174 -72.155037 51545.732 -67948.9 5697.62 -73646.5 198.07164
9.83 299.07402 -232.23033 51467.584 -67788.6 5893.34 -73682 197.12657
9.84 283.06233 -352.50577 51543.352 -67861.1 5577.83 -73438.9 197.75233
9.85 284.2595 -23.461872 51469.326 -67987 5601.42 -73588.5 197.14515
9.86 289.29658 -32.612283 51452.242 -67876.6 5700.68 -73577.3 197.11385
9.87 283.92722 459.22527 51144.331 -67818.8 5594.87 -73413.7 196.22664
9.88 283.75711 -6.7824125 51456.17 -68034.9 5591.52 -73626.5 197.42981
9.89 279.63361 -212.03432 51482.098 -67839.9 5510.26 -73350.1 197.19179
9.9 286.75279 -50.357463 51506.381 -67930.8 5650.55 -73581.4 197.69619
9.91 289.80162 159.10087 51258.991 -67748.6 5710.63 -73459.2 197.22738
9.92 285.14209 172.81524 51260.198 -67919.3 5618.81 -73538.1 197.28258
9.93 290.09852 68.312811 51421.766 -67914.1 5716.48 -73630.6 197.8188
9.94 296.36725 181.07215 51289.041 -67824.4 5840.01 -73664.4 197.37848
9.95 283.60845 168.70655 51322.004 -67799.6 5588.59 -73388.2 197.21606
9.96 292.44305 -174.76646 51519.478 -67862.2 5762.68 -73624.9 197.59259
9.97 279.32151 501.20941 51266.121 -68079.2 5504.11 -73583.3 197.55824
9.98 282.84587 -397.93332 51631.121 -68172.1 5573.56 -73745.7 198.39207
