0 290.72334 -705.70635 50133.684 -62742.5 5732.42 -68474.9 10.743082
0.01 281.79745 -70.730966 49850.544 -63412.9 5556.42 -68969.3 20.783907
0.02 283.16182 -828.98061 49901.157 -63729.7 5583.32 -69313 27.584923
0.03 303.13879 -159.88717 49871.472 -63528.5 5977.22 -69505.7 34.131039
0.04 298.82768 -289.44719 50547.071 -63783.6 5892.22 -69675.9 38.30455
0.05 292.35335 -542.66913 50703.757 -64269.1 5764.56 -70033.6 42.605282
0.06 296.21704 -376.63318 49923.375 -63499 5840.74 -69339.8 47.986422
0.07 295.83191 -824.60354 50657.945 -63803 5833.15 -69636.1 54.748823
0.08 294.95639 -58.119467 50253.874 -64130.4 5815.88 -69946.3 60.161646
0.09 292.16599 -561.30505 50352.381 -64048.6 5760.86 -69809.4 66.139271
0.1 296.61503 -842.2453 50731.044 -64037.4 5848.59 -69886 72.15118
0.11 279.45037 -799.75403 50368.674 -64450.9 5510.14 -69961.1 74.97841
0.12 295.98211 -92.578365 50148.715 -63796.4 5836.11 -69632.5 80.646599
0.13 296.59242 -1213.3606 50805.863 -64239.9 5848.14 -70088.1 84.540912
0.14 290.19874 -724.18989 50405.79 -64561.8 5722.07 -70283.9 88.546027
0.15 298.96466 -67.749468 50461.295 -64387.9 5894.92 -70282.8 91.291942
0.16 281.14232 -852.55324 50467.829 -64460.1 5543.5 -70003.6 96.115403
0.17 288.3733 -1330.7978 50694.255 -64726.2 5686.08 -70412.3 98.751666
0.18 293.91801 -648.75331 50658.047 -64467.7 5795.41 -70263.1 102.26975
0.19 299.11642 -387.95697 50473.256 -64413 5897.91 -70310.9 104.79365
0.2 293.48155 -268.21951 50449.079 -64759.3 5786.8 -70546.1 107.98935
0.21 291.17529 -630.61683 50929.967 -64884.4 5741.33 -70625.7 110.6814
0.22 289.56677 -735.04046 50919.854 -64952.4 5709.61 -70662 112.91222
0.23 288.2555 -626.09791 50623.931 -65260.6 5683.76 -70944.4 115.87051
0.24 292.80806 -453.2863 50805.512 -65046.4 5773.52 -70819.9 119.13018
0.25 294.52257 -1035.26 50873.765 -65185.3 5807.33 -70992.7 123.56967
0.26 283.3793 -748.85334 50973.274 -65371.4 5587.61 -70959 125.08825
0.27 291.40852 -465.60467 50694.817 -65126.8 5745.93 -70872.7 127.89133
0.28 305.48329 -296.50334 50552.41 -64902.5 6023.45 -70925.9 130.12216
0.29 282.59258 -672.32866 50678.786 -65624.8 5572.1 -71196.9 133.51831
0.3 287.01405 -928.83302 51036.327 -65336.3 5659.28 -70995.6 136.43571
0.31 286.03574 -624.38151 50938.707 -65311.4 5639.99 -70951.3 140.564
0.32 288.42942 -693.25903 50913.8 -65717.9 5687.19 -71405.1 143.40514
0.33 287.21528 -569.4656 50808.258 -66369 5663.25 -72032.2 146.64649
0.34 286.52971 -774.29521 51030.849 -66520.7 5649.73 -72170.4 147.87852
0.35 294.35879 -42.389469 50939.997 -67012.3 5804.1 -72816.4 149.45112
0.36 283.0703 -240.5402 51102.528 -67652.8 5581.52 -73234.4 149.83924
0.37 286.83236 -445.62474 51293.358 -67388 5655.7 -73043.7 150.58776
0.38 291.62763 -177.29352 51258.051 -67777.2 5750.25 -73527.4 150.75845
0.39 296.8294 -458.84177 51317.547 -67237.5 5852.81 -73090.3 150.42499
0.4 285.98695 -404.34551 51455.065 -67892.4 5639.03 -73531.4 151.13524
0.41 286.82146 -65.682378 51312.373 -67639.8 5655.48 -73295.3 150.87284
0.42 281.31163 -538.83053 51499.688 -67738.5 5546.84 -73285.4 151.8355
0.43 287.39748 -151.12942 51254.19 -67891.8 5666.84 -73558.6 150.802
0.44 290.50863 -386.05872 51429.284 -67603.3 5728.18 -73331.5 151.14083
0.45 290.41114 -227.91352 51263.496 -67876.1 5726.26 -73602.3 151.18129
0.46 291.14377 -866.35773 51761.258 -67588.5 5740.71 -73329.2 152.75675
0.47 281.3911 -637.96325 51557.601 -68171.9 5548.41 -73720.3 152.40875
0.48 285.23507 -557.69309 51446.99 -67736.4 5624.2 -73360.6 151.84423
0.49 278.93864 -1061.9663 51820.212 -68126.9 5500.05 -73626.9 152.43548
0.5 288.37587 -649.30043 51674.928 -67801.4 5686.13 -73487.6 152.41482
0.51 286.36512 -369.66024 51476.334 -68077.7 5646.48 -73724.2 152.27808
0.52 286.56579 85.274358 51222.373 -67865.3 5650.44 -73515.7 151.88709
0.53 281.3097 -136.37086 51245.092 -67830.9 5546.8 -73377.7 151.95234
0.54 292.2374 -489.1998 51662.888 -67644 5762.27 -73406.2 152.96411
0.55 283.85176 -100.70777 51452.429 -67887.3 5596.92 -73484.3 152.47758
0.56 298.22842 -451.26972 51486.877 -67815.8 5880.4 -73696.2 152.57881
0.57 306.06337 -431.82689 51655.623 -67381 6034.89 -73415.9 152.66542
0.58 287.95096 20.739557 51379.84 -67895.1 5677.75 -73572.8 152.38096
0.59 290.83872 -670.29219 51803.62 -67810.7 5734.69 -73545.4 152.83494
0.6 299.09441 1.6571535 51377.443 -67582.8 5897.48 -73480.3 152.15867
0.61 277.819 -40.385462 51377.807 -67937.8 5477.97 -73415.8 152.67475
0.62 296.58074 -773.75948 51790.531 -67469.8 5847.91 -73317.7 153.47216
0.63 284.20538 -618.40911 51726.476 -67955.7 5603.9 -73559.6 153.20816
0.64 282.53843 -372.23279 51550.569 -68231.1 5571.03 -73802.1 153.52111
0.65 288.89874 -482.30761 51682.941 -67716.4 5696.44 -73412.9 153.66363
0.66 281.77811 -1083.2953 51981.968 -68086.8 5556.04 -73642.8 154.06535
0.67 293.15183 121.90643 51416.24 -67819.1 5780.3 -73599.4 153.29298
0.68 294.0497 -473.69255 51637.352 -68094.5 5798.01 -73892.6 153.10214
0.69 288.08982 -553.49388 51660.251 -67877.1 5680.49 -73557.6 153.12486
0.7 284.61671 -590.90707 51721.488 -67901.5 5612.01 -73513.5 153.41894
0.71 285.39558 -496.39526 51588.244 -68126 5627.36 -73753.4 153.12307
0.72 293.77991 -280.08715 51621.351 -67901.9 5792.69 -73694.6 153.20949
0.73 288.50321 -563.98678 51635.958 -67799.3 5688.64 -73487.9 153.80968
0.74 283.55869 -598.78011 51679.501 -67983.9 5591.15 -73575.1 153.82486
0.75 290.06486 -287.62561 51602.355 -67941.2 5719.43 -73660.6 153.36011
0.76 280.0193 -526.55704 51673.587 -67800.6 5521.36 -73321.9 153.97809
0.77 282.42358 -794.49174 51796.338 -68122.8 5568.76 -73691.6 154.187
0.78 294.23658 -630.44777 51689.49 -67851.5 5801.69 -73653.2 153.69272
0.79 293.90675 -854.49796 51882.778 -67746.6 5795.19 -73541.7 153.50823
0.8 286.79975 -192.98379 51557.682 -67839.6 5655.05 -73494.7 153.02636
0.81 291.43936 -805.18571 51759.161 -67663.7 5746.53 -73410.2 153.78789
0.82 278.09593 -367.01782 51632.034 -68040.1 5483.43 -73523.5 153.42681
0.83 298.47847 -498.00543 51710.943 -67621.3 5885.33 -73506.6 153.50527
0.84 294.60405 -572.99163 51788.109 -67848.2 5808.94 -73657.2 154.12577
0.85 290.17041 -376.68701 51540.399 -67884.2 5721.51 -73605.7 153.5245
0.86 283.10332 -840.50757 51771.408 -68108.2 5582.17 -73690.3 153.56633
0.87 288.72352 -738.49491 51854.424 -68044.6 5692.98 -73737.6 153.93969
0.88 290.7951 -127.53117 51474.512 -67762.8 5733.83 -73496.6 152.87088
0.89 290.58645 -361.4021 51630.553 -67659.6 5729.72 -73389.3 153.2298
0.9 290.9677 -803.71802 51700.734 -67975.8 5737.23 -73713.1 153.28747
0.91 291.40246 -313.51194 51669.31 -67701.3 5745.81 -73447.2 153.74262
0.92 281.65594 -153.52541 51460.646 -68195.9 5553.63 -73749.5 153.09923
0.93 295.82858 -308.73943 51604.644 -67795.2 5833.08 -73628.3 153.50608
0.94 280.58787 -453.13552 51603.676 -68068.2 5532.57 -73600.7 153.61339
0.95 288.48547 -385.9488 51530.565 -67948 5688.29 -73636.3 153.12445
0.96 288.82974 -1027.6647 51855.742 -67693.9 5695.08 -73389 153.95686
0.97 281.54286 -348.93633 51542.333 -67964.7 5551.4 -73516.1 153.35163
0.98 292.10537 -761.36688 51697.074 -67953.4 5759.67 -73713.1 153.25255
0.99 285.58907 -355.89709 51513.011 -68050 5631.18 -73681.1 153.01829
1 285.81595 -352.66936 51630.037 -67757.3 5635.65 -73393 153.42852
1.01 282.09819 -595.55676 51631.388 -68185.2 5562.35 -73747.6 152.78107
1.02 294.32271 -956.50177 51877.227 -67859.9 5803.39 -73663.3 153.59139
1.03 288.6204 -546.72573 51605.634 -68054.5 5690.95 -73745.5 153.58424
1.04 283.78633 -414.53316 51582.296 -67856.1 5595.63 -73451.7 153.75277
1.05 293.95448 95.343138 51308.962 -67745.3 5796.13 -73541.5 153.81125
1.06 290.78964 -528.73914 51505.658 -67751.4 5733.72 -73485.1 153.14674
1.07 301.75719 -280.47648 51590.886 -67566.3 5949.98 -73516.3 153.38255
1.08 297.80562 -338.42287 51519.225 -67953.9 5872.06 -73826 153.26772
1.09 292.62041 -383.24217 51512.296 -67577.3 5769.82 -73347.2 153.27297
1.1 288.04205 -648.30431 51557.105 -67978.4 5679.55 -73657.9 153.47222
1.11 291.42921 -940.61962 51854.214 -67828.4 5746.33 -73574.8 153.91569
1.12 276.78882 -1015.8287 51856.21 -68039 5457.66 -73496.7 154.0367
1.13 299.01638 -485.71179 51684.413 -67849 5895.94 -73744.9 154.16367
1.14 283.65894 -411.04656 51602.803 -68040.6 5593.12 -73633.7 153.97917
1.15 287.30567 -612.58254 51688.75 -67913.9 5665.03 -73578.9 153.71479
1.16 293.00955 -349.87335 51550.393 -67759.7 5777.5 -73537.2 153.40309
1.17 282.68485 -113.27489 51507.401 -67695 5573.92 -73268.9 153.67428
1.18 278.83355 -481.73566 51646.365 -68170.4 5497.98 -73668.3 154.23583
1.19 295.02267 -376.19021 51527.318 -67793.2 5817.19 -73610.4 153.17117
1.2 284.65836 -648.57658 51704.867 -68105.1 5612.83 -73717.9 153.591
1.21 288.06653 -208.83664 51548.877 -67868.6 5680.03 -73548.7 153.16221
1.22 296.56474 -640.2414 51733.363 -67599.1 5847.6 -73446.7 154.01704
1.23 289.08065 -636.69821 51794.145 -67780.6 5700.03 -73480.7 154.62259
1.24 288.52575 -970.87639 51940.397 -67912.8 5689.09 -73601.9 154.65338
1.25 295.67093 106.15065 51472.844 -67587.8 5829.97 -73417.7 153.83082
1.26 281.19592 -619.90073 51736.183 -67901.8 5544.56 -73446.3 154.26402
1.27 294.23233 -61.89318 51511.8 -67899.4 5801.61 -73701 153.53198
1.28 286.52097 -418.54631 51691.692 -68078.8 5649.56 -73728.4 154.06802
1.29 287.96365 -166.93443 51605.231 -67751.6 5678 -73429.6 153.66616
1.3 285.75044 -171.5262 51548.715 -67883.4 5634.36 -73517.7 154.0703
1.31 292.37691 -143.34729 51594.498 -67763.7 5765.02 -73528.7 154.25403
1.32 295.95863 -289.29012 51632.257 -67751.5 5835.64 -73587.1 154.09278
1.33 274.53108 -389.63849 51613.182 -68243 5413.14 -73656.1 153.92359
1.34 283.25567 -537.33783 51682.452 -67830.4 5585.17 -73415.6 154.50681
1.35 285.90133 -755.67807 51853.331 -68169.9 5637.34 -73807.2 154.69941
1.36 285.34998 -452.2091 51721.765 -67939.1 5626.47 -73565.6 154.40916
1.37 291.88838 -417.80456 51635.831 -67996.8 5755.39 -73752.2 154.07281
1.38 288.96365 -480.08694 51691.333 -67737 5697.72 -73434.8 154.07122
1.39 292.74621 -118.6713 51597.825 -67761.3 5772.3 -73533.6 154.17185
1.4 284.89376 -560.36995 51714.991 -68143.1 5617.47 -73760.6 154.17188
1.41 293.14915 -975.11597 51977.227 -67812.2 5780.25 -73592.5 154.8277
1.42 287.13559 -465.34682 51687.003 -67975.1 5661.67 -73636.8 154.31153
1.43 286.56918 -170.95361 51634.357 -67825.8 5650.51 -73476.3 154.04812
1.44 283.80998 -527.06414 51750.27 -67859.8 5596.1 -73455.9 154.53162
1.45 287.48996 -117.1842 51571.007 -67744.5 5668.66 -73413.1 153.65918
1.46 289.4867 -473.53237 51764.387 -67926.4 5708.03 -73634.5 154.53294
1.47 293.94491 -754.13834 51868.246 -67687.4 5795.94 -73483.3 154.82277
1.48 280.76997 -754.55824 51859.831 -67871.1 5536.16 -73407.3 154.65324
1.49 287.86356 -732.54497 51812.842 -67718.2 5676.03 -73394.2 154.72759
1.5 289.23593 -719.67364 51909.317 -68061.8 5703.09 -73764.9 154.90459
1.51 295.12492 -209.64586 51548.048 -67826.6 5819.21 -73645.8 153.80765
1.52 287.40462 -352.21883 51651.177 -68074.1 5666.98 -73741.1 154.33596
1.53 295.30004 -499.35358 51813.427 -67884.5 5822.66 -73707.2 154.83437
1.54 274.41826 -641.59201 51700.583 -68275.1 5410.92 -73686 154.528
1.55 299.28948 -151.69202 51572.447 -67773.5 5901.32 -73674.9 154.27385
1.56 291.96803 -915.01571 51850.535 -67788.4 5756.96 -73545.3 154.4607
1.57 291.938 -324.63344 51623.656 -67932 5756.37 -73688.4 153.9217
1.58 286.37855 -756.57037 51835.541 -67899 5646.75 -73545.8 154.91657
1.59 290.52355 -382.47406 51625.831 -67893.9 5728.48 -73622.4 154.25433
1.6 288.02291 -347.01441 51776.306 -68033.8 5679.17 -73713 154.77896
1.61 287.15659 -160.83309 51469.441 -67717.4 5662.09 -73379.5 154.01265
1.62 279.55041 -145.44893 51516.914 -68069.6 5512.11 -73581.7 154.52999
1.63 292.50046 -583.60718 51747.116 -67596.2 5767.46 -73363.7 153.97389
1.64 285.23895 -566.24682 51655.88 -68054.2 5624.28 -73678.4 154.27922
1.65 296.8971 -820.72332 51797.974 -67524.8 5854.15 -73379 154.46889
1.66 288.79064 -189.87484 51525.386 -68002.6 5694.31 -73696.9 154.05951
1.67 284.22012 -362.32355 51601.085 -67778.7 5604.19 -73382.9 154.5029
1.68 292.59961 -309.11313 51606.068 -67800.7 5769.41 -73570.1 154.35993
1.69 282.56544 -579.82202 51772.599 -68028.7 5571.56 -73600.2 154.06768
1.7 290.30956 -498.26158 51720.425 -67590.4 5724.26 -73314.7 154.27259
1.71 285.18782 -676.28752 51754.658 -67933.9 5623.27 -73557.2 154.11074
1.72 288.09422 -270.48147 51606.341 -67888.2 5680.58 -73568.8 153.98235
1.73 286.38472 -581.07241 51659.837 -68064.8 5646.87 -73711.7 154.0853
1.74 294.40845 -308.39233 51540.804 -67753.3 5805.08 -73558.4 154.21599
1.75 279.94466 -598.99742 51668.11 -68008.4 5519.89 -73528.2 154.85933
1.76 285.24589 -360.8159 51611.391 -68138.2 5624.41 -73762.6 154.57827
1.77 284.14661 -369.98788 51664.156 -67868.8 5602.74 -73471.6 154.69632
1.78 293.60906 -302.53103 51470.711 -67592.3 5789.32 -73381.7 154.6245
1.79 293.44324 -627.67006 51780.803 -67962.7 5786.05 -73748.8 154.84621
1.8 294.56617 -368.01278 51564.835 -67729.5 5808.19 -73537.7 154.8289
1.81 287.14604 -240.66974 51436.897 -67896.2 5661.88 -73558.1 154.53068
1.82 285.1234 -476.63 51634.937 -68005.4 5622 -73627.4 155.11676
1.83 306.57391 -598.26233 51786.153 -67348.4 6044.95 -73393.4 154.90495
1.84 289.14862 -455.57872 51565.466 -68011 5701.37 -73712.3 154.90797
1.85 292.14176 -777.72398 51834.172 -67621 5760.38 -73381.4 155.62143
1.86 278.90628 -564.21581 51678.426 -67974 5499.41 -73473.4 155.72355
1.87 297.68805 -163.52288 51523.718 -67679.6 5869.75 -73549.4 155.25697
1.88 283.89539 -471.86857 51693.203 -67932.1 5597.78 -73529.9 155.55016
1.89 289.31977 -546.62269 51650.814 -67772.7 5704.74 -73477.5 155.34195
1.9 281.92154 -444.76235 51522.189 -67934.5 5558.86 -73493.3 154.94874
1.91 295.50703 -678.9981 51758.418 -67619.3 5826.74 -73446 155.60644
1.92 292.63748 -234.8419 51551.254 -67968.4 5770.16 -73738.6 155.75423
1.93 292.76233 -712.72197 51732.816 -67824.5 5772.62 -73597.1 155.73846
1.94 283.4045 -497.19944 51747.08 -68020.9 5588.11 -73609.1 155.34548
1.95 290.13161 -705.38346 51651.19 -67881 5720.75 -73601.8 155.42866
1.96 282.90133 -871.34927 51683.007 -68019 5578.18 -73597.2 155.21368
1.97 287.6301 -540.04183 51590.185 -67703.9 5671.42 -73375.3 155.04776
1.98 285.36619 -658.69682 51674.688 -67775.5 5626.79 -73402.3 155.45071
1.99 294.48419 -665.67653 51698.465 -67863.5 5806.57 -73670.1 155.08989
2 287.30078 -798.96616 51766.373 -67504.5 5664.93 -73169.4 155.13444
2.01 285.80384 -431.842 51628.641 -67909.1 5635.41 -73544.5 154.7247
2.02 290.76689 -40.481273 51465.218 -67723.1 5733.28 -73456.4 154.74265
2.03 276.33402 -455.23387 51549.731 -68109.2 5448.69 -73557.9 154.99061
2.04 293.25096 13.528752 51361.624 -67728.9 5782.26 -73511.1 154.39708
2.05 294.91837 -284.52698 51478.887 -67708.6 5815.13 -73523.7 154.60036
2.06 279.04232 -30.615039 51481.296 -68187.1 5502.09 -73689.2 154.62275
2.07 283.64094 -579.42291 51783.527 -67867.7 5592.77 -73460.5 155.52242
2.08 286.63311 -319.84967 51646.968 -68175 5651.77 -73826.7 155.1003
2.09 281.25349 -1046.5557 51889.729 -68035.3 5545.69 -73581 155.10744
2.1 294.76164 46.269201 51470.503 -67869.6 5812.04 -73681.7 154.64429
2.11 281.50914 -785.12823 51871.313 -68108.5 5550.73 -73659.3 155.66798
2.12 298.82111 -870.63252 51967.034 -67669.1 5892.09 -73561.2 155.57863
2.13 290.99267 -774.7297 51856.485 -67931.5 5737.73 -73669.2 155.71179
2.14 287.98126 -511.32385 51805.638 -67661.4 5678.35 -73339.7 155.62968
2.15 282.29889 -468.05815 51745.647 -67749 5566.31 -73315.3 155.15749
2.16 287.80586 -199.78308 51590.028 -67955.9 5674.89 -73630.8 155.25211
2.17 295.1133 -955.4008 51950.092 -67736 5818.98 -73555 155.60735
2.18 293.80331 -510.88808 51614.571 -67923.1 5793.15 -73716.3 155.02441
2.19 284.40673 -388.08672 51626.003 -68115.3 5607.87 -73723.1 154.7887
2.2 284.01208 94.636785 51385.978 -67991.2 5600.09 -73591.3 154.74464
2.21 283.15372 -621.72177 51683.974 -68054.6 5583.16 -73637.8 154.78851
2.22 280.24301 -248.85734 51459.901 -67762.9 5525.77 -73288.6 154.72988
2.23 290.43538 8.3256724 51378.767 -67804.7 5726.74 -73531.4 154.50538
2.24 282.95327 -446.25322 51680.129 -68215.9 5579.21 -73795.1 155.07207
2.25 286.86378 -817.98553 51788.387 -67810.1 5656.31 -73466.4 155.46513
2.26 294.43284 -1025.5769 51887.923 -67685.1 5805.56 -73490.7 155.03244
2.27 293.24745 -628.80268 51701.135 -68003 5782.19 -73785.2 155.10722
2.28 287.84452 -639.9789 51796.379 -67670.4 5675.65 -73346 155.2973
2.29 287.31429 -440.6271 51676.112 -67955 5665.2 -73620.2 155.15827
2.3 293.13712 -194.23175 51618.297 -67685.1 5780.01 -73465.1 155.2035
2.31 288.3844 -743.58714 51828.827 -67923.2 5686.3 -73609.5 155.22491
2.32 296.27843 -156.0406 51598.308 -67658 5841.95 -73500 154.97257
2.33 292.86237 216.98693 51346.221 -67964.9 5774.59 -73739.5 154.33919
2.34 286.95656 -571.02668 51665.813 -67869.3 5658.14 -73527.4 154.88757
2.35 293.89244 -692.2762 51613.186 -67638.7 5794.9 -73433.6 155.22528
2.36 287.5721 -525.56555 51644.347 -67712.3 5670.28 -73382.5 154.82308
2.37 284.68376 -475.54667 51530.022 -68027.2 5613.33 -73640.5 154.58969
2.38 293.86053 -523.38962 51668.356 -67481.4 5794.28 -73275.7 154.96458
2.39 281.55492 -568.3741 51604.788 -67905.6 5551.64 -73457.3 154.78389
2.4 294.08138 -484.5626 51567.906 -67759.2 5798.63 -73557.9 154.88418
2.41 294.90445 -546.05255 51611.332 -67596.4 5814.86 -73411.2 154.92672
2.42 288.83568 -679.67619 51717.212 -67938.3 5695.2 -73633.5 155.31054
2.43 283.74607 143.20466 51393.25 -67814.7 5594.84 -73409.6 154.67966
2.44 289.08206 -239.8235 51498.614 -68075.6 5700.05 -73775.7 154.49587
2.45 285.3798 -527.94116 51702.549 -68024.1 5627.05 -73651.1 154.85821
2.46 293.02564 -584.27415 51731.878 -67770.7 5777.81 -73548.5 154.75845
2.47 301.74543 -478.06273 51635.48 -67699 5949.75 -73648.8 154.61153
2.48 285.21156 -59.98155 51376.262 -68257.6 5623.74 -73881.3 154.11298
2.49 289.45549 -387.07432 51582.05 -67865.1 5707.42 -73572.6 154.9156
2.5 289.52704 -101.17632 51550.075 -67595.8 5708.83 -73304.6 154.94885
2.51 288.86945 -372.40784 51645.995 -67955.2 5695.86 -73651 155.01085
2.52 283.96844 -1028.9458 51902.704 -67937.8 5599.23 -73537 155.26089
2.53 287.5061 -569.01068 51676.513 -67732.5 5668.98 -73401.5 154.75428
2.54 293.39574 -257.56147 51528.546 -67730.6 5785.11 -73515.7 154.38751
2.55 278.96415 -1060.8668 51874.473 -68115.3 5500.55 -73615.9 155.19943
2.56 286.31829 13.060112 51347.441 -67811.5 5645.56 -73457 154.26721
2.57 289.48705 -453.79548 51510.8 -68133.2 5708.04 -73841.2 154.42603
2.58 296.11676 -915.53422 51760.315 -67689.5 5838.76 -73528.2 154.86169
2.59 282.32575 -489.4103 51670.914 -67932.6 5566.83 -73499.4 154.96034
2.6 286.82449 -205.99705 51461.649 -67761.7 5655.54 -73417.2 154.36672
2.61 286.70507 -1043.9294 51843.458 -68083.9 5653.19 -73737.1 155.54985
2.62 293.78038 -188.56127 51479.317 -67749.4 5792.69 -73542.1 154.48295
2.63 283.60897 -713.46406 51683.667 -68119.6 5592.14 -73711.8 154.86525
2.64 290.94791 -579.57471 51669.616 -67796.2 5736.84 -73533 154.92236
2.65 290.46051 -28.222649 51451.051 -67871.2 5727.23 -73598.4 154.37094
2.66 294.87535 -507.22175 51543.662 -67883.4 5814.29 -73697.6 154.8824
2.67 289.01664 -737.73884 51676.985 -67893.5 5698.76 -73592.2 154.8416
2.68 295.67649 -379.34221 51612.517 -67730.6 5830.08 -73560.7 154.83988
2.69 274.33374 -860.44208 51690.947 -68279.3 5409.25 -73688.6 155.24614
2.7 294.1031 -591.92456 51593.224 -67679.1 5799.06 -73478.1 154.53703
2.71 283.60238 45.734922 51292.267 -68024 5592.01 -73616 154.12993
2.72 285.09508 -692.14762 51685.808 -67794.3 5621.44 -73415.8 154.94629
2.73 283.32044 -475.7306 51579.898 -68184.6 5586.45 -73771 154.51844
2.74 292.22582 -525.24591 51558.14 -67891.2 5762.04 -73653.3 154.75584
2.75 287.24153 -544.69778 51685.309 -67874.2 5663.76 -73537.9 155.16461
2.76 298.36679 -697.84016 51750.334 -67466.3 5883.13 -73349.4 154.8478
2.77 290.41523 -687.05445 51640.709 -67923 5726.34 -73649.3 154.93208
2.78 283.06154 -320.34123 51574.827 -67920.2 5581.34 -73501.6 154.82044
2.79 287.42499 -835.38824 51774.057 -67976.6 5667.38 -73644 155.50871
2.8 292.63859 -311.22903 51471.344 -67850.6 5770.18 -73620.8 154.99165
2.81 293.26037 -268.31533 51561.448 -68071 5782.44 -73853.4 154.72698
2.82 289.04369 -403.31816 51617.462 -68009.8 5699.3 -73709.1 155.07584
2.83 290.47853 -638.18709 51681.247 -67783 5727.59 -73510.6 155.39456
2.84 293.93011 -741.62838 51697.136 -67638.7 5795.65 -73434.3 155.02434
2.85 285.52811 -174.62651 51423.291 -68009.8 5629.98 -73639.8 154.71331
2.86 293.20496 -441.85385 51620.695 -67536.1 5781.35 -73317.5 155.4314
2.87 283.99764 -670.89428 51626.355 -67852.3 5599.8 -73452.1 154.69483
2.88 286.76369 -64.013602 51455.805 -67843.7 5654.34 -73498 154.77904
2.89 295.21338 -663.76024 51749.443 -67460.2 5820.95 -73281.1 155.14098
2.9 284.28848 -426.28687 51621.992 -68047.5 5605.54 -73653 154.9235
2.91 296.09147 -696.1748 51842.48 -67661 5838.26 -73499.3 155.35674
2.92 282.67743 -689.66417 51797.811 -67886.3 5573.77 -73460 155.54112
2.93 296.73498 -280.46186 51569.866 -67645.9 5850.95 -73496.9 154.75208
2.94 283.18537 -691.06182 51735.2 -67923 5583.78 -73506.8 155.09466
2.95 294.20249 -578.33053 51745.307 -67661.1 5801.02 -73462.1 155.63393
2.96 277.37902 -960.37719 51885.954 -67965.5 5469.3 -73434.8 155.93064
2.97 292.77231 -461.56985 51652.06 -67650.6 5772.82 -73423.5 155.35046
2.98 292.44919 338.59223 51251.206 -67835.9 5766.45 -73602.4 154.56798
2.99 287.45508 -552.53457 51725.383 -67600.8 5667.97 -73268.8 155.36583
3 285.95883 -413.03249 51660.855 -67921.2 5638.47 -73559.7 155.12092
3.01 292.99998 -668.1226 51813.707 -67516.6 5777.31 -73293.9 155.69749
3.02 290.03523 -256.2868 51507.313 -67913.3 5718.85 -73632.1 155.14563
3.03 288.15205 -871.87624 51761.528 -67653 5681.72 -73334.7 155.22062
3.04 289.49094 -727.41076 51819.143 -67913 5708.12 -73621.2 155.80121
3.05 300.27492 -963.54372 51887.539 -67634 5920.75 -73554.7 155.43249
3.06 293.64121 -59.086776 51473.105 -67597.8 5789.95 -73387.8 154.69634
3.07 284.4224 -712.56163 51768.032 -68011.8 5608.18 -73620 155.22259
3.08 289.56872 -859.18988 51776.634 -67903.8 5709.65 -73613.5 155.3891
3.09 293.58899 -296.2377 51533.531 -67897.9 5788.92 -73686.8 154.63873
3.1 285.21383 -319.05209 51513.997 -67898.3 5623.78 -73522 154.95469
3.11 282.86562 -192.38438 51481.548 -68107.7 5577.48 -73685.2 154.54965
3.12 289.75518 -27.973183 51387.371 -67739.8 5713.33 -73453.1 154.53791
3.13 288.69651 -296.81285 51543.397 -68099.3 5692.45 -73791.7 154.76364
3.14 295.12484 -804.7052 51814.352 -67702.3 5819.2 -73521.5 155.30377
3.15 282.33311 -525.20074 51668.6 -67930.5 5566.98 -73497.5 154.74432
3.16 301.25741 -604.30976 51758.969 -67567.7 5940.13 -73507.8 155.24511
3.17 299.47205 -300.32839 51705.467 -67863 5904.92 -73767.9 155.55425
3.18 291.97996 346.96752 51256.897 -67865.9 5757.19 -73623.1 154.52275
3.19 293.23324 -582.50221 51724.595 -68084.4 5781.91 -73866.3 155.33255
3.2 289.63165 -127.61318 51544.638 -67749.6 5710.89 -73460.5 154.84469
3.21 279.14911 -133.31081 51507.197 -68133.5 5504.2 -73637.7 155.24676
3.22 284.97614 -470.35863 51688.499 -67763 5619.09 -73382.1 155.55603
3.23 280.2753 -989.77144 51928.05 -67884.8 5526.4 -73411.2 155.73148
3.24 289.10912 183.43847 51319.328 -67892.4 5700.59 -73593 154.93603
3.25 290.50378 -236.33825 51558.492 -67499.9 5728.09 -73228 154.60882
3.26 291.26887 -609.95664 51722.71 -67878.6 5743.17 -73621.8 155.30867
3.27 283.97489 -887.83556 51831.306 -67914.6 5599.35 -73513.9 155.82666
3.28 287.88236 172.18436 51418.466 -68183 5676.4 -73859.4 154.7511
3.29 289.85988 -532.42221 51693.408 -67808.7 5715.39 -73524.1 155.41938
3.3 288.63163 -429.19048 51652.605 -67838.5 5691.17 -73529.6 155.40287
3.31 291.07306 -439.34284 51700.066 -67880 5739.31 -73619.3 155.64114
3.32 288.98283 -889.67078 51865.291 -67815.5 5698.1 -73513.6 155.92404
3.33 298.99086 -450.69877 51693.93 -67700.5 5895.43 -73595.9 155.10224
3.34 296.47891 -327.55702 51506.206 -67807.3 5845.9 -73653.2 154.95012
3.35 281.19788 -717.52772 51634.059 -68168 5544.6 -73712.6 154.92771
3.36 291.27205 -386.68988 51618.309 -67881.7 5743.24 -73624.9 155.16079
3.37 288.25611 -895.77973 51866.746 -67795 5683.77 -73478.8 155.35088
3.38 291.91928 -320.67954 51615.133 -67722.9 5756 -73478.9 154.89252
3.39 285.22732 -900.58025 51854.173 -67944.9 5624.05 -73569 155.81782
3.4 289.64081 -551.22259 51647.306 -67903.4 5711.07 -73614.5 155.11195
3.41 283.82575 -231.68978 51600.486 -68014.1 5596.41 -73610.5 155.48166
3.42 281.12683 -148.52541 51471.196 -68066.1 5543.19 -73609.3 155.82607
3.43 294.87877 -819.57625 51793.235 -67628.3 5814.35 -73442.7 155.77693
3.44 291.36933 -352.09882 51698.713 -67895.7 5745.15 -73640.8 155.59122
3.45 294.01409 214.89862 51314.468 -68079.9 5797.3 -73877.3 155.20074
3.46 291.77041 -940.16047 51837.241 -67887.6 5753.06 -73640.6 155.5767
3.47 286.45826 -1152.8768 51924.431 -68069.4 5648.32 -73717.7 156.24309
3.48 294.92003 -209.37734 51451.433 -67825.3 5815.17 -73640.5 155.16981
3.49 289.28497 -714.44342 51649.905 -68046.9 5704.06 -73751 155.93007
3.5 296.35506 -895.86755 51844.015 -67777.9 5843.46 -73621.4 156.46305
3.51 285.07606 -430.37664 51547.898 -67962.6 5621.06 -73583.7 155.50157
3.52 285.00956 -473.11666 51750.082 -67707.7 5619.75 -73327.5 156.44068
3.53 293.9381 -59.733519 51436.648 -67987.3 5795.8 -73783.1 155.36107
3.54 289.22944 -424.93887 51602.739 -68077.6 5702.96 -73780.6 156.15817
3.55 299.02098 -754.8803 51866.562 -67682.7 5896.03 -73578.8 156.81871
3.56 290.11226 -123.56832 51578.772 -67911.1 5720.37 -73631.5 156.23981
3.57 296.53267 -115.07259 51566.52 -67877 5846.96 -73724 156.13176
3.58 283.7519 -618.38429 51730.134 -67681.9 5594.96 -73276.9 156.1856
3.59 286.61843 -65.851508 51613.541 -67827.6 5651.48 -73479 156.32627
3.6 287.93789 -602.853 51745.536 -68075.5 5677.49 -73753 156.67184
3.61 291.16068 -893.73677 51888.668 -67735.1 5741.04 -73476.2 156.2747
3.62 289.50699 -247.6115 51614.439 -67881 5708.43 -73589.4 155.85932
3.63 283.05872 -381.10078 51684.925 -68218.5 5581.29 -73799.8 156.05391
3.64 290.02414 -326.92552 51675.955 -67862.3 5718.63 -73580.9 155.80208
3.65 280.24919 -524.90249 51645.637 -68375.9 5525.89 -73901.8 155.18704
3.66 290.1912 -253.3091 51561.409 -67804 5721.92 -73526 155.48328
3.67 288.96963 -489.70567 51606.277 -67888 5697.84 -73585.8 155.83252
3.68 285.00711 -361.94402 51542.205 -67953.7 5619.71 -73573.5 155.51641
3.69 276.64063 -102.9254 51346.083 -67812.7 5454.74 -73267.4 154.971
3.7 288.5437 -350.53759 51619.949 -68034.3 5689.44 -73723.8 155.82015
3.71 299.34024 -631.59976 51753.891 -67615.6 5902.32 -73517.9 155.85802
3.72 285.50801 -420.30484 51601.257 -67982.6 5629.58 -73612.1 155.15053
3.73 294.44506 -893.88495 51846.993 -67575.5 5805.8 -73381.3 156.2284
3.74 287.22155 -381.2759 51555.862 -67886 5663.37 -73549.3 155.8167
3.75 293.97676 -497.01288 51735.267 -67783.7 5796.57 -73580.2 156.2781
3.76 294.54734 -907.97912 51977.802 -67692 5807.82 -73499.9 156.39918
3.77 291.62055 -755.17443 51888.082 -67966.3 5750.11 -73716.4 156.62455
3.78 282.65439 -676.26842 51828.872 -67929.7 5573.31 -73503.1 156.4461
3.79 288.12166 -656.0795 51824.443 -68093.4 5681.12 -73774.5 156.26835
3.8 291.24042 -71.469381 51491.502 -67760.8 5742.61 -73503.4 155.72339
3.81 285.65774 -719.91994 51738.724 -67728.5 5632.53 -73361 155.90248
3.82 288.74583 -816.25126 51800.705 -67836.3 5693.42 -73529.7 156.28762
3.83 291.55503 -470.53465 51634.015 -67964.3 5748.82 -73713.1 155.91497
3.84 303.28366 -911.3037 52003.603 -67601.9 5980.08 -73582 156.73987
3.85 290.13192 -173.88482 51561.111 -67969.3 5720.76 -73690 155.49056
3.86 295.92058 -130.93621 51554.412 -67608.2 5834.89 -73443.1 155.64924
3.87 288.23019 -375.34902 51605.159 -67943.2 5683.26 -73626.5 155.35821
3.88 291.26262 -91.394421 51612.955 -67687.3 5743.05 -73430.4 155.86217
3.89 288.32107 37.269609 51462.117 -68063.3 5685.05 -73748.3 155.59973
3.9 286.9184 -795.99674 51881.13 -67757.7 5657.39 -73415.1 156.39827
3.91 273.00518 -816.98593 51775.55 -68209.4 5383.05 -73592.5 156.04655
3.92 294.30877 -224.18047 51592.816 -68028.5 5803.11 -73831.6 155.84249
3.93 279.34646 -781.50254 51831.297 -68075 5508.09 -73583.1 156.41074
3.94 298.8406 -851.34222 51951.512 -67494.5 5892.47 -73387 156.44417
3.95 290.60191 -707.39204 51758.018 -67907.8 5730.02 -73637.8 155.99484
3.96 298.17689 -643.25956 51738.294 -67905.6 5879.38 -73785 155.93356
3.97 287.74997 -514.25847 51834.596 -67771.1 5673.79 -73444.9 156.61925
3.98 277.96858 -707.07644 51826.893 -68134 5480.92 -73614.9 156.39464
3.99 294.8988 -520.57915 51788.498 -67694.1 5814.75 -73508.9 155.99672
4 281.07511 -814.37008 51854.192 -68140.4 5542.17 -73682.6 156.3939
4.01 288.26997 -775.34394 51844.15 -67842.1 5684.04 -73526.1 156.38227
4.02 279.46664 -621.71568 51770.512 -68100.3 5510.46 -73610.8 156.40752
4.03 287.02144 -643.68005 51749.631 -67825.3 5659.42 -73484.8 156.07042
4.04 288.52738 -420.31832 51705.12 -68073.9 5689.12 -73763 155.93646
4.05 287.17507 -531.23448 51683.424 -67962.4 5662.45 -73624.9 155.98713
4.06 293.63537 -1157.1648 51993.527 -67937.3 5789.84 -73727.1 156.60769
4.07 286.17615 -553.30169 51630.89 -67752.8 5642.76 -73395.5 156.13783
4.08 286.04571 -735.05428 51763.815 -68145.8 5640.18 -73786 156.16313
4.09 284.40989 -525.35975 51709.425 -67757.5 5607.93 -73365.4 156.52903
4.1 288.95134 -39.743707 51553.237 -68080.7 5697.48 -73778.2 156.29288
4.11 286.75194 -517.76206 51697.672 -68036.3 5654.11 -73690.4 156.08408
4.12 287.3765 -682.45355 51714.196 -67793.6 5666.42 -73460 156.19132
4.13 290.95406 -659.5419 51819.661 -67898.1 5736.97 -73635.1 156.56763
4.14 302.04333 -421.23275 51692.09 -67647.3 5955.62 -73603 156.43879
4.15 291.12855 -492.94515 51667.126 -67876 5740.41 -73616.4 155.84488
4.16 295.22963 -923.30178 51905.32 -67681.3 5821.27 -73502.6 156.39336
4.17 278.49582 -669.71458 51690.767 -68251.8 5491.32 -73743.1 155.9757
4.18 285.11749 -456.95628 51745.791 -67765.7 5621.88 -73387.6 156.21616
4.19 287.91308 -435.52445 51748.891 -67811.2 5677 -73488.2 156.51724
4.2 287.58988 -889.35604 51907.063 -67727.6 5670.63 -73398.2 156.36057
4.21 291.77129 -492.40106 51799.916 -67888.5 5753.08 -73641.6 156.42259
4.22 286.83429 -229.05584 51502.436 -68153.2 5655.73 -73808.9 155.83434
4.23 288.4065 -569.1174 51658.917 -67814.8 5686.73 -73501.6 156.00515
4.24 285.09994 -1000.3824 51835.157 -68052.8 5621.54 -73674.3 156.01589
4.25 289.89027 -787.82402 51785.705 -67822.6 5715.99 -73538.6 156.46816
4.26 283.32267 -1033.9321 51875.272 -67913.6 5586.49 -73500.1 156.5862
4.27 287.28944 -462.11549 51540.935 -67895.6 5664.71 -73560.3 155.93042
4.28 289.00785 -449.78649 51611.755 -67827.4 5698.59 -73526 155.72817
4.29 287.75926 -217.31255 51586.33 -67730.3 5673.97 -73404.3 156.12692
4.3 295.71365 -461.05324 51638.383 -67730.3 5830.81 -73561.1 156.06579
4.31 290.70436 -485.57063 51663.212 -68114.4 5732.04 -73846.4 156.1428
4.32 286.13735 -381.05758 51539.273 -67794.1 5641.99 -73436.1 155.67008
4.33 283.34629 -426.28792 51564.348 -67971.9 5586.96 -73558.9 155.83184
4.34 296.8835 -190.10419 51592.768 -67768.3 5853.88 -73622.2 156.06604
4.35 287.86774 28.96018 51397.354 -67914.6 5676.11 -73590.8 155.40167
4.36 285.80759 -306.2119 51639.662 -67872.2 5635.49 -73507.6 156.15706
4.37 294.18194 -725.60251 51736.813 -67865.1 5800.61 -73665.7 155.99316
4.38 287.78564 -376.17392 51551.278 -67698.8 5674.49 -73373.2 155.91952
4.39 291.83156 -593.10427 51657.136 -67994.6 5754.27 -73748.9 156.07875
4.4 286.34902 -378.27752 51553.289 -67925.3 5646.16 -73571.4 155.70949
4.41 286.10829 -273.86896 51505.02 -67860.1 5641.42 -73501.5 155.98871
4.42 280.67732 -245.84336 51525.696 -68060.8 5534.33 -73595.1 155.92856
4.43 290.45369 -396.38138 51570.792 -67830.5 5727.1 -73557.6 155.86569
4.44 285.2362 -242.71281 51575.15 -67683.9 5624.22 -73308.2 155.87319
4.45 284.66136 -1102.068 51867.942 -67948.9 5612.89 -73561.8 156.21389
4.46 299.90375 -739.91572 51730.1 -67614 5913.43 -73527.4 156.21398
4.47 291.97504 -491.26102 51573.611 -68033.8 5757.1 -73790.9 155.74314
4.48 291.96268 -440.56789 51673.082 -67771.3 5756.85 -73528.2 156.30994
4.49 283.06421 -263.43846 51540.225 -68065.7 5581.4 -73647.1 156.13452
4.5 284.26293 -353.42326 51666.102 -67916.5 5605.03 -73521.5 156.18853
4.51 278.19345 -773.79827 51779.91 -68070.6 5485.35 -73555.9 156.27413
4.52 295.51658 -449.70778 51625.144 -67867.3 5826.93 -73694.3 156.27677
4.53 279.53099 -540.02071 51620.212 -67908.8 5511.73 -73420.5 156.2475
4.54 296.3515 -586.39594 51714.492 -67636.2 5843.39 -73479.6 156.51542
4.55 296.06449 98.286441 51415.354 -67961.7 5837.73 -73799.4 156.16285
4.56 296.22427 -448.42959 51664.458 -67818.1 5840.88 -73659 156.2445
4.57 280.82236 -969.34287 51840.986 -67849.1 5537.19 -73386.3 156.53404
4.58 291.17936 -179.73344 51495.127 -67877.6 5741.41 -73619 156.07008
4.59 296.47037 -354.41736 51615.838 -67883.4 5845.74 -73729.1 156.37379
4.6 285.47844 -1005.1819 51871.082 -67949.3 5629 -73578.3 156.67497
4.61 294.03111 -347.79871 51625.059 -67652.2 5797.64 -73449.9 156.29209
4.62 284.55399 -488.13759 51663.747 -67904.2 5610.77 -73514.9 155.96367
4.63 287.40451 -481.67178 51698.028 -67897.5 5666.98 -73564.4 156.51124
4.64 295.42704 -745.37432 51780.936 -68079.4 5825.16 -73904.6 156.45605
4.65 288.61745 -549.76599 51751.931 -67773.5 5690.89 -73464.4 156.22671
4.66 287.09577 -1007.4054 51908.711 -67933.3 5660.89 -73594.2 156.8048
4.67 298.0648 -752.49556 51770.018 -67587.5 5877.17 -73464.7 156.71092
4.68 291.55664 -194.59365 51478.526 -67953.2 5748.85 -73702.1 155.99504
4.69 295.88071 -1062.2928 52007.022 -67636.4 5834.11 -73470.5 157.17088
4.7 291.47422 -649.38636 51692.175 -68077.1 5747.22 -73824.3 156.55707
4.71 295.09019 -482.22592 51645.307 -67796.7 5818.52 -73615.2 156.66219
4.72 283.1108 -371.95498 51561.063 -68127.5 5582.31 -73709.8 156.18141
4.73 301.18851 -797.80094 51904.827 -67682.6 5938.77 -73621.3 157.30899
4.74 290.54606 -581.31224 51677.271 -68036.9 5728.92 -73765.8 156.23803
4.75 296.51433 -521.12117 51712.35 -67802.8 5846.6 -73649.4 156.47982
4.76 287.64172 -657.52116 51781.578 -68024.4 5671.65 -73696 156.61743
4.77 293.71458 -269.03775 51627.869 -67957.1 5791.4 -73748.5 156.22806
4.78 278.72945 -273.45714 51605.865 -68150.4 5495.92 -73646.3 156.16076
4.79 287.8855 -785.14601 51806.952 -67802.1 5676.46 -73478.5 156.71337
4.8 283.81671 -643.5896 51794.117 -68065.9 5596.23 -73662.1 157.05822
4.81 292.58421 -430.74414 51635.989 -67709 5769.11 -73478.1 156.50023
4.82 293.81325 -271.93468 51598.695 -67692.4 5793.34 -73485.7 156.42404
4.83 287.031 -576.92428 51784.313 -68017.3 5659.61 -73676.9 156.87684
4.84 288.23772 -516.74865 51678.493 -67788.1 5683.41 -73471.5 156.74784
4.85 284.12425 -631.7872 51783.799 -68033.4 5602.3 -73635.7 156.5216
4.86 281.15755 46.200909 51513.663 -67821.8 5543.8 -73365.6 156.26923
4.87 284.10946 -209.23627 51533.155 -68183.2 5602.01 -73785.2 156.32794
4.88 298.69246 -732.81336 51848.915 -67881.1 5889.55 -73770.7 156.68792
4.89 289.56281 -651.67882 51693.391 -68258.6 5709.53 -73968.2 156.40719
4.9 292.71069 -188.90529 51561.386 -67756.2 5771.6 -73527.9 156.44135
4.91 287.42518 -759.08705 51804.453 -68047.1 5667.38 -73714.5 157.03738
4.92 297.44183 -303.95235 51557.609 -67667.8 5864.89 -73532.7 156.26544
4.93 289.50665 -143.40844 51472.441 -67908.9 5708.43 -73617.3 156.28759
4.94 289.27478 -549.05267 51565.041 -67800.7 5703.85 -73504.5 156.08511
4.95 292.07059 -318.85394 51564.02 -67892.8 5758.98 -73651.8 156.23141
4.96 287.77866 -258.98815 51506.24 -67895.4 5674.35 -73569.7 156.45155
4.97 307.1676 -738.53588 51798.401 -67479.1 6056.66 -73535.7 157.0709
4.98 282.61509 -372.00772 51654.613 -68045.3 5572.54 -73617.9 156.78621
4.99 289.05282 -1223.3332 52012.137 -67679.3 5699.48 -73378.8 156.97284
5 287.55444 -109.6239 51536.657 -67863.6 5669.93 -73533.5 156.41111
5.01 291.32838 -291.08641 51516.924 -67870.4 5744.35 -73614.7 156.4649
5.02 292.17029 -62.819877 51404.458 -67795.4 5760.95 -73556.3 155.95546
5.03 288.22742 -559.2295 51652.266 -67994.8 5683.2 -73678 156.33251
5.04 288.57457 -407.11704 51542.174 -67956.9 5690.05 -73646.9 156.44446
5.05 292.18015 -572.34519 51624.927 -67912 5761.14 -73673.2 156.5245
5.06 295.589 -196.52372 51465.928 -67812.2 5828.36 -73640.5 156.20501
5.07 289.61781 14.920482 51392.793 -68049.7 5710.62 -73760.4 155.84519
5.08 290.04947 -285.81663 51592.203 -67745.9 5719.13 -73465.1 156.29139
5.09 285.53214 -581.80465 51606.949 -68134.1 5630.06 -73764.2 156.35642
5.1 298.46376 -550.62719 51737.359 -67819.6 5885.04 -73704.7 156.75003
5.11 280.56235 -737.70951 51805.465 -68052.6 5532.06 -73584.7 156.71576
5.12 291.85908 -470.3374 51678.408 -67735.5 5754.81 -73490.3 156.66444
5.13 296.13241 -339.52941 51607.54 -67746.3 5839.07 -73585.3 156.23505
5.14 282.48815 -720.3218 51795.548 -68028.6 5570.04 -73598.6 156.63228
5.15 288.40403 -855.93301 51735.802 -67833.6 5686.68 -73520.3 156.48705
5.16 281.51576 -147.41649 51459.929 -67971 5550.86 -73521.9 155.98679
5.17 295.58489 -184.81602 51637.41 -67730.7 5828.28 -73558.9 156.66868
5.18 295.60228 -474.42853 51739.554 -67843 5828.62 -73671.6 156.78519
5.19 289.89136 -118.80321 51593.011 -67910.9 5716.01 -73626.9 156.62352
5.2 297.96459 -285.25937 51567.783 -67624.7 5875.2 -73499.9 156.38428
5.21 284.32545 -788.26639 51717.132 -68101 5606.26 -73707.2 156.40192
5.22 292.63809 -37.587885 51436.089 -67851.2 5770.17 -73621.4 155.72443
5.23 285.43365 -192.86637 51414.384 -67931.8 5628.12 -73559.9 155.92767
5.24 283.88677 -195.05451 51602.271 -67889 5597.61 -73486.6 156.30888
5.25 296.79836 -1178.6272 51941.45 -67737.6 5852.2 -73589.8 156.95425
5.26 289.31065 5.5885733 51294.299 -67897.4 5704.56 -73602 155.51377
5.27 297.14932 -389.62512 51526.271 -67547.5 5859.12 -73406.7 156.53217
5.28 288.51582 -445.55912 51584.881 -67903.9 5688.89 -73592.8 156.23857
5.29 296.34165 -482.82585 51783.036 -67550.7 5843.2 -73393.9 157.20572
5.3 286.4518 -296.42107 51557.36 -67980.9 5648.19 -73629.1 156.83619
5.31 276.93285 -252.07528 51535.421 -68189 5460.5 -73649.5 156.50864
5.32 289.69127 -728.57851 51766.532 -67787.8 5712.07 -73499.8 156.88157
5.33 282.89777 -888.71039 51850.349 -68130.1 5578.11 -73708.2 156.98878
5.34 288.58019 -410.8057 51568.691 -67658.1 5690.16 -73348.3 156.33429
5.35 297.62604 -225.56259 51548.121 -67973.7 5868.52 -73842.2 156.36896
5.36 299.86254 -611.75477 51702.248 -67676 5912.62 -73588.6 156.25526
5.37 286.96284 -833.77595 51763.448 -67865.3 5658.27 -73523.6 156.67451
5.38 283.64175 -420.98553 51657.871 -68054.8 5592.78 -73647.6 156.3351
5.39 286.23988 -930.42695 51841.945 -67763.6 5644.01 -73407.6 156.91276
5.4 288.99651 -624.37093 51738.25 -67937.5 5698.37 -73635.9 156.61625
5.41 290.09861 -343.03077 51567.772 -67870.1 5720.1 -73590.2 156.45057
5.42 292.43614 -547.83202 51650.57 -67682.4 5766.19 -73448.6 156.5993
5.43 277.79281 -791.66304 51834.243 -68319.1 5477.46 -73796.6 157.20393
5.44 296.56785 -288.97289 51589.08 -67750.3 5847.66 -73597.9 156.60539
5.45 283.19829 -728.36712 51728.538 -68042.6 5584.04 -73626.6 156.74118
5.46 291.86967 -93.802183 51461.325 -67886.5 5755.02 -73641.5 156.2601
5.47 289.35359 -130.50361 51536.032 -67858 5705.41 -73563.4 156.34176
5.48 289.55951 -261.49254 51576.043 -67674.1 5709.47 -73383.6 156.27879
5.49 286.44679 -347.56674 51548.737 -67983 5648.09 -73631.1 156.1506
5.5 282.38667 -506.67659 51622.381 -67929.6 5568.04 -73497.6 156.60273
5.51 297.41495 69.368308 51374.901 -67890.2 5864.36 -73754.6 155.8471
5.52 280.88069 -604.24103 51567.912 -68066.2 5538.34 -73604.6 156.57196
5.53 291.66786 -536.23497 51656.597 -67760.7 5751.04 -73511.8 156.73764
5.54 290.79161 -745.29292 51789.388 -67933.5 5733.76 -73667.3 156.55137
5.55 303.22612 -333.37667 51642.8 -67742.1 5978.94 -73721 156.54449
5.56 279.09159 -932.48933 51753.765 -67965.8 5503.06 -73468.9 156.71882
5.57 297.28525 -845.16789 51774.435 -67650.6 5861.8 -73512.4 156.85016
5.58 290.50968 -280.58267 51492.574 -67722.5 5728.2 -73450.7 156.02279
5.59 281.52829 -775.59382 51774.58 -67968.3 5551.11 -73519.4 156.59199
5.6 292.97692 -784.78218 51767.214 -67649.5 5776.85 -73426.4 156.54388
5.61 295.83207 -497.90585 51645.21 -67755.9 5833.15 -73589.1 156.70011
5.62 292.26991 -982.04519 51842.294 -67794.5 5762.91 -73557.4 157.04679
5.63 297.62835 -585.44889 51616.007 -67901.1 5868.57 -73769.7 156.91609
5.64 277.87671 134.43092 51300.799 -68220 5479.11 -73699.1 156.14932
5.65 295.13506 -195.93794 51442.373 -67660.8 5819.41 -73480.2 156.28076
5.66 288.75631 -184.75099 51471.162 -67917.4 5693.63 -73611.1 156.23511
5.67 299.77591 -864.19081 51849.206 -67542 5910.91 -73452.9 156.82292
5.68 287.2789 -288.36702 51571.088 -67820.3 5664.5 -73484.8 156.78517
5.69 283.52354 -307.85549 51454.94 -68133.5 5590.45 -73724 156.48072
5.7 288.90857 -724.83242 51710.357 -67744.8 5696.63 -73441.4 156.74102
5.71 288.27847 -585.55379 51649.306 -68031.9 5684.21 -73716.1 157.07513
5.72 288.02798 -369.96995 51500.889 -67756.3 5679.27 -73435.5 156.50693
5.73 294.19814 -286.721 51502.44 -67703.2 5800.93 -73504.2 156.35769
5.74 285.14862 -491.63323 51523.171 -67883.3 5622.5 -73505.8 156.5844
5.75 290.14375 -637.06713 51671.881 -67762 5720.99 -73483 157.20225
5.76 276.54944 -534.60703 51676.043 -68159.2 5452.94 -73612.2 156.56398
5.77 293.66708 -147.13138 51415.883 -67779.5 5790.46 -73570 155.97992
5.78 283.26875 -183.5128 51512.803 -68255 5585.43 -73840.4 156.33154
5.79 289.34496 -197.32126 51545.92 -67964.5 5705.24 -73669.7 156.4238
5.8 278.88507 -364.17499 51615.029 -68057.8 5498.99 -73556.8 156.71298
5.81 299.48343 -778.4041 51860.263 -67578.2 5905.15 -73483.4 157.43551
5.82 284.34283 -612.21182 51772.226 -67901.1 5606.61 -73507.7 157.35999
5.83 291.17876 -415.39515 51633.097 -67963.9 5741.4 -73705.3 156.98234
5.84 294.39119 -661.4113 51816.002 -67781.8 5804.74 -73586.5 157.20076
5.85 275.46307 -562.94664 51771.951 -68066.6 5431.52 -73498.1 157.47215
5.86 289.43778 44.389623 51518.724 -67826.9 5707.07 -73534 156.69225
5.87 292.81557 -627.08108 51755.114 -67827.6 5773.67 -73601.2 157.12651
5.88 285.39154 -524.79673 51633.857 -68153.9 5627.29 -73781.2 156.57598
5.89 295.01944 -514.90127 51655.749 -67901.3 5817.13 -73718.5 157.07725
5.9 289.03938 -332.13618 51668.647 -68048.9 5699.21 -73748.1 156.66472
5.91 287.11167 -686.86658 51733.706 -68056.4 5661.2 -73717.6 156.83753
5.92 289.79932 -44.711621 51418.474 -68000.8 5714.2 -73715 156.40819
5.93 283.33686 -402.36899 51693.123 -68008.4 5586.77 -73595.2 156.57096
5.94 290.44122 -357.90126 51778.869 -67824 5726.85 -73550.9 157.19474
5.95 288.88588 -859.13144 51788.7 -68038.5 5696.19 -73734.7 156.77895
5.96 285.75874 254.38354 51373.545 -67900.9 5634.53 -73535.4 156.43
5.97 288.37154 -743.14651 51741.285 -67974 5686.04 -73660 156.92461
5.98 293.94744 -512.80549 51633.739 -67881.9 5795.99 -73677.9 156.83594
5.99 281.56654 -536.31735 51732.571 -68143.6 5551.87 -73695.4 157.1093
6 293.55261 -710.42654 51812.236 -67918.2 5788.2 -73706.4 156.91102
6.01 287.13046 -852.26034 51871.412 -67930.5 5661.57 -73592.1 157.46475
6.02 296.7473 -562.98869 51771.444 -67477.8 5851.2 -73329 156.82841
6.03 285.78998 -420.97713 51643.795 -68069.4 5635.14 -73704.6 156.5895
6.04 281.16268 -558.80807 51725.347 -67967.5 5543.9 -73511.4 157.01985
6.05 283.5083 -540.32563 51724.847 -68012.7 5590.15 -73602.8 156.82802
6.06 301.89767 -698.31648 51868.312 -67420.2 5952.75 -73373 157.46147
6.07 297.9148 -462.69116 51627.148 -67977.8 5874.22 -73852 156.82334
6.08 291.73016 -261.58064 51634.731 -67641.5 5752.27 -73393.8 156.76245
6.09 292.66894 -755.10915 51835.474 -68046.7 5770.78 -73817.4 157.29243
6.1 286.00582 -549.40749 51777.318 -68195.1 5639.4 -73834.5 157.23099
6.11 286.41382 -528.4895 51728.646 -67808.1 5647.44 -73455.5 157.15101
6.12 281.46778 -797.94971 51791.274 -68186 5549.92 -73735.9 157.46032
6.13 280.6594 -414.6993 51584.496 -67897.9 5533.98 -73431.9 156.64751
6.14 291.52925 -218.77979 51590.968 -67901.3 5748.31 -73649.6 156.93852
6.15 274.28644 -356.71714 51588.902 -68164.7 5408.32 -73573 157.07024
6.16 289.7684 -395.46953 51609.946 -67771.4 5713.59 -73485 156.73654
6.17 295.12871 -315.41982 51520.981 -67727.2 5819.28 -73546.5 156.88471
6.18 290.32028 -553.42451 51709.623 -67831.9 5724.47 -73556.3 157.45658
6.19 283.89962 -808.16066 51833.183 -67733.6 5597.87 -73331.5 157.48203
6.2 287.80176 -352.02905 51583.455 -67803.1 5674.81 -73477.9 156.95753
6.21 288.3256 -772.51694 51741.644 -68015 5685.14 -73700.2 156.79322
6.22 282.48885 -314.72785 51476.011 -67883 5570.05 -73453 156.34261
6.23 295.50552 -1043.0454 52007.099 -67756.1 5826.71 -73582.8 157.28357
6.24 278.96305 -493.97313 51682.318 -68183.2 5500.53 -73683.7 156.52371
6.25 283.73475 26.497924 51423.967 -67871.4 5594.62 -73466.1 156.19475
6.26 282.87817 -399.16607 51576.246 -67985.6 5577.73 -73563.4 156.8238
6.27 294.41426 -681.3828 51796.806 -67350.9 5805.19 -73156 157.1213
6.28 295.23928 -482.08843 51591.73 -67930.1 5821.46 -73751.5 156.489
6.29 288.22891 -562.88759 51597.099 -67581.4 5683.23 -73264.6 156.33036
6.3 292.89953 -739.99801 51706.38 -67809 5775.33 -73584.3 156.60743
6.31 287.61197 -324.96602 51502.101 -67945 5671.07 -73616 156.04962
6.32 283.9184 -288.2457 51536.082 -67911.9 5598.24 -73510.1 156.62173
6.33 286.44696 -464.84501 51694.581 -67720.3 5648.1 -73368.4 156.72347
6.34 276.10812 -540.06674 51475.561 -68235.1 5444.24 -73679.3 155.8581
6.35 290.94302 -111.93812 51377.414 -67864.3 5736.75 -73601.1 155.974
6.36 282.04718 -812.27887 51798.523 -68316.9 5561.34 -73878.2 156.76062
6.37 290.87345 -273.25596 51505.507 -67913.3 5735.38 -73648.7 156.37008
6.38 291.79292 -640.21285 51764.333 -67859.3 5753.51 -73612.8 156.84737
6.39 277.99834 -629.67247 51604.376 -68184.4 5481.51 -73665.9 156.37672
6.4 287.5422 -755.33396 51676.578 -67754.3 5669.69 -73424 156.79135
6.41 283.77735 -679.1002 51681.791 -68060.1 5595.46 -73655.6 156.79492
6.42 283.03204 -479.48844 51638.77 -67854 5580.76 -73434.8 156.22378
6.43 291.16149 -854.75134 51720.635 -67896.3 5741.06 -73637.3 156.56353
6.44 281.7348 -383.53141 51522.307 -68215.5 5555.18 -73770.7 156.38071
6.45 288.20179 -893.8816 51889.897 -67707.9 5682.7 -73390.6 156.84898
6.46 284.37964 -1075.0474 51968.502 -68051.5 5607.33 -73658.8 156.95384
6.47 285.77076 -34.602489 51419.573 -67798.4 5634.76 -73433.2 156.65168
6.48 288.5941 -718.72277 51722.525 -67936.3 5690.43 -73626.8 156.33486
6.49 275.99729 -268.10856 51635.071 -68237.1 5442.05 -73679.2 156.69847
6.5 300.60509 -234.7527 51506.371 -67635.5 5927.26 -73562.8 156.41158
6.51 281.17973 -867.50234 51771.929 -67717.5 5544.24 -73261.7 156.76779
6.52 278.36044 -480.88971 51498.096 -68095.7 5488.65 -73584.3 156.20052
6.53 298.27969 -419.66209 51694.406 -67745.9 5881.41 -73627.3 156.68719
6.54 281.56921 -411.44394 51541.642 -68084.7 5551.92 -73636.6 156.06517
6.55 292.93798 -571.05563 51669.885 -67850.8 5776.08 -73626.9 156.88904
6.56 287.16793 -504.15472 51702.456 -68133.4 5662.31 -73795.7 156.56367
6.57 287.36853 -441.73089 51652.358 -67887.2 5666.27 -73553.4 156.28551
6.58 279.19485 -456.92144 51605.134 -68271.8 5505.1 -73776.9 156.17474
6.59 287.86966 -105.95407 51587.545 -67945.8 5676.15 -73622 156.59876
6.6 282.24728 -387.82967 51566.322 -67998.4 5565.29 -73563.7 156.38313
6.61 290.82551 -195.49905 51591.799 -67863.3 5734.43 -73597.7 156.76882
6.62 291.97149 -528.79542 51692.934 -67922.1 5757.03 -73679.1 156.75048
6.63 299.82889 -550.48457 51679.416 -67666.6 5911.96 -73578.6 156.70414
6.64 289.11866 -248.08152 51633.849 -67893.3 5700.78 -73594.1 156.87337
6.65 301.13494 -380.98248 51599.465 -67625.9 5937.71 -73563.6 156.27079
6.66 286.28736 -634.54108 51745.72 -68024.4 5644.95 -73669.3 156.14769
6.67 288.66441 -737.3436 51796.027 -67818.3 5691.82 -73510.1 156.60399
6.68 288.7433 -670.98787 51744.679 -67871.9 5693.37 -73565.3 156.5785
6.69 278.82026 -777.01603 51778.07 -68206.2 5497.71 -73703.9 156.73361
6.7 290.09291 -440.77162 51635.264 -67745.4 5719.99 -73465.4 156.53192
6.71 281.51499 -178.99434 51482.733 -67901.2 5550.85 -73452.1 156.1461
6.72 297.36802 -203.19883 51575.502 -67701 5863.44 -73564.5 156.49742
6.73 294.09271 -957.9141 51883.201 -67800.7 5798.85 -73599.6 157.01826
6.74 301.15131 -775.18658 51811.951 -67496.8 5938.03 -73434.8 156.92932
6.75 289.63686 -440.57802 51686.616 -67931.5 5710.99 -73642.5 156.68951
6.76 297.98952 130.81005 51330.701 -67664.7 5875.69 -73540.4 155.61682
6.77 280.16621 -539.16844 51685.14 -67964 5524.25 -73488.3 156.4203
6.78 290.7422 -933.73214 51904.219 -67783.9 5732.79 -73516.7 156.97564
6.79 286.5276 -366.39503 51577.027 -68167.6 5649.69 -73817.3 156.25752
6.8 290.01048 -565.98134 51775.91 -67835.6 5718.36 -73554 156.56956
6.81 284.50037 -467.86928 51660.84 -68077.4 5609.71 -73687.1 156.50052
6.82 288.38241 -524.19505 51620.808 -67655.5 5686.26 -73341.7 156.15948
6.83 283.44814 -749.22282 51622.037 -67951.5 5588.97 -73540.5 156.49689
6.84 289.48943 -728.56792 51656.888 -67747.1 5708.09 -73455.2 156.53617
6.85 289.37261 -743.78129 51760.238 -67910.1 5705.78 -73615.9 156.52295
6.86 302.6213 -768.77142 51810.755 -67496.1 5967.02 -73463.1 156.55092
6.87 283.63088 -591.8875 51638.258 -67919.9 5592.57 -73512.4 156.26084
6.88 292.65446 -566.2899 51670.255 -67674.3 5770.49 -73444.8 156.16467
6.89 297.63615 -360.02864 51589.187 -67740.4 5868.72 -73609.1 156.18977
6.9 291.63603 -671.58572 51707.351 -67940.6 5750.41 -73691 156.5277
6.91 291.29818 -21.378956 51479.795 -67853.9 5743.75 -73597.7 156.2892
6.92 292.55354 -541.09171 51627.433 -67712.9 5768.5 -73481.4 155.8639
6.93 293.17418 -359.26444 51558.698 -67964.3 5780.74 -73745.1 155.99318
6.94 290.98041 -1102.2832 51955.278 -67797 5737.49 -73534.5 156.80063
6.95 287.48541 -582.94359 51707.347 -67742.1 5668.57 -73410.7 156.38315
6.96 294.24304 -266.10588 51490.499 -67928.9 5801.82 -73730.7 155.97893
6.97 305.04311 -234.66236 51554.69 -67705.9 6014.77 -73720.6 156.11324
6.98 287.6749 -547.22367 51625.956 -68025.4 5672.31 -73697.7 155.97696
6.99 282.86592 -600.85473 51642.311 -68087.3 5577.49 -73664.8 156.21588
7 294.42296 -334.24803 51560.839 -67460.9 5805.36 -73266.3 156.34834
7.01 284.25973 -624.23836 51613.298 -67955.5 5604.97 -73560.5 156.37956
7.02 283.6168 -524.75292 51517.688 -68196 5592.29 -73788.3 156.1078
7.03 290.92525 -215.90906 51388.257 -67752 5736.4 -73488.4 156.07967
7.04 272.34128 -905.31232 51702.326 -68393.2 5369.96 -73763.2 156.57319
7.05 294.50859 -533.15411 51593.851 -67809.1 5807.05 -73616.2 156.48989
7.06 290.87305 -362.22839 51461.251 -67849.8 5735.37 -73585.2 156.40037
7.07 293.53739 -602.3461 51642.847 -67674.9 5787.9 -73462.8 156.68448
7.08 294.48643 -241.73794 51473.176 -67540.7 5806.62 -73347.4 156.12121
7.09 298.81512 -734.89371 51743.358 -67750.7 5891.97 -73642.6 156.55726
7.1 280.10488 -537.53357 51690.356 -67806.4 5523.04 -73329.4 156.56287
7.11 289.90732 -496.60787 51645.486 -67886.2 5716.33 -73602.6 156.50003
7.12 287.70639 -951.8782 51873.244 -67787.7 5672.93 -73460.7 156.96023
7.13 295.27066 -496.68239 51729.336 -67686 5822.08 -73508.1 156.71112
7.14 271.66471 -501.72443 51591.451 -68186.5 5356.62 -73543.1 156.83562
7.15 294.45256 -437.62076 51696.296 -67852.1 5805.95 -73658.1 157.00743
7.16 291.86562 -822.09684 51803.585 -68103.3 5754.94 -73858.2 157.24839
7.17 284.16403 -290.82707 51565.701 -67955.9 5603.08 -73559 156.63873
7.18 289.28474 -711.03568 51770.498 -67825.6 5704.05 -73529.6 156.99715
7.19 284.81189 -315.28086 51575.795 -68014.5 5615.86 -73630.4 156.44958
7.2 292.12174 -1019.2815 51798.192 -67627.8 5759.99 -73387.8 156.35506
7.21 285.23366 -518.78102 51660.302 -67991 5624.17 -73615.2 156.91358
7.22 301.34406 -79.089247 51466.538 -67543.6 5941.83 -73485.4 156.67299
7.23 281.88209 -816.01802 51728.62 -67859.5 5558.09 -73417.6 157.09737
7.24 292.31578 -389.25803 51575.062 -67671.4 5763.82 -73435.2 156.13691
7.25 285.97977 -756.63764 51758.724 -67980.5 5638.88 -73619.4 156.96504
7.26 285.17149 -636.75057 51691.52 -68092.6 5622.95 -73715.5 156.6952
7.27 291.91394 -580.39844 51607.221 -67828.4 5755.89 -73584.3 156.41664
7.28 282.00734 -105.97834 51533.583 -68224.5 5560.56 -73785 156.29185
7.29 291.73462 -561.89526 51745.2 -67793.1 5752.36 -73545.5 156.98093
7.3 288.01754 -424.21127 51627.492 -68013.8 5679.06 -73692.9 156.75649
7.31 292.22776 -547.16174 51732.752 -67556 5762.08 -73318.1 156.7608
7.32 289.68081 -525.24321 51652.784 -67887.7 5711.86 -73599.5 156.57254
7.33 279.33123 -291.14291 51567.9 -68035.7 5507.79 -73543.5 157.09489
7.34 286.57907 -699.39805 51746.763 -67890.2 5650.7 -73540.9 157.33633
7.35 283.03789 -608.88711 51692.217 -67802.8 5580.88 -73383.7 157.30945
7.36 287.47794 -305.00737 51517.773 -68086.8 5668.42 -73755.2 156.61752
7.37 290.08407 -609.48058 51662.804 -67811.3 5719.81 -73531.1 157.11513
7.38 285.63468 -349.27867 51435.022 -68056.7 5632.08 -73688.7 156.41348
7.39 294.83731 -228.60122 51418.407 -67522.3 5813.53 -73335.9 156.63509
7.4 289.87509 -566.79037 51639.576 -67841.9 5715.69 -73557.6 156.6952
7.41 287.11095 -928.9065 51782.997 -67744.4 5661.19 -73405.6 157.4502
7.42 280.02069 -272.0151 51559.061 -68075.7 5521.38 -73597.1 156.83871
7.43 293.49942 -44.816552 51465.101 -67837.8 5787.15 -73625 156.43916
7.44 282.014 -836.51181 51744.753 -68102.1 5560.69 -73662.8 156.84429
7.45 292.60448 -301.7584 51506.099 -67812.8 5769.51 -73582.3 156.3591
7.46 290.80109 -240.83137 51612.937 -67820.5 5733.95 -73554.5 156.8277
7.47 289.28975 -319.85285 51609.108 -67689.6 5704.15 -73393.7 156.72266
7.48 290.00825 -477.0825 51648.297 -67922.9 5718.32 -73641.2 157.07469
7.49 287.67319 -384.46374 51614.971 -67603.6 5672.27 -73275.8 157.36482
7.5 282.4532 -254.08199 51391.737 -67967.2 5569.35 -73536.6 156.44574
7.51 292.46998 -369.49304 51642.831 -67657.6 5766.86 -73424.5 157.075
7.52 290.25144 -506.90056 51532.075 -67820 5723.11 -73543.1 156.44782
7.53 292.97964 -158.26763 51536.426 -67786.7 5776.91 -73563.6 156.58556
7.54 294.03934 -596.71384 51691.407 -67825.3 5797.8 -73623.1 156.90084
7.55 282.65443 -605.27724 51760.065 -67826.3 5573.32 -73399.6 156.82205
7.56 290.13331 -930.12385 51942.962 -67585.4 5720.78 -73306.2 157.73788
7.57 280.80662 -668.4574 51710.187 -68044.5 5536.88 -73581.4 156.86886
7.58 295.25807 -188.81487 51513.414 -67692.4 5821.83 -73514.2 156.85056
7.59 296.22364 -104.61883 51527.636 -68066 5840.87 -73906.8 157.02605
7.6 290.41319 -706.08152 51785.536 -67605.3 5726.3 -73331.6 156.99182
7.61 285.27556 -1036.4932 51933.371 -67936.3 5625 -73561.3 157.43602
7.62 294.18042 -539.0744 51584.907 -67674.8 5800.58 -73475.4 156.9773
7.63 288.19714 -387.79067 51634.66 -68010.9 5682.61 -73693.5 156.73496
7.64 293.85424 -273.55529 51567.492 -67787.6 5794.15 -73581.8 156.74171
7.65 292.74427 -610.88301 51687.091 -68049.3 5772.26 -73821.6 156.80436
7.66 301.11895 -809.33768 51765.5 -67692.4 5937.39 -73629.8 156.86396
7.67 285.2892 -357.81256 51634.579 -67749.7 5625.27 -73374.9 157.13971
7.68 284.28965 -574.00652 51681.096 -67953.7 5605.56 -73559.3 156.94545
7.69 293.75365 -545.91934 51735.799 -67813 5792.17 -73605.1 157.61987
7.7 274.5526 -482.41363 51681.56 -68103.4 5413.57 -73517 156.91355
7.71 291.10559 -165.72818 51520.039 -67820.3 5739.95 -73560.3 156.81818
7.72 289.43103 -941.08024 51939.697 -68047 5706.93 -73754 157.4749
7.73 286.65336 -1075.8852 51949.813 -67958.8 5652.17 -73611 157.42529
7.74 292.07108 277.55079 51401.562 -67666.2 5758.99 -73425.1 156.5808
7.75 294.69405 -887.23846 51970.398 -67944.5 5810.71 -73755.2 157.56755
7.76 294.08821 -284.46902 51646.557 -67920.7 5798.76 -73719.5 157.30563
7.77 293.88038 -620.62539 51738.474 -67668.1 5794.67 -73462.8 156.96962
7.78 287.96523 -509.36855 51741.841 -67782.9 5678.03 -73460.9 157.28072
7.79 283.26661 -368.85259 51564.698 -68106 5585.39 -73691.4 156.61438
7.8 292.40544 -468.7547 51679.105 -67636.1 5765.58 -73401.6 156.78426
7.81 285.96472 -582.13782 51814.851 -68027.4 5638.59 -73666 157.15862
7.82 286.96582 -572.77307 51795.214 -67870.2 5658.33 -73528.5 157.22297
7.83 286.83534 -778.98351 51905.278 -68141.9 5655.75 -73797.6 157.65497
7.84 281.92076 -519.43051 51720.406 -67805.8 5558.85 -73364.7 156.81503
7.85 281.34149 -451.59018 51726.092 -68095.9 5547.43 -73643.3 157.09517
7.86 287.83443 -387.67487 51649.771 -67741.1 5675.45 -73416.6 157.25137
7.87 278.72805 -499.9229 51738.065 -68091.4 5495.9 -73587.3 157.66467
7.88 286.57747 -156.72043 51514.026 -67799.1 5650.67 -73449.8 156.47444
7.89 286.69504 -373.18366 51689.967 -67937.1 5652.99 -73590.1 157.07239
7.9 298.05204 -652.38193 51838.693 -67688.3 5876.92 -73565.2 157.33489
7.91 288.29757 -598.49574 51715.623 -67982.3 5684.59 -73666.9 157.08285
7.92 290.75803 -716.36011 51789.783 -67694.3 5733.1 -73427.4 157.41379
7.93 288.13475 -523.65701 51723.75 -68015.3 5681.38 -73696.6 157.16036
7.94 301.07902 -525.14292 51598.739 -67530.3 5936.61 -73466.9 156.76332
7.95 288.89605 -299.72589 51687.889 -67937.8 5696.39 -73634.2 156.98673
7.96 291.9343 -428.52033 51639.398 -67777.4 5756.29 -73533.7 156.63483
7.97 292.03465 -366.47486 51703.835 -67801 5758.27 -73559.3 157.19728
7.98 280.20644 -246.01983 51591.596 -67992.5 5525.05 -73517.5 156.83977
7.99 296.38846 -56.901225 51541.252 -67851.2 5844.12 -73695.3 157.00812
8 282.56575 -408.60542 51635.248 -68027.6 5571.57 -73599.2 156.98965
8.01 282.71379 -401.98578 51671.531 -67823.7 5574.49 -73398.2 157.24855
8.02 287.81752 -817.38473 51902.775 -67665.7 5675.12 -73340.8 157.35952
8.03 292.22727 -315.92654 51519.947 -68118.9 5762.07 -73880.9 156.28487
8.04 289.94107 -324.72874 51565.994 -67743.5 5716.99 -73460.5 156.61448
8.05 291.57954 -425.53855 51622.759 -67876.4 5749.3 -73625.7 156.73885
8.06 286.58093 -609.09287 51486.281 -67762.6 5650.74 -73413.3 156.22583
8.07 289.26905 -806.41289 51761.741 -67861.7 5703.74 -73565.4 156.898
8.08 289.28313 -658.49801 51605.234 -67768.3 5704.02 -73472.3 156.63753
8.09 287.69291 -734.30696 51797.965 -68004.9 5672.66 -73677.6 157.64123
8.1 287.48523 -198.80188 51638.955 -67682.2 5668.57 -73350.8 156.89866
8.11 297.11881 -377.37252 51662.79 -67863.6 5858.52 -73722.1 157.19104
8.12 294.17679 -314.79584 51677.39 -67691.2 5800.51 -73491.7 156.68539
8.13 288.65973 -1039.3709 51914.501 -67910.3 5691.73 -73602 157.00085
8.14 290.7297 -512.15864 51700.78 -67719.2 5732.54 -73451.7 156.86979
8.15 291.09859 -292.05016 51579.678 -68112.5 5739.82 -73852.3 156.59462
8.16 290.81627 -411.84841 51561.171 -67926.3 5734.25 -73660.6 156.66975
8.17 285.07205 -766.64511 51830.509 -67820.1 5620.99 -73441.1 157.59518
8.18 295.40105 -811.67268 51901.945 -67553.6 5824.65 -73378.3 157.35711
8.19 287.95546 -664.76162 51723.147 -67910.7 5677.84 -73588.5 156.97362
8.2 297.20704 -1037.1977 51896.397 -67279.3 5860.26 -73139.6 157.21636
8.21 286.34376 -289.61865 51584.867 -67998.2 5646.06 -73644.3 156.61564
8.22 278.88825 -460.93859 51578.781 -68165.5 5499.06 -73664.6 156.57894
8.23 303.17957 112.68408 51325.999 -67762.4 5978.03 -73740.4 155.85813
8.24 303.18883 -533.91251 51658.391 -67726.3 5978.21 -73704.6 156.69616
8.25 279.07218 89.261201 51206.815 -68202.3 5502.68 -73705 155.5556
8.26 290.59816 -500.66029 51667.002 -67789.7 5729.95 -73519.7 156.30473
8.27 307.15197 -44.055704 51440.855 -67668.2 6056.35 -73724.5 155.7115
8.28 288.91587 -481.61246 51642.541 -67607.8 5696.78 -73304.6 156.42446
8.29 282.98889 -359.67178 51574.341 -68059.8 5579.91 -73639.7 155.99484
8.3 297.01627 -502.95775 51695.157 -67618.3 5856.5 -73474.8 156.38719
8.31 291.24068 65.010651 51422.812 -67900.6 5742.62 -73643.2 156.03753
8.32 289.8187 -526.15669 51656.487 -67744.8 5714.58 -73459.4 156.23498
8.33 285.394 -459.79587 51590.479 -67741.4 5627.33 -73368.7 156.69671
8.34 287.90798 -535.21007 51717.312 -67868.2 5676.9 -73545.1 156.66858
8.35 286.45985 -161.16811 51532.466 -68122.5 5648.35 -73770.9 156.20969
8.36 286.44817 -464.11833 51593.693 -67838 5648.12 -73486.1 156.28714
8.37 286.65569 -571.26001 51630.284 -68081.4 5652.21 -73733.6 156.15252
8.38 297.95768 -1005.7645 51893.567 -67594.4 5875.06 -73469.5 156.85724
8.39 291.13014 -807.96306 51831.032 -68012.2 5740.44 -73752.6 156.81322
8.4 289.25755 -803.94052 51828.945 -67693.3 5703.51 -73396.8 156.74852
8.41 288.66067 -944.1214 51835.924 -67627.6 5691.75 -73319.3 156.63088
8.42 286.12881 173.68174 51235.156 -67966.4 5641.82 -73608.2 155.91517
8.43 287.81089 -601.8007 51713.967 -67651 5674.99 -73326 156.53177
8.44 288.74811 -303.95108 51555.636 -67992.6 5693.47 -73686 156.43193
8.45 297.56874 -925.30586 51893.678 -67479.7 5867.39 -73347.1 156.48092
8.46 293.46539 -344.86008 51645.859 -68005.5 5786.48 -73792 156.36166
8.47 300.19972 -620.07736 51781.328 -67706.2 5919.27 -73625.5 156.54661
8.48 285.93086 -579.22982 51739.934 -67977.9 5637.92 -73615.8 156.6265
8.49 281.9399 -364.28106 51577.299 -68042.4 5559.23 -73601.6 156.16937
8.5 287.79085 -897.52932 51899.999 -67883.9 5674.59 -73558.5 156.90926
8.51 289.10767 -678.17706 51829.749 -68013.2 5700.56 -73713.8 156.72998
8.52 292.69265 -295.75836 51517.64 -67744.1 5771.25 -73515.3 156.40703
8.53 294.59754 -874.88407 51829.896 -67705.9 5808.81 -73514.8 156.87242
8.54 282.45708 -253.72461 51455.235 -68115.6 5569.42 -73685.1 155.9452
8.55 293.03189 -707.06815 51692.507 -67849 5777.94 -73627 156.36177
8.56 285.96291 -874.96318 51879.864 -68001.5 5638.55 -73640 157.12348
8.57 293.81204 -395.02368 51610.146 -67858.6 5793.32 -73651.9 156.60652
8.58 279.8947 -369.87585 51666.146 -67957.7 5518.9 -73476.6 156.95837
8.59 285.99276 -891.30926 51811.609 -67837.9 5639.14 -73477.1 157.49054
8.6 283.49385 -119.57505 51448.921 -68235.2 5589.87 -73825.1 156.75094
8.61 289.41102 -855.12871 51830.336 -67768.9 5706.54 -73475.5 157.35274
8.62 283.11917 -194.9183 51481.209 -67772.9 5582.48 -73355.4 156.9139
8.63 288.69068 -34.346387 51381.159 -67938.1 5692.34 -73630.4 156.54165
8.64 281.327 -434.63897 51669.683 -68418.7 5547.14 -73965.8 157.38013
8.65 289.64959 -1036.3552 51962.234 -67852.5 5711.24 -73563.7 157.75281
8.66 285.29136 -363.57833 51596.761 -67806.3 5625.31 -73431.6 156.86218
8.67 282.61855 -508.80313 51658.962 -68016.8 5572.61 -73589.4 157.19816
8.68 293.80196 -770.29294 51830.214 -67636.4 5793.12 -73429.6 157.32656
8.69 283.05772 -237.22126 51638.963 -68021.6 5581.27 -73602.9 156.97139
8.7 289.31755 -1074.2492 51947.426 -67751.5 5704.7 -73456.2 157.39591
8.71 281.02697 -804.91495 51849.033 -68020.2 5541.23 -73561.4 157.1145
8.72 291.25313 -373.59284 51576.986 -67824.6 5742.86 -73567.5 156.85469
8.73 286.58108 -688.42254 51766.639 -67973.1 5650.74 -73623.9 157.33391
8.74 296.69472 -287.99517 51619.944 -67734.9 5850.16 -73585.1 156.78216
8.75 283.2624 -321.43309 51443.642 -68054.8 5585.3 -73640.1 156.50929
8.76 293.89174 -152.47357 51534.95 -67911.3 5794.89 -73706.2 156.4597
8.77 286.86103 -475.74703 51675.589 -67882 5656.26 -73538.3 156.71511
8.78 290.57908 -728.41536 51813.169 -67806 5729.57 -73535.6 157.01094
8.79 284.77709 -420.33429 51618.963 -67979.8 5615.17 -73595 156.09792
8.8 291.05412 -655.42664 51690.507 -67760.5 5738.94 -73499.5 156.67788
8.81 291.4199 -271.41912 51617.944 -67895 5746.15 -73641.1 156.48757
8.82 288.86164 -172.80537 51534.515 -67777.7 5695.71 -73473.4 156.59132
8.83 287.54084 -502.27201 51698.099 -67890.5 5669.66 -73560.1 156.95087
8.84 289.94407 -635.23772 51799.103 -67871.7 5717.05 -73588.8 157.07798
8.85 294.04887 -742.95455 51822.671 -67806.4 5797.99 -73604.4 157.53351
8.86 296.35673 -118.447 51524.03 -67960.9 5843.49 -73804.4 156.57384
8.87 290.68084 -589.67904 51652.255 -67702.1 5731.58 -73433.7 156.60835
8.88 290.31155 -807.98842 51905.908 -67818.3 5724.3 -73542.6 157.17579
8.89 287.96564 -465.04891 51756.246 -67831 5678.04 -73509.1 157.49384
8.9 293.70866 -202.61997 51513.591 -67690.1 5791.28 -73481.4 156.51626
8.91 284.15211 -439.30001 51611.071 -67746.9 5602.85 -73349.8 156.64037
8.92 284.71766 -745.14762 51794.008 -68205 5614 -73819 157.18945
8.93 281.70179 -605.05576 51858.927 -67861.4 5554.53 -73416 157.35987
8.94 287.3276 -202.41731 51606.156 -68139.8 5665.46 -73805.3 157.14559
8.95 292.83086 -856.20564 51881.826 -67937.7 5773.97 -73711.6 156.96528
8.96 292.60184 -670.74137 51822.583 -67501.5 5769.46 -73270.9 156.98099
8.97 294.27172 -333.71634 51732.525 -68013.7 5802.38 -73816 156.79473
8.98 297.07841 -772.11086 51963.84 -67661 5857.72 -73518.8 157.77895
8.99 286.77298 -1072.256 52005.376 -68088.5 5654.52 -73743 157.48758
9 287.88283 -555.26913 51813.132 -67847.1 5676.41 -73523.5 157.15589
9.01 293.88456 -322.22591 51603.517 -67988 5794.75 -73782.8 156.8154
9.02 285.04941 -770.98766 51857.6 -67639.5 5620.54 -73260 157.23137
9.03 285.97422 -392.16681 51678.945 -68007.6 5638.77 -73646.4 156.80534
9.04 284.76854 -450.22228 51650.561 -68106.9 5615 -73721.9 156.89614
9.05 286.53966 -267.55279 51579.987 -67938.4 5649.92 -73588.3 156.52863
9.06 281.92002 -192.49413 51559.702 -67920.3 5558.83 -73479.1 156.93729
9.07 285.88239 -950.12816 51923.562 -67954.7 5636.96 -73591.6 157.34786
9.08 296.32796 -553.73466 51736.489 -67907.2 5842.93 -73750.1 156.84533
9.09 281.88166 -499.66092 51735.673 -67884.4 5558.08 -73442.5 157.10815
9.1 286.17187 -376.52766 51633.448 -67732.6 5642.67 -73375.3 156.68038
9.11 297.85688 -221.23819 51597.62 -67999.3 5873.07 -73872.4 156.43814
9.12 292.48961 -52.694921 51554.036 -67863.5 5767.24 -73630.7 156.41282
9.13 281.00606 -278.80501 51614.48 -67944.2 5540.81 -73485.1 156.67223
9.14 285.44858 -732.86334 51781.099 -67943.4 5628.41 -73571.8 156.52013
9.15 298.14942 -312.9895 51647.989 -67713 5878.84 -73591.8 156.85316
9.16 286.34072 -432.24362 51803.09 -68064.3 5646 -73710.3 157.10666
9.17 290.47367 -566.43471 51782.004 -67851 5727.49 -73578.5 157.20036
9.18 283.2218 119.77424 51384.672 -68298 5584.5 -73882.5 156.2642
9.19 292.84655 -500.36793 51720.177 -67866.4 5774.28 -73640.6 157.09363
9.2 285.52011 -193.37378 51578.436 -68081.2 5629.82 -73711.1 156.63372
9.21 297.84902 -865.70315 51897.54 -67826.2 5872.92 -73699.1 157.11371
9.22 292.31835 -46.066248 51459.497 -67768.9 5763.87 -73532.8 156.50953
9.23 291.53667 -349.03413 51624.929 -67729.7 5748.45 -73478.1 156.30655
9.24 283.33154 -554.08121 51752.218 -68165.1 5586.67 -73751.8 157.01656
9.25 294.06645 -910.02574 51855.153 -67814.3 5798.34 -73612.7 156.81458
9.26 281.74324 -313.77256 51642.352 -68295.1 5555.35 -73850.4 156.55593
9.27 288.24151 -736.22448 51883.144 -67742 5683.48 -73425.5 157.04588
9.28 290.24385 -292.55147 51601.227 -67931.9 5722.96 -73654.9 156.75116
9.29 287.1923 -153.11487 51521.703 -67928.3 5662.79 -73591.1 156.81794
9.3 298.41186 -1121.7688 52004.885 -67770.7 5884.02 -73654.7 157.28018
9.31 288.50148 -249.27721 51647.432 -67825.8 5688.61 -73514.4 156.674
9.32 294.0822 -519.672 51669.481 -67806.6 5798.65 -73605.3 156.72536
9.33 277.43624 -732.21924 51698.466 -68033.2 5470.42 -73503.6 156.59107
9.34 290.41767 -612.23699 51736.527 -67793 5726.39 -73519.3 156.54867
9.35 292.49967 -151.31258 51529.632 -68167.7 5767.44 -73935.2 156.61253
9.36 288.97058 -313.93051 51719.447 -67732.6 5697.86 -73430.5 157.08406
9.37 279.64212 -651.19391 51718.205 -68008.8 5513.92 -73522.7 156.97008
9.38 290.54054 -374.10028 51645.385 -67752.8 5728.81 -73481.6 156.69661
9.39 276.40875 -281.55025 51667.125 -68250.7 5450.16 -73700.9 157.06609
9.4 298.79408 -911.85938 51965.978 -67834 5891.55 -73725.6 157.58622
9.41 285.98188 5.0389464 51424.904 -67755.9 5638.93 -73394.8 155.99505
9.42 291.43892 -717.55319 51799.038 -68004.9 5746.53 -73751.4 156.88528
9.43 293.1237 -561.43725 51708.652 -67735.1 5779.75 -73514.8 156.74584
9.44 278.41522 -614.95858 51655.252 -68270.3 5489.73 -73760 156.41219
9.45 290.5935 -219.13407 51581.632 -67864.3 5729.86 -73594.1 156.18917
9.46 286.62824 25.021972 51505.298 -68170.8 5651.67 -73822.5 156.6165
9.47 288.22984 -523.80776 51772.583 -68057.9 5683.25 -73741.1 157.21626
9.48 275.68767 -1043.5759 51950.63 -67976.8 5435.95 -73412.7 157.29497
9.49 288.29465 -377.64592 51639.586 -67869.4 5684.53 -73553.9 156.97859
9.5 283.02324 -304.8014 51709.074 -67797.3 5580.59 -73377.9 157.04344
9.51 299.94296 -642.90537 51785.772 -67600 5914.21 -73514.2 156.94612
9.52 288.33739 -677.66633 51841.727 -67908.6 5685.37 -73593.9 156.94257
9.53 297.97342 -442.68917 51628.638 -67676 5875.37 -73551.4 156.71177
9.54 292.2622 -600.73933 51769.757 -67733.5 5762.76 -73496.3 156.4735
9.55 295.03209 -320.85753 51613.23 -67827.1 5817.38 -73644.5 156.32714
9.56 279.2276 -431.6519 51688.213 -68289.1 5505.75 -73794.9 156.26751
9.57 295.03673 -338.99087 51554.981 -67744.5 5817.47 -73561.9 155.99344
9.58 294.56934 -390.72091 51526.738 -67760.2 5808.25 -73568.5 156.11615
9.59 286.62098 -366.32116 51586.172 -67983.9 5651.53 -73635.4 156.27277
9.6 302.09362 -296.89071 51574.387 -67570.7 5956.61 -73527.3 156.17979
9.61 299.60328 -236.00334 51369.188 -67832 5907.51 -73739.5 155.84211
9.62 289.53774 -7.9170929 51387.012 -67781.5 5709.04 -73490.5 155.87675
9.63 296.29494 -610.75315 51648.67 -67723 5842.28 -73565.3 156.37693
9.64 288.74099 -167.56855 51554.354 -67796.3 5693.33 -73489.7 156.00066
9.65 292.83544 -140.6622 51546.104 -67919.5 5774.06 -73693.5 156.23909
9.66 295.41222 -378.81729 51614.03 -67829 5824.87 -73653.9 156.43782
9.67 294.65316 -755.8255 51779.644 -67783.9 5809.9 -73593.8 156.70315
9.68 293.83081 -187.60809 51574.265 -67937.3 5793.69 -73731 156.72727
9.69 289.664 -593.30504 51772.446 -67666.6 5711.53 -73378.2 156.75042
9.7 285.78718 -640.22799 51787.429 -67947.8 5635.09 -73582.9 156.77149
9.71 289.94338 -400.41146 51732.01 -67818.2 5717.04 -73535.3 156.74034
9.72 281.17297 -1058.7258 51970.286 -68115.3 5544.1 -73659.4 156.97862
9.73 294.65547 -260.78099 51547.154 -67677.8 5809.95 -73487.8 155.87546
9.74 292.31329 -332.53263 51607.622 -67817.6 5763.77 -73581.4 156.20576
9.75 293.53403 -673.72367 51789.422 -67816.7 5787.84 -73604.5 156.64645
9.76 283.00776 -406.8223 51654.13 -68136.9 5580.28 -73717.2 156.10388
9.77 287.0886 -336.04801 51560.862 -68032.3 5660.75 -73693 156.36685
9.78 294.34574 -620.57001 51736.886 -67712.7 5803.84 -73516.6 156.4431
9.79 291.86465 -464.5477 51662.649 -67910.2 5754.92 -73665.1 156.36015
9.8 290.75509 -1168.7228 51950.713 -67846.5 5733.04 -73579.5 157.1839
9.81 289.50711 -361.73518 51635.519 -67898.4 5708.44 -73606.8 156.31163
9.82 286.04766 -675.3486 51695.079 -68029 5640.22 -73669.3 156.52527
9.83 288.47252 -291.191 51561.98 -67860.6 5688.04 -73548.7 156.22795
9.84 282.4956 -512.92872 51580.117 -67812.6 5570.18 -73382.8 156.51706
9.85 282.77208 -801.95565 51741.33 -68093.5 5575.64 -73669.1 156.51673
9.86 290.87308 -1049.1333 51938.63 -67646.8 5735.37 -73382.2 157.04609
9.87 289.11771 -192.20197 51404.106 -67824.3 5700.76 -73525 155.70139
9.88 294.02072 -1023.9405 51887.525 -67686.8 5797.43 -73484.2 156.89643
9.89 285.82387 -776.46243 51665.254 -67846 5635.81 -73481.8 156.21914
9.9 281.58451 -336.44888 51413.733 -68178.1 5552.22 -73730.3 156.03689
9.91 288.83738 -460.37842 51592.543 -67766.6 5695.23 -73461.8 156.50835
9.92 287.33256 -609.46414 51613.095 -68035.4 5665.56 -73701 156.14324
9.93 298.33323 -1182.7557 51875.678 -67508.5 5882.47 -73390.9 157.09307
9.94 285.10426 -561.66189 51577.117 -67803.4 5621.62 -73425 156.60384
9.95 286.07066 -446.22791 51485.913 -68015.4 5640.68 -73656.1 156.16084
9.96 294.68974 -510.90939 51625.1 -67935.1 5810.62 -73745.7 156.72863
9.97 287.22246 -711.37136 51667.972 -67565 5663.39 -73228.4 156.56512
9.98 283.6851 -465.8746 51564.965 -67776.2 5593.64 -73369.9 156.50131
