0 294.82739 -513.44611 48732.323 -60859.3 5655.23 -66514.5 10.156061
0.01 278.65874 -851.38006 49032.175 -61507.6 5345.09 -66852.7 18.300736
0.02 298.16044 -416.12659 48790.607 -61634.8 5719.16 -67353.9 25.36661
0.03 290.21642 -539.90378 48875.075 -61250.6 5566.78 -66817.4 31.662424
0.04 284.55605 -619.5393 48983.492 -61567.5 5458.21 -67025.7 39.529966
0.05 277.51678 -617.25002 48926.041 -61869.8 5323.19 -67193 45.479421
0.06 286.48915 -506.50138 49099.643 -61893.5 5495.29 -67388.8 50.058223
0.07 295.39809 -699.12108 49104.734 -61724.6 5666.18 -67390.8 56.8018
0.08 299.856 -104.07698 48974.009 -61804.5 5751.68 -67556.2 64.296505
0.09 283.28452 -448.22271 49065.538 -62094.5 5433.82 -67528.3 69.804661
0.1 294.73175 -150.46315 49017.567 -61679.7 5653.39 -67333.1 74.436968
0.11 288.83754 -279.49342 48771.778 -61979.7 5540.33 -67520 79.152527
0.12 295.50435 73.316117 48920.399 -62084.9 5668.21 -67753.1 86.62464
0.13 299.64384 -745.29748 48897.957 -61915.8 5747.62 -67663.4 91.586379
0.14 297.9144 -242.79621 48876.145 -62359.9 5714.44 -68074.4 99.494747
0.15 302.11499 -691.36461 49082.843 -61930.4 5795.02 -67725.4 106.55569
0.16 292.0984 -155.22114 49010.527 -61839.4 5602.88 -67442.3 111.23859
0.17 294.39855 -407.67062 49093.617 -61953.1 5647 -67600.1 115.74703
0.18 275.25417 85.081228 48843.634 -62053.5 5279.78 -67333.3 120.85407
0.19 288.49112 -1275.4193 49433.503 -61747 5533.69 -67280.7 124.92082
0.2 291.57661 -879.43807 49135.172 -62069.2 5592.87 -67662 131.24927
0.21 308.70784 -775.15992 49490.566 -61502.6 5921.48 -67424.1 140.10175
0.22 310.38914 -158.0009 49022.582 -61963.2 5953.73 -67916.9 144.68465
0.23 285.7662 -580.95975 49364 -62418.7 5481.42 -67900.2 148.86262
0.24 289.30128 -518.65435 49151.029 -62097.1 5549.23 -67646.4 150.80577
0.25 292.7571 -705.49821 49111.698 -62440 5615.52 -68055.5 157.40971
0.26 293.9024 -414.88146 49250.982 -62427.1 5637.49 -68064.6 160.77207
0.27 288.4317 -278.95407 49278.19 -62385.4 5532.55 -67918 163.58077
0.28 281.26347 259.4343 49101.86 -62886.9 5395.05 -68281.9 166.85245
0.29 290.15018 -1024.3343 49648.517 -63075.8 5565.51 -68641.3 170.69797
0.3 295.51842 -742.49266 49627.443 -62884.8 5668.48 -68553.3 172.7412
0.31 287.18615 -83.630274 48872.971 -63280.4 5508.66 -68789 174.69057
0.32 305.37915 -692.35645 49578.486 -62976.3 5857.63 -68833.9 179.01851
0.33 295.45228 131.13649 49371.395 -63598.9 5667.21 -69266.1 181.65703
0.34 295.41199 -430.35763 49387.313 -63159.5 5666.44 -68826 181.93269
0.35 283.99711 -109.51865 49333.279 -63595 5447.49 -69042.5 183.91505
0.36 295.89631 -672.73497 49632.65 -63714.6 5675.73 -69390.4 188.86626
0.37 288.93562 -494.59375 49627.082 -63753.8 5542.22 -69296 191.81609
0.38 290.69823 -543.71063 49562.134 -63615.8 5576.02 -69191.8 194.20019
0.39 282.53904 -112.89867 49203.095 -63698 5419.52 -69117.5 194.57254
0.4 308.90259 102.428 49092.835 -63163.2 5925.21 -69088.4 193.19467
0.41 286.88261 -306.10531 49478.006 -63757 5502.84 -69259.9 197.28356
0.42 299.34695 -689.57353 49486.692 -63224.5 5741.92 -68966.5 199.52496
0.43 287.95053 -661.48285 49556.144 -63433.7 5523.32 -68957 200.80069
0.44 294.76083 -604.96226 49777.34 -63852.5 5653.95 -69506.5 202.48407
0.45 295.89494 -612.61814 49700.462 -63727 5675.71 -69402.7 204.1593
0.46 284.2627 -56.997394 49308.008 -64254.1 5452.58 -69706.6 202.99328
0.47 298.308 -677.05179 49751.714 -63912.9 5721.99 -69634.9 204.27031
0.48 297.31679 -264.11353 49595.082 -64255.2 5702.98 -69958.2 205.92886
0.49 285.51284 -436.52246 49804.735 -64380.5 5476.56 -69857 208.01199
0.5 298.71111 35.773501 49415.634 -63998.7 5729.72 -69728.4 206.69552
0.51 288.92591 -361.29679 49496.534 -64399.7 5542.03 -69941.7 207.97869
0.52 298.09445 -705.07719 49904.557 -64596.3 5717.9 -70314.2 211.18629
0.53 287.44447 -606.14215 49729.108 -64500.8 5513.61 -70014.4 210.39486
0.54 298.2794 239.15185 49502.62 -64018.1 5721.44 -69739.5 209.78854
0.55 291.54649 -611.83577 49434.933 -63866.4 5592.3 -69458.7 211.25787
0.56 292.63545 -758.48756 49524.097 -64154.5 5613.18 -69767.7 213.55086
0.57 292.0681 -458.36203 49518.993 -63571.7 5602.3 -69174 214.2409
0.58 296.88469 -599.90193 49772.368 -63456.9 5694.69 -69151.5 216.75257
0.59 289.02182 -344.7504 49460.242 -63819.7 5543.87 -69363.5 217.36465
0.6 290.48252 -1298.1726 49866.405 -63376.4 5571.89 -68948.3 220.34914
0.61 296.61106 -978.26985 49571.066 -63667.3 5689.44 -69356.7 222.07281
0.62 308.07191 -654.7043 49546.072 -62909 5909.28 -68818.2 226.32725
0.63 299.8767 -840.49041 49447.966 -63300.3 5752.08 -69052.4 226.69714
0.64 288.57928 -172.59454 49346.726 -63688.7 5535.38 -69224.1 227.95644
0.65 293.99256 -37.505729 49227.669 -63616.3 5639.21 -69255.5 229.59782
0.66 300.22108 -1057.0199 49666.15 -63467.6 5758.69 -69226.3 232.51972
0.67 292.43389 -704.71978 49576.542 -63534.2 5609.32 -69143.5 235.30707
0.68 286.62892 -53.874629 49478.883 -63961.3 5497.97 -69459.2 236.68949
0.69 288.25144 -806.235 49692.68 -63814.6 5529.09 -69343.7 237.95304
0.7 303.02104 -721.5119 49566.89 -63319.8 5812.39 -69132.2 241.09694
0.71 289.49534 -493.38987 49518.087 -63789.8 5552.95 -69342.7 238.65617
0.72 297.52346 -472.78852 49667.279 -63939.2 5706.94 -69646.1 240.22358
0.73 297.79461 -449.83312 49728.109 -63607.2 5712.14 -69319.4 242.20355
0.74 295.02271 -212.12975 49310.62 -63256.9 5658.97 -68915.9 239.45877
0.75 296.00017 -804.09366 49656.183 -63496.5 5677.72 -69174.2 243.60763
0.76 289.41295 -419.26167 49474.651 -63656.4 5551.37 -69207.8 244.11924
0.77 303.93697 -236.03075 49512.49 -63365.5 5829.96 -69195.5 244.97668
0.78 277.41752 -1145.9088 49646.457 -63810.5 5321.28 -69131.8 247.02298
0.79 294.76748 -953.49764 49676.894 -63739.7 5654.08 -69393.7 249.76556
0.8 290.42437 -829.39129 49723.829 -63744.4 5570.77 -69315.2 250.2623
0.81 305.43853 -1047.6216 49750.547 -63271.5 5858.77 -69130.3 251.06227
0.82 285.92394 -299.52999 49511.66 -63913.3 5484.45 -69397.8 251.94099
0.83 283.22536 -1063.3056 49839.001 -64331.7 5432.68 -69764.4 253.51638
0.84 288.4621 -720.79558 49830.22 -64210.3 5533.13 -69743.4 253.94345
0.85 288.9777 -425.00128 49883.118 -64395.9 5543.02 -69938.9 255.73997
0.86 298.55121 -101.5164 49782.356 -64047.2 5726.66 -69773.8 256.93365
0.87 294.95969 -448.2208 49676.495 -64275.1 5657.77 -69932.8 254.62141
0.88 290.55979 -485.99406 49780.575 -64612.2 5573.37 -70185.6 255.77126
0.89 296.18661 -555.76145 49775.565 -64205.7 5681.3 -69887 256.61447
0.9 290.7444 -748.19827 49905.926 -64522.8 5576.91 -70099.8 257.96427
0.91 285.35952 -629.85159 49965.114 -64706.7 5473.62 -70180.3 259.31337
0.92 297.07407 -721.59082 49928.016 -64292.2 5698.32 -69990.5 258.69199
0.93 284.46971 -262.26435 49435.459 -64740.6 5456.55 -70197.2 258.17217
0.94 289.66818 -568.37605 49792.483 -64319.6 5556.27 -69875.9 260.95139
0.95 290.84909 -436.99717 49714.17 -64005.8 5578.92 -69584.7 263.37638
0.96 291.62044 -553.94452 49680.721 -64478.6 5593.71 -70072.3 264.11238
0.97 288.54467 -827.97534 49850.949 -64778.1 5534.72 -70312.8 263.85747
0.98 300.39993 -323.11032 49667.524 -64283.2 5762.12 -70045.3 265.54345
0.99 294.04471 -517.25054 49596.213 -64278.9 5640.22 -69919.1 264.19644
1 297.63638 -663.99238 49902.43 -64407.9 5709.11 -70117 265.22846
1.01 288.88483 -649.47821 49725.745 -64474.7 5541.24 -70016 266.41436
1.02 298.83015 -189.19963 49577.634 -64305.3 5732.01 -70037.3 266.48309
1.03 297.60905 -737.1731 49781.994 -64632.5 5708.58 -70341.1 268.14952
1.04 286.43702 -173.06081 49601.274 -64508.3 5494.29 -70002.6 267.85289
1.05 282.99557 -567.65851 49613.962 -64489.2 5428.28 -69917.4 268.75457
1.06 295.11411 -674.78041 49691.233 -64459.4 5660.73 -70120.2 270.0744
1.07 281.1064 -652.7055 49799.155 -64974.3 5392.04 -70366.3 272.31865
1.08 290.89762 -710.83844 49946.512 -64508.3 5579.85 -70088.2 273.59207
1.09 288.9615 -402.04227 49975.159 -64412.2 5542.71 -69954.9 274.30516
1.1 282.00563 -405.42149 49704.359 -64956.6 5409.29 -70365.9 272.44285
1.11 288.74447 -1087.1701 50006.723 -64502.1 5538.55 -70040.6 273.31923
1.12 299.95401 -176.76072 49722.9 -64320.6 5753.56 -70074.2 273.44735
1.13 294.95198 -713.84759 49893.431 -64661.7 5657.62 -70319.3 274.44599
1.14 289.72966 -561.62425 49821.112 -65097.5 5557.45 -70655 273.73243
1.15 289.08463 -667.78412 49740.04 -64548 5545.07 -70093.1 273.47607
1.16 290.39467 -333.4115 49641.343 -64719.8 5570.2 -70290 272.6718
1.17 291.34851 -174.11785 49674.883 -64781.5 5588.5 -70370 271.91236
1.18 293.30376 -684.11309 49783.966 -64389.8 5626 -70015.8 274.70861
1.19 293.11547 -329.61669 49607.229 -64381.3 5622.39 -70003.7 274.3235
1.2 286.81182 -372.03704 49556.476 -64133.1 5501.48 -69634.6 275.08193
1.21 286.90493 -960.19987 49850.272 -64521.5 5503.26 -70024.8 278.65536
1.22 299.97014 -73.547556 49563.737 -64133.3 5753.87 -69887.2 277.16678
1.23 288.79333 -562.37177 49888.619 -64442.7 5539.49 -69982.2 278.26987
1.24 292.70904 -46.566536 49568.277 -64095.2 5614.6 -69709.8 278.42308
1.25 300.6089 72.879213 49806.874 -64451.9 5766.13 -70218 279.99893
1.26 293.79164 -538.11452 49788.705 -64067.7 5635.36 -69703 281.13358
1.27 291.80154 -781.66056 49793.599 -64280.1 5597.19 -69877.3 280.3994
1.28 291.66632 -944.28476 49964.634 -64059.5 5594.59 -69654.1 280.54712
1.29 289.26492 -1140.3629 50040.366 -64377.2 5548.53 -69925.7 283.46221
1.3 292.06441 -473.95654 49702.988 -64519.9 5602.23 -70122.1 283.11563
1.31 293.15038 -9.5702321 49475.351 -64493.9 5623.06 -70117 281.79779
1.32 280.05659 -856.12728 49897.12 -65032.5 5371.9 -70404.4 283.59072
1.33 289.18144 -1142.3091 50056.83 -64340 5546.93 -69887 284.24728
1.34 296.88227 -377.54756 49579.367 -64346.7 5694.64 -70041.4 283.19194
1.35 280.93712 -69.375122 49581.643 -64805.3 5388.79 -70194.1 285.09176
1.36 297.63505 352.6989 49509.029 -64239.4 5709.08 -69948.5 285.89711
1.37 290.4572 11.571193 49278.329 -64434.8 5571.4 -70006.2 286.29511
1.38 291.35842 -244.05185 49583.299 -64162.4 5588.69 -69751.1 288.38192
1.39 285.6607 -349.67312 49686.746 -64617.2 5479.4 -70096.6 288.67613
1.4 289.16308 -497.49886 49810.215 -64249.1 5546.58 -69795.7 290.91429
1.41 302.30415 -171.35164 49654.276 -63624.8 5798.64 -69423.5 292.02477
1.42 286.37021 -763.59539 49822.593 -64319.1 5493.01 -69812.1 291.2262
1.43 305.77462 -911.35993 49851.665 -64121.7 5865.21 -69986.9 293.02622
1.44 301.10225 -341.12082 49773.281 -64432.4 5775.59 -70208 293.68181
1.45 287.85346 -780.03906 49881.953 -64600.1 5521.46 -70121.5 294.69902
1.46 298.97232 -478.12102 49779.387 -64297.2 5734.73 -70032 294.94423
1.47 289.99407 -714.0683 50016.777 -64458.7 5562.52 -70021.2 296.58625
1.48 284.76384 -415.03693 49814.026 -64570.5 5462.19 -70032.7 295.26785
1.49 307.00534 -638.45685 49765.529 -63938 5888.82 -69826.8 296.45285
1.5 290.36169 -724.18023 49639.216 -64500.4 5569.57 -70069.9 298.64028
1.51 290.86385 -21.187905 49490.742 -64428.4 5579.2 -70007.6 299.67162
1.52 285.9171 -286.44999 49725.414 -64765 5484.32 -70249.3 300.15057
1.53 288.93045 -567.67409 49963.35 -64535.3 5542.12 -70077.4 301.75394
1.54 289.55537 -624.81072 49958.855 -64844.6 5554.1 -70398.7 302.5288
1.55 300.25505 -437.87542 49874.477 -64606.8 5759.34 -70366.1 302.7846
1.56 291.34956 -996.25653 50211.491 -64635.6 5588.52 -70224.2 304.88112
1.57 298.78447 -596.91816 50050.788 -64586.6 5731.13 -70317.8 304.70295
1.58 290.83701 -873.9184 50042.928 -64724.1 5578.69 -70302.8 305.97099
1.59 299.49041 -766.03062 49930.602 -64299.1 5744.67 -70043.8 307.53664
1.6 292.84165 -416.71815 49630.721 -64565.8 5617.14 -70183 306.10936
1.61 295.08742 -910.57523 50070.753 -64452 5660.22 -70112.2 308.49451
1.62 294.21399 -228.16555 49760.291 -64508.6 5643.46 -70152.1 307.4705
1.63 294.27564 -569.32344 49973.993 -64528.6 5644.64 -70173.3 309.08453
1.64 283.58397 -204.74829 49827.825 -64411.4 5439.56 -69851 308.64572
1.65 289.20742 -604.63187 49749.118 -64728.2 5547.43 -70275.7 310.48807
1.66 297.26988 -410.56957 49733.333 -64545.6 5702.08 -70247.7 310.04998
1.67 297.9741 -682.85332 49867.088 -64864.7 5715.59 -70580.3 310.50536
1.68 290.04777 -357.15314 49825.157 -64427.9 5563.55 -69991.4 310.77877
1.69 300.45169 131.41854 49670.228 -64614.3 5763.11 -70377.4 311.56359
1.7 287.99025 -182.73791 49603.123 -65016.2 5524.08 -70540.3 311.98282
1.71 292.90049 -336.72695 49638.769 -64867.4 5618.27 -70485.7 311.65982
1.72 297.38512 -290.96969 49629.344 -64348 5704.29 -70052.2 312.30392
1.73 294.35826 -488.29087 49803.852 -64710.2 5646.23 -70356.5 312.39933
1.74 296.20608 -679.54789 49945.778 -64151.2 5681.67 -69832.8 313.95051
1.75 287.4845 -532.07767 49845.988 -64354.7 5514.38 -69869.1 314.98999
1.76 292.37419 -713.45632 49744.417 -64432.2 5608.17 -70040.3 315.24965
1.77 295.23206 -1008.2473 50104.062 -64529.4 5662.99 -70192.4 316.80128
1.78 288.78396 -715.44541 49721.679 -64391.8 5539.31 -69931.1 316.54365
1.79 295.97749 -253.34039 49478.051 -64342 5677.29 -70019.2 317.40288
1.8 304.16424 -457.70875 49744.732 -64056.1 5834.32 -69890.5 319.90401
1.81 288.43596 307.95927 49348.243 -64478.5 5532.63 -70011.1 319.48114
1.82 292.1765 -921.39645 49976.518 -64387.9 5604.38 -69992.3 322.15215
1.83 294.43198 -125.40815 49788.518 -64329.4 5647.64 -69977.1 323.47573
1.84 293.93926 -277.05342 49792.982 -64372.9 5638.19 -70011.1 325.93256
1.85 294.06286 -769.50079 49779.228 -64283.2 5640.56 -69923.8 325.04792
1.86 286.85009 -62.160591 49680.471 -64473.4 5502.21 -69975.6 326.59854
1.87 287.5029 -913.935 49938.72 -64385.8 5514.73 -69900.5 326.15289
1.88 286.68301 23.194548 49654.759 -64705.9 5499.01 -70205 326.11909
1.89 303.0387 -2.900536 49701.423 -64435.3 5812.73 -70248.1 327.64157
1.9 291.38597 -333.89865 49760.212 -64655.7 5589.22 -70244.9 327.28229
1.91 292.82589 -225.00194 49583.515 -64503 5616.84 -70119.8 328.45648
1.92 284.68244 -950.31693 49856.706 -64719 5460.63 -70179.6 330.93484
1.93 298.71253 -471.79009 49826.112 -64530 5729.75 -70259.7 332.96613
1.94 289.09934 -368.06575 49781.001 -64741 5545.36 -70286.4 332.46889
1.95 287.98233 -363.77434 49804.841 -64507.1 5523.93 -70031 333.57825
1.96 282.4402 -390.11163 49706.178 -64530.4 5417.62 -69948 335.01944
1.97 302.22779 -125.65566 49638.741 -64301.4 5797.18 -70098.6 334.2471
1.98 289.28743 -787.20398 49763.06 -64594.3 5548.96 -70143.3 335.64114
1.99 289.29346 -1054.0023 50085.121 -64491.5 5549.08 -70040.5 338.60294
2 286.11562 -1236.9923 50160.116 -64296.8 5488.12 -69785 338.77466
2.01 298.85714 -357.10503 49651.106 -64445.2 5732.52 -70177.8 337.80552
2.02 296.47451 -300.82365 49900.899 -64710.5 5686.82 -70397.3 339.73224
2.03 291.32666 -57.107367 49622.376 -64468.2 5588.08 -70056.3 338.41617
2.04 298.98872 -539.31555 49752.424 -64616.2 5735.05 -70351.2 340.47352
2.05 295.6035 -487.9573 49717.588 -64472.9 5670.12 -70143 341.04994
2.06 290.18767 -568.62423 49879.428 -64631.3 5566.23 -70197.5 341.13178
2.07 299.02536 -925.59503 50017.596 -64385.2 5735.75 -70121 343.37104
2.08 294.20228 88.19868 49730.845 -64460.3 5643.24 -70103.6 343.96633
2.09 306.32666 -755.12964 49945.482 -64095.8 5875.8 -69971.6 345.52322
2.1 289.85196 -758.39541 49890.381 -64281.2 5559.79 -69841 346.81761
2.11 291.32346 -595.28814 49737.469 -64250.7 5588.02 -69838.7 347.73436
2.12 284.45056 -594.62812 49666.419 -64402.1 5456.19 -69858.3 348.26
2.13 296.28659 -297.64905 49698.028 -64292.2 5683.22 -69975.4 349.87361
2.14 292.30039 -113.4831 49680.397 -64334.9 5606.76 -69941.7 348.90567
2.15 293.90732 -491.47085 49780.902 -64536.6 5637.58 -70174.2 348.81634
2.16 296.94629 -1145.2308 49926.287 -64297.4 5695.87 -69993.3 350.94935
2.17 283.06737 -464.37844 49792.071 -64676.9 5429.65 -70106.5 351.12758
2.18 298.73613 -84.877149 49570.482 -64256 5730.2 -69986.2 351.39569
2.19 285.01681 -840.47583 49931.526 -64349.1 5467.05 -69816.1 352.65198
2.2 284.24784 -218.93498 49553.956 -64609.5 5452.3 -70061.8 351.64759
2.21 294.08891 -666.34005 49697.571 -64192.7 5641.06 -69833.8 357.06137
2.22 299.37931 -811.15834 49748.979 -63722.2 5742.54 -69464.7 358.44
2.23 283.80527 -331.2658 49458.544 -64040.7 5443.81 -69484.5 359.28691
2.24 295.9297 -827.86679 49902.771 -63913.8 5676.37 -69590.1 363.65339
2.25 294.35381 -724.52745 50000.03 -63924.5 5646.14 -69570.7 365.65413
2.26 280.21021 -897.65387 49614.855 -64281.2 5374.85 -69656.1 362.54074
2.27 295.2457 -624.85168 49669.1 -63825.9 5663.25 -69489.2 363.33229
2.28 293.94004 -910.01406 50056.758 -64071.7 5638.21 -69709.9 366.71618
2.29 284.97255 -386.89838 49572.38 -64313.8 5466.2 -69780 366.83558
2.3 303.48009 -17.426547 49473.83 -64175 5821.2 -69996.2 369.87662
2.31 302.00803 -751.30983 49849.552 -64025.9 5792.96 -69818.8 376.01891
2.32 296.71125 -294.83099 49794.38 -64268 5691.36 -69959.4 375.45155
2.33 301.91975 -288.39541 49623.09 -64046.3 5791.27 -69837.6 374.99079
2.34 287.53362 -894.09218 49667.169 -64320.6 5515.32 -69836 376.12189
2.35 290.20077 -710.81128 49933.68 -64340.6 5566.48 -69907.1 379.44956
2.36 293.78702 -648.0608 49629.565 -64185.7 5635.27 -69821 378.2204
2.37 282.49776 -646.67663 49624.519 -64586.6 5418.73 -70005.4 378.01919
2.38 299.00414 -737.57329 49847.272 -64403.9 5735.34 -70139.2 380.11939
2.39 300.09092 -338.2493 49724.638 -64224.4 5756.19 -69980.6 378.79419
2.4 283.17985 -446.04289 49517.502 -64515.9 5431.81 -69947.7 378.53009
2.41 299.73001 73.397657 49519.324 -64096.5 5749.27 -69845.8 379.7835
2.42 282.76757 -607.48899 49625.672 -64665.7 5423.9 -70089.6 379.96053
2.43 298.05955 -180.93167 49756.141 -64593.9 5717.23 -70311.1 380.82734
2.44 292.95894 -422.60519 49926.429 -64470.9 5619.39 -70090.3 382.16179
2.45 287.63702 -578.32973 49885.035 -64623.2 5517.31 -70140.5 381.43895
2.46 298.88538 -122.92587 49651.205 -64179.7 5733.07 -69912.7 380.90058
2.47 295.43956 -5.8007406 49680.375 -64055.7 5666.97 -69722.7 381.34673
2.48 289.56471 -469.94547 49635.624 -64415.4 5554.28 -69969.7 382.75142
2.49 292.30556 -457.02731 49808.284 -64201.9 5606.86 -69808.8 384.08846
2.5 288.12406 -1042.2192 50038.351 -64347.9 5526.65 -69874.5 385.74724
2.51 289.53092 -549.49955 49622.985 -64382.3 5553.63 -69935.9 383.83923
2.52 297.51805 -493.43313 49604.42 -64141.2 5706.84 -69848 386.98726
2.53 295.70183 -313.48545 49644.136 -64362.1 5672 -70034.1 388.40955
2.54 293.75875 -31.078679 49589.679 -64320 5634.73 -69954.7 388.96382
2.55 283.19728 -406.41002 49641.703 -64214.7 5432.15 -69646.9 388.72595
2.56 293.8389 -708.64605 49833.681 -64144.1 5636.27 -69780.3 390.7551
2.57 278.48148 -433.78901 49465.263 -64553.9 5341.69 -69895.6 389.97221
2.58 299.98895 -420.92481 49816.635 -64386.9 5754.23 -70141.1 392.42132
2.59 289.64483 -640.91955 49930.096 -64504.7 5555.82 -70060.5 393.30494
2.6 291.45234 -390.58237 49731.453 -64666.3 5590.49 -70256.8 394.68422
2.61 290.67172 -950.12321 50016.947 -64340.1 5575.52 -69915.6 396.44119
2.62 287.03045 -694.0826 49841.011 -64800.2 5505.67 -70305.9 396.91795
2.63 288.88675 -597.49269 49763.133 -64245.4 5541.28 -69786.7 396.0497
2.64 296.46132 -702.23855 49946.843 -64564.3 5686.57 -70250.9 396.10036
2.65 288.97429 -783.2851 49951.927 -64893 5542.96 -70436 395.77554
2.66 282.83269 -988.13046 50039.185 -64566.2 5425.15 -69991.4 397.09645
2.67 277.08416 -704.76501 49829.779 -64870.9 5314.89 -70185.8 396.5965
2.68 294.41589 -519.98678 49793.047 -64481.7 5647.34 -70129 396.3817
2.69 298.02927 -312.3965 49478.864 -64180.9 5716.65 -69897.6 394.04524
2.7 288.96733 -767.64774 49719.215 -64292.5 5542.82 -69835.4 396.9617
2.71 288.57364 -734.87889 49998.265 -64283.1 5535.27 -69818.4 400.26645
2.72 303.81639 -610.07396 49834.64 -64208 5827.65 -70035.6 398.78837
2.73 294.57468 -677.65896 49893.852 -64122.1 5650.38 -69772.5 401.10574
2.74 286.54316 -476.92831 49636.637 -64481.1 5496.32 -69977.4 401.49017
2.75 285.0118 -1087.9455 49726.997 -64013.6 5466.95 -69480.5 404.64429
2.76 292.2144 -741.45143 49737.604 -64426.1 5605.11 -70031.2 405.04714
2.77 281.46965 -854.37113 49871.305 -63934.2 5399.01 -69333.2 406.71172
2.78 280.70449 -570.78203 49745.266 -64272.1 5384.33 -69656.5 409.11332
2.79 286.51301 -17.651282 49441.275 -64008.2 5495.75 -69504 408.68431
2.8 295.11978 -593.06969 49737.612 -64250.6 5660.84 -69911.5 412.06248
2.81 292.86731 -987.8051 49767.345 -64128 5617.63 -69745.6 415.35685
2.82 291.01542 -913.84104 49837.664 -63886.5 5582.11 -69468.6 417.10139
2.83 284.98891 -695.05807 49891.385 -63932.1 5466.51 -69398.6 417.22067
2.84 287.05251 -517.50117 49693.112 -64148.6 5506.09 -69654.7 420.23783
2.85 298.41706 -303.1451 49630.176 -63991.4 5724.08 -69715.5 419.60263
2.86 287.47971 36.736856 49434.442 -64256.8 5514.29 -69771.1 417.11972
2.87 291.50896 -732.80108 49975.29 -64358.4 5591.58 -69949.9 422.18778
2.88 296.80047 -446.79085 49833.839 -64215.4 5693.08 -69908.4 422.82674
2.89 291.5399 -434.43149 49628.967 -64401 5592.17 -69993.2 423.02336
2.9 287.15644 -535.73991 49600.717 -64299.2 5508.09 -69807.3 424.96889
2.91 293.74237 43.905083 49503.797 -63883.6 5634.42 -69518 425.90652
2.92 302.67951 -587.77108 49662.936 -63591.5 5805.84 -69397.3 426.11052
2.93 287.80278 -1066.9845 50036.573 -64099.2 5520.49 -69619.7 428.69726
2.94 293.39898 -374.16528 49694.36 -63811.2 5627.83 -69439.1 427.89124
2.95 294.2827 -340.76834 49707.961 -63931.4 5644.78 -69576.2 429.4508
2.96 289.10589 -279.25523 49478.34 -64306.7 5545.48 -69852.2 427.65901
2.97 291.08195 -795.3665 49625.739 -64009.1 5583.39 -69592.5 430.89327
2.98 286.79012 -489.84403 49404.736 -63962.2 5501.06 -69463.2 432.18132
2.99 299.99268 167.70794 49292.339 -63527.1 5754.31 -69281.4 433.24981
3 283.28714 -181.59667 49574.457 -64018.5 5433.87 -69452.4 434.01607
3.01 292.21318 -222.25912 49635.81 -63847.9 5605.08 -69453 437.087
3.02 296.86782 -560.80406 49561.494 -63802.7 5694.37 -69497.1 438.22602
3.03 296.95415 -199.22675 49446.313 -63806 5696.02 -69502.1 440.4412
3.04 292.33972 -1276.6993 50148.526 -63656.8 5607.51 -69264.3 442.67481
3.05 290.96379 -1259.0334 49709.099 -63966.4 5581.12 -69547.5 440.83961
3.06 289.47935 -354.69985 49652.631 -64213.3 5552.64 -69766 444.26755
3.07 295.2629 -309.02448 49647.455 -64053.2 5663.58 -69716.8 442.75175
3.08 287.20878 -675.05293 49824.223 -64470 5509.09 -69979.1 444.65956
3.09 288.73389 -159.93451 49572.776 -64156.6 5538.35 -69694.9 445.37953
3.1 287.56975 -509.86687 49763.026 -64243.2 5516.02 -69759.2 448.84711
3.11 300.04363 -807.05097 49742.353 -63751.9 5755.28 -69507.2 450.62694
3.12 292.21668 -729.20866 49780.697 -64117.2 5605.15 -69722.4 452.18849
3.13 306.36748 -92.615895 49525.95 -63805 5876.58 -69681.6 448.93614
3.14 290.4577 -333.92522 49813.905 -64438.2 5571.41 -70009.7 449.68834
3.15 292.8623 -505.57344 49780.524 -64321.5 5617.54 -69939 449.15719
3.16 295.24925 -54.748343 49532.706 -64327.7 5663.32 -69991 450.34669
3.17 280.56735 -55.896197 49636.508 -64629.8 5381.7 -70011.5 450.69835
3.18 297.54066 -680.17479 49725.046 -64281 5707.27 -69988.3 450.30819
3.19 287.10351 -509.17925 49835.02 -64390.5 5507.07 -69897.6 451.20618
3.2 289.1495 -792.17759 49764.05 -64385 5546.32 -69931.3 451.89127
3.21 287.0915 -310.53719 49496.855 -64140.3 5506.84 -69647.1 450.15815
3.22 285.03244 184.27437 49282.933 -64453 5467.35 -69920.3 449.51405
3.23 300.15939 -836.38892 49953.582 -64122.7 5757.5 -69880.2 451.6799
3.24 288.67751 -167.09298 49546.51 -64468 5537.26 -70005.3 449.16556
3.25 294.70492 -317.82871 49725.838 -64222.5 5652.88 -69875.4 450.56874
3.26 288.49579 -950.42008 50049.282 -64214.1 5533.78 -69747.8 453.12039
3.27 294.99552 -366.66344 49705.781 -64226.9 5658.45 -69885.4 451.43946
3.28 291.19492 -639.76779 49696.622 -64304.7 5585.55 -69890.2 451.24082
3.29 299.92946 -844.00813 49625.671 -63884.1 5753.09 -69637.2 453.35449
3.3 291.95459 -350.72418 49560.061 -64047.4 5600.12 -69647.6 454.27427
3.31 296.66432 -377.41658 49715.843 -63692.8 5690.46 -69383.3 456.96825
3.32 283.79125 -493.29212 49621.037 -64202.6 5443.54 -69646.2 458.45459
3.33 302.29062 -358.96808 49633.504 -63900.4 5798.38 -69698.8 459.3589
3.34 291.83173 -527.15412 49899.021 -64380.7 5597.77 -69978.5 460.5963
3.35 304.83588 -92.353234 49539.642 -64157 5847.21 -70004.2 460.45255
3.36 290.48844 -233.36641 49482.056 -64298.1 5572 -69870.1 460.39011
3.37 291.14892 -348.22599 49672.67 -64386.6 5584.67 -69971.2 463.04381
3.38 301.34198 -647.35587 49710.5 -64292.9 5780.19 -70073.1 463.24411
3.39 285.16306 95.007904 49604.879 -64857.9 5469.85 -70327.7 464.31631
3.4 290.9678 -48.315715 49550.809 -64344.3 5581.2 -69925.5 465.02079
3.41 293.19208 -588.2476 49772.878 -64303.3 5623.86 -69927.2 468.42791
3.42 285.95697 -572.54797 49854.612 -64481.8 5485.08 -69966.9 469.75197
3.43 294.71965 -293.81668 49726.369 -64242.7 5653.16 -69895.9 470.13855
3.44 305.42537 -828.81728 49949.659 -63932.5 5858.51 -69791 471.58167
3.45 292.28949 -278.74763 49591.438 -64364.3 5606.55 -69970.8 470.144
3.46 295.07938 -237.51564 49586.558 -64229.4 5660.06 -69889.4 470.68097
3.47 296.5711 -450.2445 49655.491 -64094.7 5688.68 -69783.3 472.67231
3.48 281.00898 -564.62097 49739.683 -64384.4 5390.17 -69774.5 474.86459
3.49 296.10375 -717.74489 49830.761 -64090.3 5679.71 -69770 474.82279
3.5 291.01709 42.128778 49441.445 -64543.8 5582.14 -70126 473.81411
3.51 293.30797 -531.4902 49891.177 -64186.8 5626.08 -69812.9 478.10965
3.52 297.52888 -663.4143 49842.186 -63845.6 5707.05 -69552.6 478.40344
3.53 294.98199 -381.5208 49681.213 -63693.3 5658.19 -69351.5 477.12887
3.54 282.78579 -355.90772 49417.501 -64133.5 5424.25 -69557.8 478.31491
3.55 293.15589 -622.60045 49633.526 -63904.1 5623.17 -69527.3 481.81091
3.56 292.40366 -12.096479 49556.935 -64453.1 5608.74 -70061.8 481.55711
3.57 284.12359 -1193.1525 50109.959 -64274.8 5449.91 -69724.8 486.97491
3.58 294.34507 -833.33344 49875.775 -64324 5645.98 -69970 487.25167
3.59 289.46531 -1003.4715 49947.951 -64282 5552.38 -69834.4 487.3221
3.6 284.73388 -206.68178 49653.918 -64639 5461.62 -70100.7 485.89956
3.61 299.14825 -100.33601 49810.737 -64302.4 5738.11 -70040.5 488.09562
3.62 294.8367 -1160.9022 49990.053 -64469.4 5655.41 -70124.8 488.26243
3.63 293.44879 -487.8562 49554.253 -64093.1 5628.78 -69721.9 484.73715
3.64 282.87619 -661.17035 49691.826 -64482.1 5425.99 -69908.1 486.09167
3.65 301.60261 -658.52272 49727.34 -63689.3 5785.19 -69474.5 487.90826
3.66 293.48878 -534.53377 49742.127 -64352.6 5629.55 -69982.1 486.12462
3.67 283.95872 -61.005351 49629.112 -64695.2 5446.75 -70142 489.0446
3.68 295.65852 -310.97174 49821.939 -64435 5671.17 -70106.2 490.76372
3.69 282.57148 -847.02823 50005.97 -64804.4 5420.14 -70224.5 492.85831
3.7 294.68759 -1234.0382 50111.629 -64263.9 5652.55 -69916.4 492.07935
3.71 290.43554 -196.70367 49639.298 -64486 5570.99 -70057 490.83028
3.72 297.21396 -591.72892 49725.366 -64191.5 5701.01 -69892.5 492.90282
3.73 286.91775 -605.87895 49612.143 -64155.1 5503.51 -69658.6 493.182
3.74 286.60354 -710.13396 49639.063 -64298.1 5497.48 -69795.5 494.27395
3.75 286.71702 -926.10419 49741.925 -64069.3 5499.66 -69568.9 494.38052
3.76 277.24958 -121.80254 49473.513 -64449.6 5318.06 -69767.7 491.54723
3.77 298.86453 -122.28786 49497.485 -64174.1 5732.67 -69906.8 493.59585
3.78 291.9081 -643.29068 49854.906 -64366.9 5599.23 -69966.2 496.06609
3.79 294.05554 -674.28451 49725.143 -64043 5640.42 -69683.4 497.23086
3.8 292.02847 -606.9372 49711.308 -64583.9 5601.54 -70185.4 498.32227
3.81 299.11828 -1239.7481 50005.155 -64152.9 5737.53 -69890.4 499.99454
3.82 275.42169 -769.49202 49686.309 -64956.2 5283 -70239.2 499.3497
3.83 289.88005 -358.98682 49779.045 -64385.3 5560.33 -69945.6 503.17676
3.84 283.76311 -443.69886 49826.393 -64641 5443 -70084 504.32536
3.85 301.36175 -61.588863 49802.296 -64272.2 5780.57 -70052.7 504.98917
3.86 286.97937 -59.114929 49606.819 -64587.7 5504.69 -70092.4 504.39586
3.87 286.22838 -822.60714 49800.558 -64446.3 5490.29 -69936.6 502.81973
3.88 289.19685 -550.59805 49962.249 -64553.7 5547.23 -70100.9 504.74987
3.89 294.74777 -452.68881 49616.558 -64501.1 5653.7 -70154.8 503.75356
3.9 294.60422 -735.78819 49938.52 -64691.5 5650.95 -70342.4 504.53359
3.91 284.8356 -533.26258 49900.908 -65073.5 5463.57 -70537 505.02157
3.92 295.69515 -453.0234 49982.279 -64574.5 5671.87 -70246.4 506.1252
3.93 296.81892 -612.14255 49922.34 -64505 5693.43 -70198.4 506.51128
3.94 283.94185 -719.04115 49719.356 -64739.2 5446.43 -70185.6 505.00738
3.95 300.21248 -184.18544 49601.221 -64411.5 5758.52 -70170 504.68289
3.96 283.47481 -706.07081 49854.584 -64654.9 5437.47 -70092.4 506.08222
3.97 285.42854 -532.24813 49912.877 -64673 5474.94 -70148 506.65281
3.98 305.42258 -11.507067 49503.896 -64395.5 5858.46 -70254 504.88469
3.99 285.04088 -419.12073 49750.49 -64767.8 5467.51 -70235.4 507.10565
4 284.1555 31.736691 49643.111 -64503.7 5450.53 -69954.3 507.24908
4.01 279.34863 -572.60678 49684.294 -65028.2 5358.32 -70386.5 507.87762
4.02 297.17504 -735.54432 49696.537 -64359.4 5700.26 -70059.6 510.29834
4.03 284.58603 -723.23322 49820.788 -64300.6 5458.78 -69759.4 510.97805
4.04 293.79157 -705.59371 49902.469 -64393.8 5635.36 -70029.2 511.55894
4.05 294.97487 -580.53505 49959.582 -64302.3 5658.06 -69960.4 511.20666
4.06 285.93838 -1084.4012 49969.444 -64612.3 5484.72 -70097 510.42249
4.07 296.64418 -582.12421 49839.587 -64540 5690.08 -70230.1 511.0898
4.08 290.83578 -1008.7673 50184.441 -64642 5578.66 -70220.6 514.76717
4.09 302.62912 -377.73954 49704.03 -64312.9 5804.88 -70117.7 514.23596
4.1 289.78152 -940.41187 49782.953 -64495 5558.44 -70053.4 514.8536
4.11 297.05522 -346.70853 49647.986 -64056.5 5697.96 -69754.4 516.14601
4.12 291.52514 -392.85555 49666.771 -64344.4 5591.89 -69936.3 516.3975
4.13 301.74459 -670.99471 50041.95 -63854.9 5787.91 -69642.8 520.98501
4.14 294.76078 2.5358608 49475.675 -64248.4 5653.95 -69902.4 518.34462
4.15 298.28397 -174.0857 49720.757 -64437.8 5721.53 -70159.3 520.1914
4.16 288.89951 -215.74776 49725.996 -64671.5 5541.52 -70213 519.41148
4.17 289.60284 -701.81248 49911.738 -64336.7 5555.01 -69891.7 521.44876
4.18 287.34573 -398.75203 49669.05 -64562.9 5511.72 -70074.6 522.08257
4.19 293.60171 -795.74941 49839.307 -64704.5 5631.72 -70336.2 524.31934
4.2 294.32041 -631.84245 49703.618 -64319 5645.5 -69964.5 525.57893
4.21 287.13954 -542.48854 49902.018 -64478.5 5507.76 -69986.2 526.46228
4.22 290.11255 -982.79061 49939.628 -64435.8 5564.79 -70000.6 529.59218
4.23 290.95007 -36.731571 49686.855 -64396 5580.86 -69976.8 528.12494
4.24 280.95619 -714.03371 49775.512 -64756.7 5389.16 -70145.8 528.81152
4.25 299.11396 -258.17091 49623.923 -64318 5737.45 -70055.4 527.26628
4.26 287.28818 -586.55959 49885.404 -64512.4 5510.62 -70023 527.4967
4.27 294.23906 -1099.5924 50144.017 -64488.5 5643.94 -70132.5 528.98462
4.28 290.24737 -166.32308 49620.814 -64407.1 5567.38 -69974.5 527.31129
4.29 286.23651 -360.10908 49898.856 -64455.5 5490.44 -69945.9 529.56674
4.3 297.74079 -572.15013 49823.078 -64451.1 5711.11 -70162.2 528.44326
4.31 280.44987 -571.09236 49861.853 -64629.7 5379.45 -70009.1 527.69386
4.32 294.59371 46.258684 49561.716 -64050.2 5650.75 -69701 528.17478
4.33 292.87276 -479.03955 49735.96 -64354.1 5617.74 -69971.8 528.75169
4.34 299.65242 -882.23892 49768.447 -64083.6 5747.78 -69831.4 529.5118
4.35 302.40039 -116.35935 49457.465 -64164.1 5800.49 -69964.6 527.8957
4.36 296.38906 -317.73327 49570.437 -64350.1 5685.18 -70035.3 527.53812
4.37 291.52404 -932.1116 49896.434 -64393.5 5591.86 -69985.3 530.99741
4.38 296.52559 -900.37972 49912.699 -64014.1 5687.8 -69701.9 528.74594
4.39 294.07317 -568.85013 49786.247 -64144.2 5640.76 -69785 529.81613
4.4 289.06543 -422.86388 49525.694 -63968.4 5544.71 -69513.1 527.33912
4.41 304.23647 58.413489 49309.902 -63773.8 5835.71 -69609.5 526.61916
4.42 289.70262 -466.22629 49553.091 -64074.2 5556.93 -69631.1 527.44853
4.43 291.82558 -493.14063 49521.807 -64295.4 5597.65 -69893.1 528.98104
4.44 285.53377 -574.98715 49604.384 -64050 5476.96 -69526.9 530.06671
4.45 291.08758 -322.63193 49656.816 -64125.4 5583.49 -69708.9 530.97645
4.46 300.26274 -156.08286 49659.583 -63911.7 5759.49 -69671.2 530.9982
4.47 286.30789 -106.60379 49463.537 -64251.1 5491.81 -69742.9 530.61364
4.48 284.82729 -330.8852 49574.418 -64644.2 5463.41 -70107.6 531.89126
4.49 300.47979 -335.83936 49734.284 -64153.3 5763.65 -69917 535.41387
4.5 286.61707 -1018.0437 49995.221 -64387.3 5497.74 -69885.1 537.75036
4.51 298.21406 -725.9859 49980.748 -64317.7 5720.19 -70037.9 540.02462
4.52 283.74673 -456.98186 49713.103 -64616.4 5442.68 -70059.1 538.5961
4.53 301.7713 -59.589934 49823.025 -64315.3 5788.42 -70103.7 539.93537
4.54 292.43393 -472.4997 49820.473 -64300.8 5609.32 -69910.1 539.88344
4.55 288.35171 -536.25919 49821.476 -64469.8 5531.02 -70000.8 541.78979
4.56 299.77996 -111.25577 49773.461 -64257.2 5750.23 -70007.4 543.32831
4.57 289.73341 -575.77447 49739.306 -64541.1 5557.52 -70098.6 542.86258
4.58 292.03083 -196.47383 49623.205 -64773.9 5601.59 -70375.5 541.94837
4.59 289.46352 -573.96127 49814.892 -64663.3 5552.34 -70215.6 542.12116
4.6 292.30907 -645.23648 49728.859 -64393.1 5606.92 -70000 541.87558
4.61 283.93376 -1069.9201 49998.767 -64412.3 5446.27 -69858.6 543.61506
4.62 290.8944 -470.20454 49616.448 -64222.8 5579.79 -69802.6 540.78601
4.63 293.01443 172.4832 49384.792 -63951.8 5620.45 -69572.3 541.30132
4.64 301.23346 -264.91868 49437.795 -64310 5778.11 -70088.1 540.23183
4.65 288.23447 -722.71752 49475.382 -63858.2 5528.77 -69387 541.70004
4.66 293.23237 -28.353136 49328.299 -64109.6 5624.63 -69734.2 543.00388
4.67 278.70491 -524.70646 49717.633 -64482.4 5345.98 -69828.4 549.1543
4.68 301.4502 -116.98653 49463.02 -64058.4 5782.26 -69840.7 545.94181
4.69 288.37026 -495.35581 49627.214 -64262.8 5531.37 -69794.2 549.29214
4.7 287.17506 -927.28955 49811.045 -64482.3 5508.45 -69990.7 547.16692
4.71 292.60678 -468.20092 49557.374 -64200.3 5612.63 -69812.9 547.46271
4.72 300.44137 -429.99281 49567.774 -63926.3 5762.91 -69689.2 549.75682
4.73 286.39942 -239.63772 49545.829 -64327.5 5493.57 -69821.1 551.04191
4.74 284.46037 84.767256 49558.22 -64654.4 5456.37 -70110.8 553.45638
4.75 294.23555 37.970631 49655.122 -64240.5 5643.88 -69884.3 555.88375
4.76 292.95664 -1074.3455 50066.564 -64253.2 5619.34 -69872.6 562.28405
4.77 299.54362 -503.28943 49947.691 -64401.6 5745.69 -70147.3 563.09632
4.78 286.91727 -130.32677 49690.332 -64774.8 5503.5 -70278.3 562.02061
4.79 289.23187 -97.281919 49686.309 -64282.9 5547.9 -69830.8 560.61862
4.8 285.52578 -253.71994 49748.413 -64687.1 5476.81 -70163.9 560.13658
4.81 294.75821 -215.82138 49720.687 -64559.2 5653.9 -70213.1 560.27506
4.82 282.89812 -884.77983 49943.607 -64833.4 5426.41 -70259.8 561.54947
4.83 295.18376 -548.78311 49847.43 -64421.8 5662.06 -70083.9 561.74322
4.84 283.79053 -711.79689 49811.037 -64900.1 5443.53 -70343.7 562.44438
4.85 294.11712 -1340.7553 50039.028 -64514.2 5641.6 -70155.8 567.04372
4.86 296.39014 -805.31926 49858.733 -64261.9 5685.2 -69947.1 565.41237
4.87 295.77044 -553.18086 49868.218 -64461.2 5673.32 -70134.5 566.43012
4.88 290.43857 -469.03811 49693.46 -65096 5571.04 -70667.1 566.42005
4.89 298.21356 -302.69506 49997.348 -64396.3 5720.18 -70116.5 570.29414
4.9 290.81093 -673.28054 49636.665 -64724.7 5578.19 -70302.8 568.11096
4.91 290.43906 -5.6685874 49519.119 -64359.5 5571.05 -69930.5 568.55144
4.92 295.49364 -748.84424 50128.07 -64456.2 5668.01 -70124.2 571.07733
4.93 287.55543 -468.52043 49782.436 -64818.1 5515.74 -70333.9 568.82639
4.94 288.98823 -639.71863 49905.144 -64688.7 5543.22 -70232 570.54569
4.95 297.31435 -718.16216 49815.468 -64305.8 5702.93 -70008.7 570.00235
4.96 294.12612 -482.28552 49831.157 -64347.2 5641.78 -69989 570.90912
4.97 296.80873 -480.41647 49558.197 -64139.8 5693.23 -69833 570.5549
4.98 291.79659 -51.99075 49577.099 -64191.8 5597.09 -69788.9 569.75093
4.99 293.80086 -468.24299 49682.013 -64038.1 5635.54 -69673.6 570.09918
5 278.30933 -1115.6314 49793.577 -64478.7 5338.39 -69817.1 572.45096
5.01 294.13017 -641.61842 49753.914 -64262.8 5641.85 -69904.7 572.69116
5.02 291.84805 -1226.8686 50136.861 -64618.9 5598.08 -70217 573.46326
5.03 291.87686 -497.43755 49905.209 -64578.2 5598.63 -70176.8 572.08942
5.04 292.8726 -333.21616 49726.43 -64494.3 5617.73 -70112 571.251
5.05 287.16978 -932.19627 49967.398 -64788.4 5508.34 -70296.8 572.93425
5.06 289.52438 -653.62736 49940.039 -64283.5 5553.51 -69837 574.4157
5.07 287.32791 -1191.8534 49995.034 -64534.2 5511.38 -70045.5 576.35777
5.08 291.97409 -502.25227 49804.82 -64506.1 5600.5 -70106.6 577.44893
5.09 299.4626 -302.12032 49612.847 -64238.2 5744.14 -69982.3 575.93628
5.1 291.51799 -507.77138 49735.709 -64309.9 5591.75 -69901.6 577.37449
5.11 292.73858 -737.99501 49756.439 -64444.4 5615.16 -70059.5 578.78638
5.12 300.5848 56.663964 49551.903 -64281.8 5765.66 -70047.5 578.87638
5.13 291.0308 73.696705 49480.022 -64558.7 5582.4 -70141.1 577.15136
5.14 295.06754 -749.90471 49755.596 -64391.3 5659.83 -70051.1 579.80038
5.15 285.40047 -824.12323 49926.942 -64820.2 5474.41 -70294.6 581.15122
5.16 288.68096 -1662.5376 50092.932 -64262.7 5537.33 -69800 583.59
5.17 290.0711 -742.81602 49907.857 -64471.6 5564 -70035.6 583.74713
5.18 283.38269 -653.69726 49849.981 -64527.6 5435.7 -69963.3 581.86265
5.19 289.24267 -290.45158 49662.219 -64669.5 5548.1 -70217.7 579.46595
5.2 296.74418 -235.54428 49865.179 -64231.6 5692 -69923.6 582.03206
5.21 276.43245 61.648601 49565.29 -64653.4 5302.39 -69955.8 580.26897
5.22 294.8064 16.536265 49440.121 -64360.2 5654.83 -70015 581.1176
5.23 291.19369 -269.27239 49686.498 -64976.3 5585.53 -70561.8 582.38921
5.24 300.05823 -634.39298 49816.277 -64328.7 5755.56 -70084.3 585.10418
5.25 292.02252 -676.74469 49788.774 -63717.9 5601.43 -69319.4 584.47775
5.26 293.09459 -418.48542 49557.136 -63942.3 5621.99 -69564.3 584.59434
5.27 298.23607 -716.2279 49724.933 -63764.6 5720.61 -69485.2 587.78716
5.28 276.70126 -843.49055 49690.208 -64256.9 5307.54 -69564.5 588.77876
5.29 294.24622 122.3951 49504.996 -63700.7 5644.08 -69344.8 587.19611
5.3 284.96086 -643.71327 49695.951 -63832.8 5465.97 -69298.8 591.83421
5.31 298.5458 -324.40066 49537.137 -63967.8 5726.55 -69694.4 594.01807
5.32 291.57826 -204.60713 49591.096 -64217.2 5592.91 -69810.1 597.99021
5.33 297.55487 -668.07272 49714.062 -63681.7 5707.55 -69389.3 599.8007
5.34 289.57184 -440.82714 49837.524 -64014.5 5554.42 -69569 601.49485
5.35 285.22666 -696.48538 49882.922 -64020.8 5471.07 -69491.9 603.06364
5.36 306.48602 -323.70218 49601.13 -63878.6 5878.86 -69757.4 603.70426
5.37 284.26699 -361.25544 49666.486 -64338.5 5452.66 -69791.2 606.38867
5.38 289.80659 -567.06916 49667.769 -64412.5 5558.92 -69971.4 604.52651
5.39 292.25736 -970.1473 49884.354 -64240.8 5605.93 -69846.7 606.51803
5.4 295.63223 38.935862 49641.461 -64383.1 5670.67 -70053.8 604.37555
5.41 288.4379 -366.97541 49597.953 -64619.6 5532.67 -70152.3 603.95258
5.42 291.14802 -617.83138 49807.386 -64926 5584.65 -70510.6 607.15516
5.43 297.1682 -41.109866 49514.034 -64527.7 5700.13 -70227.8 604.90387
5.44 285.09639 -1029.3771 49924.168 -64694.4 5468.57 -70163 606.20658
5.45 286.82722 -387.7393 49743.981 -64543.4 5501.77 -70045.1 605.08584
5.46 294.13707 -468.51682 49790.828 -64232.2 5641.99 -69874.1 604.22679
5.47 293.30501 -185.42894 49567.827 -64527.1 5626.03 -70153.1 606.52507
5.48 286.04362 -586.57262 49743.049 -64913.2 5486.74 -70399.9 605.65783
5.49 281.09465 -443.4318 49820.604 -64664 5391.81 -70055.8 607.05457
5.5 293.25784 -30.140122 49566.241 -64248.4 5625.12 -69873.5 605.41002
5.51 304.31669 -87.18123 49647.525 -63964.8 5837.25 -69802 606.18372
5.52 296.17221 -202.36519 49649.03 -64653.3 5681.02 -70334.3 606.90715
5.53 305.35957 -276.92492 49637.743 -64331.3 5857.25 -70188.6 607.77514
5.54 285.91194 -1190.3584 49973.218 -64405.9 5484.22 -69890.2 611.26909
5.55 290.16605 -281.90852 49461.407 -64469.4 5565.82 -70035.3 608.02457
5.56 288.4849 -498.65604 49804.064 -64297.8 5533.57 -69831.4 611.34696
5.57 298.20663 -522.73113 49669.987 -64144.5 5720.05 -69864.5 609.43719
5.58 288.41403 -1019.714 50014.132 -64475.1 5532.21 -70007.3 613.02434
5.59 293.50835 -400.60406 49818.836 -64100 5629.93 -69729.9 615.7192
5.6 292.30792 -439.56046 49664.532 -64398.9 5606.9 -70005.8 615.94382
5.61 292.33265 -238.68303 49597.941 -64147.8 5607.38 -69755.1 615.72613
5.62 293.58133 -171.55216 49508.873 -64283.9 5631.33 -69915.2 615.88436
5.63 301.0164 -280.09907 49635.015 -64328.4 5773.94 -70102.3 617.92839
5.64 293.30815 -626.53203 49935.251 -64477.5 5626.09 -70103.6 621.26798
5.65 293.77786 -458.74529 49766.807 -64584.4 5635.1 -70219.5 620.3935
5.66 297.32654 -302.09066 49543.097 -64670.2 5703.17 -70373.4 617.68624
5.67 293.53841 -779.75363 49651.564 -64724.7 5630.5 -70355.2 619.47198
5.68 289.91114 -123.97374 49709.026 -64599.7 5560.93 -70160.6 619.82676
5.69 290.31934 -439.04641 49704.878 -64379.8 5568.76 -69948.5 619.59601
5.7 289.59636 -430.52514 49594.331 -64588.3 5554.89 -70143.2 619.32528
5.71 287.40619 -1061.5066 50044.341 -64288.5 5512.88 -69801.3 626.38402
5.72 286.03185 -1122.5489 50198.372 -64474.5 5486.52 -69961 627.00015
5.73 300.04002 -140.48372 49572.289 -64477.9 5755.21 -70233.1 623.79506
5.74 280.77651 -697.70821 49988.661 -64520.2 5385.71 -69905.9 626.28433
5.75 294.0565 -69.357552 49767.7 -64397.8 5640.44 -70038.3 625.52716
5.76 289.25642 -735.73017 49957.364 -64719.3 5548.37 -70267.7 626.3208
5.77 301.80496 -448.16009 49729.952 -64320 5789.07 -70109 624.74119
5.78 289.93863 -781.78882 49962.552 -64656.3 5561.45 -70217.7 626.47818
5.79 299.53454 -716.26849 49867.383 -64435.5 5745.52 -70181 626.3421
5.8 288.51382 -226.27047 49575.849 -64745.9 5534.12 -70280 625.6534
5.81 293.96076 -649.678 49659.231 -64265.4 5638.6 -69904 630.62891
5.82 288.18343 -301.76644 49732.548 -64707.5 5527.79 -70235.3 632.24964
5.83 294.42116 -667.15805 49774.917 -64418.1 5647.44 -70065.6 632.56587
5.84 288.90081 -892.17346 49720.16 -64885.8 5541.55 -70427.3 631.7241
5.85 294.55066 -848.63224 50006.298 -64368.7 5649.92 -70018.6 637.26784
5.86 297.44129 -334.44997 49775.108 -64272.1 5705.37 -69977.5 635.75145
5.87 294.9423 -290.63024 49677.49 -64508.6 5657.43 -70166.1 636.3622
5.88 277.72744 -818.25443 49646.943 -64447.3 5327.23 -69774.6 638.79502
5.89 296.72601 83.973198 49388.345 -64230.8 5691.65 -69922.4 635.80574
5.9 289.97246 -635.60186 49860.666 -64434.6 5562.1 -69996.7 641.60208
5.91 294.94315 119.11115 49448.278 -64035.8 5657.45 -69693.3 639.12543
5.92 294.61186 -820.17067 49802.126 -64084.9 5651.09 -69736 646.16678
5.93 293.0652 -842.65841 49854.335 -63508.8 5621.43 -69130.2 646.69069
5.94 292.81805 79.85484 49456.107 -63534.2 5616.69 -69150.9 643.47067
5.95 283.80864 -482.39614 49398.217 -64019 5443.87 -69462.9 644.9111
5.96 298.8096 -291.9825 49471.798 -63376.9 5731.61 -69108.5 647.72361
5.97 291.62544 -171.81485 49482.672 -64227.9 5593.81 -69821.7 648.08906
5.98 297.35877 -854.53891 50063.823 -64036.8 5703.78 -69740.6 653.81533
5.99 301.26445 -202.51781 49497.956 -63744.8 5778.7 -69523.5 649.8851
6 284.95429 -845.25094 49760.225 -64244.6 5465.85 -69710.4 652.96275
6.01 297.09564 -813.14399 49722.572 -64281.3 5698.74 -69980 652.33715
6.02 284.77153 -1048.8123 49964.652 -64192.8 5462.34 -69655.1 657.30795
6.03 301.94629 415.35145 49267.453 -63575.8 5791.78 -69367.5 655.91271
6.04 290.48758 72.486509 49287.679 -64050.9 5571.98 -69622.9 657.14368
6.05 294.66443 -90.396185 49545.577 -63976.3 5652.1 -69628.4 661.31511
6.06 289.61452 -435.10916 49562.466 -64449.1 5555.24 -70004.4 661.33673
6.07 287.69652 -441.58189 49680.574 -64414.8 5518.45 -69933.2 661.22179
6.08 293.18693 -735.74262 49633.989 -64008.6 5623.76 -69632.3 661.90025
6.09 297.73696 -597.29292 49619.39 -63955.4 5711.04 -69666.4 662.08818
6.1 285.01892 -685.14697 49742.95 -64013.7 5467.09 -69480.8 665.02989
6.11 291.26718 -845.52356 49780.42 -64038.3 5586.94 -69625.2 668.56842
6.12 295.36823 -140.65664 49494.866 -64208.4 5665.6 -69874 667.16727
6.13 294.66627 -881.79427 49504.27 -63877.9 5652.14 -69530 670.53631
6.14 287.44737 -479.64564 49585.926 -64295.8 5513.67 -69809.5 668.95757
6.15 284.92245 -893.40309 49688.793 -64265.6 5465.24 -69730.8 673.19415
6.16 301.48758 165.40704 49547.14 -64113.4 5782.98 -69896.4 674.62624
6.17 292.21624 -646.58126 49884.782 -64275.3 5605.14 -69880.4 678.76073
6.18 293.71592 -284.29755 49533.445 -64150.6 5633.91 -69784.5 676.46502
6.19 293.95262 -615.40664 49779.078 -64158.9 5638.45 -69797.3 678.24541
6.2 294.35579 -55.329502 49369.589 -64341.6 5646.18 -69987.8 675.79886
6.21 299.96813 -589.23249 49735.793 -64161.1 5753.84 -69915 680.36298
6.22 293.96754 -54.995462 49647.235 -64105.9 5638.73 -69744.6 677.65097
6.23 293.50153 -609.10417 49887.698 -63835.1 5629.8 -69464.9 681.54006
6.24 300.49003 176.41442 49320.893 -63941.6 5763.85 -69705.4 678.97288
6.25 282.19173 -147.182 49387.962 -64193.8 5412.86 -69606.7 679.64784
6.26 290.29787 -671.2442 49681.248 -64140.5 5568.35 -69708.8 682.94093
6.27 297.87223 -616.05957 49742.462 -63667.6 5713.63 -69381.2 681.88117
6.28 291.63407 -456.52013 49773.892 -63933 5593.98 -69527 684.15906
6.29 294.67102 -1005.787 49871.513 -64138 5652.23 -69790.2 685.45886
6.3 287.69531 -798.63206 49575.459 -64437.8 5518.42 -69956.2 684.48876
6.31 293.8771 -387.94923 49581.47 -64321.6 5637 -69958.6 685.87267
6.32 300.6847 -808.01031 49942.241 -64096.6 5767.58 -69864.2 690.64258
6.33 295.45805 -345.51843 49707.46 -64223.9 5667.33 -69891.2 689.00063
6.34 293.11516 -986.1664 50061.49 -64454 5622.39 -70076.4 691.83661
6.35 288.38521 -902.79034 49799.517 -64212.6 5531.66 -69744.3 689.21301
6.36 287.85899 -634.82741 49956.486 -64101.7 5521.56 -69623.2 692.76297
6.37 294.91643 -646.45697 49838.995 -64541.6 5656.94 -70198.5 693.32303
6.38 285.35506 -540.64042 49754.695 -64283.5 5473.54 -69757.1 695.87811
6.39 289.24867 -449.30858 49695.949 -64549.5 5548.22 -70097.8 694.75462
6.4 287.41954 -385.31166 49592.962 -64431.7 5513.13 -69944.8 693.43156
6.41 299.91584 -109.98302 49591.395 -64301.1 5752.83 -70054 693.88315
6.42 292.48925 -374.61834 49551.282 -64687.7 5610.38 -70298 692.52483
6.43 292.71941 -694.75601 49841.708 -64500.4 5614.79 -70115.2 695.3139
6.44 291.68377 -346.3941 49661.193 -64652.9 5594.93 -70247.8 692.52527
6.45 294.35462 -231.89483 49708.549 -64552.4 5646.16 -70198.6 694.4833
6.46 294.36947 -268.11432 49554.843 -64194.8 5646.44 -69841.3 691.35197
6.47 294.86346 -677.16764 49932.915 -64268.4 5655.92 -69924.3 695.09487
6.48 285.27587 87.700687 49368.906 -64468.6 5472.02 -69940.6 690.84924
6.49 289.22683 -462.11074 49608.269 -64499.7 5547.8 -70047.5 693.90396
6.5 288.92955 -12.319623 49601.485 -64281.5 5542.1 -69823.6 695.26325
6.51 286.45558 -627.12907 49908.02 -64413.2 5494.64 -69907.8 697.10094
6.52 289.239 -434.49611 49712.547 -63856 5548.03 -69404 695.98631
6.53 280.07076 -756.93192 49811.903 -64401.4 5372.17 -69773.6 696.65529
6.54 292.59826 -124.80928 49641.722 -63945.8 5612.47 -69558.3 698.40332
6.55 304.17553 -387.00693 49658.451 -63727.5 5834.54 -69562 699.19367
6.56 293.24028 -452.84527 49354.557 -64116.5 5624.79 -69741.3 697.99715
6.57 280.67252 -525.67323 49415.802 -64028.4 5383.72 -69412.1 704.07353
6.58 277.69069 -1466.4756 49944.31 -64337.8 5326.52 -69664.3 709.33684
6.59 295.41312 -943.86514 49757.111 -63881.8 5666.46 -69548.3 711.25971
6.6 293.21878 -425.46033 49673.464 -64214.8 5624.37 -69839.2 710.08948
6.61 288.16443 -752.55302 49783.656 -63904.8 5527.42 -69432.2 713.96579
6.62 284.20789 -653.77266 49845.496 -64225.3 5451.53 -69676.9 716.43692
6.63 291.13654 -654.97159 49605.083 -63569.5 5584.43 -69154 714.96262
6.64 282.80325 -1346.5573 50041.106 -64090.8 5424.59 -69515.3 719.09765
6.65 295.33354 -924.88913 49648.4 -63913.7 5664.94 -69578.7 713.81607
6.66 286.52234 -730.39675 49939.686 -64393.1 5495.92 -69889.1 717.06546
6.67 296.89852 -536.3108 49701.146 -63890.1 5694.96 -69585 714.15095
6.68 283.5915 -670.08354 49681.515 -64382 5439.71 -69821.7 715.98367
6.69 290.67458 23.373735 49546.464 -64109.7 5575.57 -69685.3 713.78823
6.7 290.99666 -370.20707 49792.351 -64254.9 5581.75 -69836.6 718.20904
6.71 284.68173 -599.24808 49502.545 -64670.1 5460.62 -70130.7 718.6601
6.72 300.10975 -322.02379 49812.529 -64319 5756.55 -70075.5 722.24211
6.73 287.57689 54.553082 49240.65 -64370.6 5516.15 -69886.7 717.00545
6.74 301.25152 -410.40876 49578.826 -63910.3 5778.45 -69688.8 720.47495
6.75 286.40355 -814.09676 49627.369 -64558.8 5493.65 -70052.5 723.36816
6.76 304.46477 -216.90061 49457.448 -64294.4 5840.09 -70134.5 722.7132
6.77 289.05644 50.734744 49471.948 -64380.7 5544.53 -69925.3 724.83915
6.78 301.07972 -441.03697 49830.958 -64161.4 5775.16 -69936.6 728.8694
6.79 280.3836 -393.08029 49599.863 -64527.6 5378.18 -69905.8 729.59568
6.8 296.43832 -365.072 49760.465 -64188.6 5686.13 -69874.7 731.21381
6.81 281.06364 -521.13289 49550.115 -64496.4 5391.22 -69887.6 730.55394
6.82 292.22227 -323.0261 49606.422 -64240.7 5605.26 -69846 730.01338
6.83 279.83525 -299.88238 49778.501 -64753.6 5367.66 -70121.3 734.08462
6.84 290.5856 -564.11618 49764.449 -64160.4 5573.86 -69734.3 735.60212
6.85 287.3721 -912.37472 49837.321 -64560.6 5512.22 -70072.8 738.90549
6.86 298.85843 -695.28006 49681.456 -64118.6 5732.55 -69851.2 737.70881
6.87 296.56989 -276.76347 49515.876 -64314.7 5688.65 -70003.4 739.58063
6.88 297.81184 -414.65608 49577.618 -64061.9 5712.47 -69774.3 739.53072
6.89 303.72865 -136.18479 49623.671 -64021.4 5825.97 -69847.4 740.6171
6.9 287.04562 -498.79607 49757.4 -64498 5505.96 -70003.9 740.0439
6.91 293.28066 -429.21665 49576.346 -64603.7 5625.56 -70229.3 739.10788
6.92 294.80713 -778.27267 49813.583 -64203.1 5654.84 -69857.9 744.70976
6.93 295.42612 -448.72807 49894.004 -64306.9 5666.71 -69973.6 746.12621
6.94 286.31906 -550.75945 49825.422 -64702.6 5492.03 -70194.6 745.62044
6.95 295.68845 -855.46295 49996.35 -64203.7 5671.74 -69875.4 746.97549
6.96 283.19397 -363.40659 49642.9 -64627.1 5432.08 -70059.2 744.79603
6.97 298.23655 -433.72426 49740.936 -64506.5 5720.62 -70227.1 745.43667
6.98 297.1104 -552.95932 49871.642 -64366.1 5699.02 -70065.2 747.20705
6.99 301.06583 -653.00684 49772.092 -64423.1 5774.89 -70198 748.85604
7 286.46568 -320.24587 49629.321 -64906.2 5494.84 -70401 747.4217
7.01 294.99353 -161.54328 49747.497 -64608.7 5658.42 -70267.1 746.98038
7.02 290.30343 -746.00434 49978.332 -64590.5 5568.45 -70159 749.1828
7.03 276.27497 -1226.593 49950.066 -64861.8 5299.37 -70161.2 748.16791
7.04 289.62601 -935.43181 49898.512 -64402.2 5555.46 -69957.7 749.43917
7.05 283.62299 -406.5071 49826.065 -64722.6 5440.31 -70162.9 746.81817
7.06 286.90856 -749.06917 49893.45 -64702.4 5503.33 -70205.8 745.65252
7.07 290.03839 -1237.1509 49864.992 -64352.9 5563.37 -69916.3 747.014
7.08 298.46115 -546.30428 49931.716 -64167.7 5724.93 -69892.6 747.206
7.09 285.42831 -510.37527 49715.43 -64587.1 5474.94 -70062 747.86745
7.1 285.83093 -553.15538 49744.954 -64292.4 5482.66 -69775.1 746.97761
7.11 290.78406 -435.07627 49607.027 -64375.5 5577.67 -69953.2 749.17656
7.12 295.79977 -1087.2286 50004.098 -63997.2 5673.88 -69671 753.20407
7.13 289.13903 -477.82973 49623.963 -64356.5 5546.12 -69902.6 747.8384
7.14 288.39701 -295.7565 49695.136 -64051.6 5531.88 -69583.5 746.50465
7.15 282.93013 -591.86805 49800.945 -64807.1 5427.02 -70234.1 747.97784
7.16 301.23477 -820.65116 49897.495 -64270.1 5778.13 -70048.2 750.83978
7.17 285.63375 -363.29718 49832.482 -64375.7 5478.88 -69854.6 749.76012
7.18 291.11039 -382.27614 49732.252 -64144.7 5583.93 -69728.6 750.4896
7.19 285.48328 -765.13223 49711.606 -64444.6 5475.99 -69920.6 751.57974
7.2 294.95136 -80.75415 49590.724 -64230.4 5657.61 -69888 752.53421
7.21 291.1554 -363.2239 49774.914 -64398.8 5584.79 -69983.6 754.45087
7.22 293.97779 -278.40077 49614.328 -64090.7 5638.93 -69729.6 752.98485
7.23 290.99523 -584.94998 49619.385 -64328.7 5581.72 -69910.4 751.42933
7.24 300.38557 -237.01096 49529.261 -64162 5761.84 -69923.8 753.9785
7.25 291.46682 -372.72903 49634.839 -64222.4 5590.77 -69813.2 755.18572
7.26 292.8761 29.229388 49410.564 -64246.1 5617.8 -69863.9 755.99063
7.27 293.75628 -267.34517 49677.666 -63874.7 5634.68 -69509.4 757.70009
7.28 288.622 -733.10433 49730.034 -64249.6 5536.2 -69785.8 757.032
7.29 296.84823 -229.29092 49394.517 -64018.1 5693.99 -69712.1 753.74094
7.3 297.29009 -293.34568 49458.535 -63810.8 5702.47 -69513.2 756.58427
7.31 273.00848 -1223.1496 49952.233 -64599.8 5236.71 -69836.5 760.23398
7.32 306.28716 -100.50971 49638.65 -64137.9 5875.04 -70013 756.89049
7.33 296.30967 -361.62972 49601.202 -64528.8 5683.66 -70212.5 758.07119
7.34 284.63902 -1027.5062 49917.32 -64401.4 5459.8 -69861.2 761.98164
7.35 295.75087 -322.64165 49648.065 -64012.9 5672.94 -69685.8 759.59716
7.36 284.53896 -745.90984 49712.144 -64233.9 5457.88 -69691.8 759.83159
7.37 281.61542 330.62032 49252.972 -63760.8 5401.8 -69162.6 758.60451
7.38 299.00807 -447.22912 49549.336 -63937 5735.42 -69672.4 760.99113
7.39 291.77779 -1277.0789 49961.09 -63976.4 5596.73 -69573.1 762.16317
7.4 292.89925 -435.0816 49676.602 -63953.6 5618.24 -69571.8 759.50764
7.41 292.29727 -432.14877 49695.035 -64223 5606.7 -69829.7 762.4561
7.42 294.28369 -319.38789 49884.519 -64274.8 5644.8 -69919.6 767.7607
7.43 287.12176 -386.77248 49505.278 -64578 5507.42 -70085.4 763.98109
7.44 290.07121 -640.56992 49694.23 -64279.2 5564 -69843.2 766.61206
7.45 289.63926 -198.1173 49578.56 -64649.5 5555.71 -70205.2 766.68619
7.46 289.34227 -354.69801 49593.125 -64153.2 5550.02 -69703.2 766.96171
7.47 293.79897 -488.3602 49648.517 -63902.8 5635.5 -69538.3 769.14556
7.48 285.8778 -762.12119 49814.069 -64277.1 5483.56 -69760.7 773.38819
7.49 284.36839 -950.53642 49842.817 -63702.7 5454.61 -69157.3 777.54836
7.5 296.29513 -1032.6861 49825.115 -63982.3 5683.38 -69665.7 781.47013
7.51 292.62853 -181.85972 49505.426 -64027.1 5613.05 -69640.1 779.21951
7.52 301.61906 -676.60015 49735.873 -63568 5785.5 -69353.5 781.3152
7.53 291.75481 -912.88316 49760.98 -63884.4 5596.29 -69480.7 783.42855
7.54 283.04348 -676.19801 49730.499 -64544.1 5429.2 -69973.3 783.32239
7.55 291.70308 -713.76065 50006.877 -64308.8 5595.3 -69904.1 786.83328
7.56 293.91398 -1.0180845 49493.841 -64573.9 5637.71 -70211.6 783.46021
7.57 286.62413 -145.03934 49580.732 -64221.1 5497.88 -69718.9 784.60651
7.58 280.19493 -891.22528 49939.063 -64652.6 5374.56 -70027.1 788.24453
7.59 295.85405 25.439212 49601.196 -64458.7 5674.92 -70133.6 787.45668
7.6 297.54425 -330.36364 49701.274 -64154.1 5707.34 -69861.4 789.75098
7.61 289.99239 -539.89319 49863.663 -64549.8 5562.49 -70112.3 790.17149
7.62 290.56405 264.29254 49554.011 -64382.1 5573.45 -69955.5 789.43704
7.63 291.71316 -412.80479 49451.084 -64156.5 5595.49 -69752 789.74154
7.64 291.75884 -379.67601 49622.197 -64085.8 5596.37 -69682.2 792.74214
7.65 293.67128 -182.69488 49616.31 -64160.3 5633.05 -69793.3 792.28314
7.66 295.70155 -332.46864 49472.754 -64294.8 5672 -69966.8 790.17303
7.67 296.67449 -789.83419 49837.144 -64155.1 5690.66 -69845.8 798.05496
7.68 277.70897 -253.78912 49525.803 -64567.9 5326.87 -69894.8 798.54637
7.69 298.22812 -386.74624 49412.917 -64124.6 5720.46 -69845.1 797.66496
7.7 285.65761 -457.64312 49655.411 -64541.5 5479.34 -70020.9 800.21381
7.71 292.29314 -1084.0067 49822.063 -64381.1 5606.62 -69987.7 802.90733
7.72 287.1106 -949.60297 49857.615 -64094.6 5507.21 -69601.8 804.73008
7.73 276.96406 -81.927285 49522.105 -64543.9 5312.58 -69856.5 802.99546
7.74 298.04477 -736.58608 49880.08 -64219 5716.94 -69935.9 807.34668
7.75 300.53425 -1377.263 49980.394 -63875.6 5764.69 -69640.3 807.62523
7.76 284.63863 -901.39981 49983.862 -64325.7 5459.79 -69785.5 808.07262
7.77 298.53017 -539.52811 49522.358 -64152.7 5726.25 -69878.9 802.52923
7.78 286.44372 -601.49922 49747.155 -64015.7 5494.42 -69510.2 805.42841
7.79 298.62014 -462.42539 49664.612 -64447.5 5727.98 -70175.5 806.5275
7.8 297.38485 -916.05778 50146.25 -64195.9 5704.28 -69900.1 812.78992
7.81 290.48012 -184.96673 49475.674 -64598.8 5571.84 -70170.6 805.8427
7.82 288.87893 -788.4653 49814.733 -64447.6 5541.13 -69988.8 808.65081
7.83 288.02415 -335.6676 49701.864 -64408.5 5524.73 -69933.2 808.05284
7.84 302.21227 -392.74676 49648.186 -63999.8 5796.88 -69796.7 809.12697
7.85 292.06972 -672.95131 49763.403 -64479.3 5602.33 -70081.6 809.24038
7.86 292.69863 -897.74296 50006 -64123.7 5614.4 -69738.1 813.99655
7.87 296.81525 -659.48202 49865.54 -64453.2 5693.36 -70146.6 814.96972
7.88 293.3879 -470.76494 49765.257 -64417 5627.62 -70044.6 814.43379
7.89 291.75193 -503.78367 49904.142 -64325.8 5596.24 -69922 819.77987
7.9 294.45778 -870.11082 49745.377 -64232.9 5648.14 -69881 818.74691
7.91 295.98399 -55.239567 49458.162 -64064.3 5677.41 -69741.7 816.77218
7.92 292.00964 -753.83972 49720.247 -64069.7 5601.18 -69670.9 821.277
7.93 287.04857 -543.563 49754.757 -64389.5 5506.02 -69895.5 820.91713
7.94 291.59596 -875.46282 49905.606 -64237.6 5593.24 -69830.8 822.49386
7.95 289.01236 -520.65387 49700.987 -64428.8 5543.69 -69972.5 822.38986
7.96 291.82913 -648.59926 49637.032 -64079.6 5597.72 -69677.3 822.50861
7.97 295.84639 -109.37979 49594.136 -64757.5 5674.77 -70432.3 823.85625
7.98 291.93037 -480.75238 49767.092 -64417.1 5599.66 -70016.8 825.73972
7.99 288.99459 -395.02448 49805.464 -64804.9 5543.35 -70348.2 825.73541
8 302.01421 -227.32982 49649.115 -64395.1 5793.08 -70188.2 825.80929
8.01 291.23522 -328.94598 49620.358 -64762.6 5586.32 -70348.9 826.30963
8.02 293.56455 -731.01168 49825.286 -64174.5 5631.01 -69805.5 829.43879
8.03 288.93899 -993.01103 49815.541 -64563.3 5542.28 -70105.5 830.36393
8.04 297.98096 -356.78251 49824.699 -64394.7 5715.72 -70110.4 830.46991
8.05 287.64063 -723.04834 49793.661 -64508.9 5517.38 -70026.3 828.34592
8.06 288.78942 -1119.7731 49959.629 -64262.4 5539.41 -69801.8 832.14245
8.07 293.54665 -410.9371 49737.494 -64189.9 5630.66 -69820.5 832.1104
8.08 290.3442 -522.87764 49870.376 -64250.5 5569.23 -69819.7 832.43026
8.09 284.62537 -131.52034 49639.555 -64659.6 5459.54 -70119.1 831.42637
8.1 287.33434 335.82227 49584.458 -64773.8 5511.5 -70285.3 829.94888
8.11 301.48888 -238.41537 49839.896 -64373.2 5783.01 -70156.2 832.03992
8.12 295.32645 -635.51668 49843.866 -64532.9 5664.8 -70197.7 831.09897
8.13 292.91995 -751.56666 49763.002 -64158.9 5618.64 -69777.5 832.21647
8.14 283.40655 -640.36574 49713.515 -64240.6 5436.16 -69676.8 832.23164
8.15 302.08484 -562.13417 49571.16 -64033 5794.44 -69827.4 827.94573
8.16 293.52184 -125.90986 49607.972 -63902 5630.19 -69532.2 826.52106
8.17 298.37184 -582.18346 49796.63 -64430.7 5723.22 -70153.9 829.36872
8.18 284.36033 -122.65574 49434.069 -64219.3 5454.45 -69673.7 828.46298
8.19 281.94952 -453.57146 49526.928 -64426.9 5408.21 -69835.1 831.59943
8.2 296.14369 -259.39068 49685.143 -64185.7 5680.48 -69866.2 832.76951
8.21 288.8544 230.19003 49345.775 -64587.2 5540.66 -70127.8 833.01953
8.22 305.24232 -736.5758 49987.852 -63978.9 5855 -69833.9 838.78911
8.23 278.53654 -725.35378 49804.262 -64727.8 5342.75 -70070.6 839.56277
8.24 301.8312 -349.47069 49594.587 -64182.3 5789.57 -69971.9 836.53001
8.25 295.71419 -374.13013 49695.513 -63930.2 5672.24 -69602.5 841.26397
8.26 283.93276 -318.20578 49563.621 -64258.3 5446.25 -69704.6 842.09859
8.27 288.47691 -643.93728 49852.878 -64502.1 5533.42 -70035.5 847.81976
8.28 294.94681 -447.5795 49884.564 -64198.6 5657.52 -69856.1 846.42632
8.29 291.68107 -672.28492 49757.525 -64041.9 5594.88 -69636.8 849.04504
8.3 286.54207 -366.84423 49601.6 -64159.6 5496.3 -69655.9 850.75441
8.31 291.43022 -918.36667 49927.666 -64241.7 5590.07 -69831.8 855.91138
8.32 289.25999 224.18798 49332.061 -64254.8 5548.44 -69803.3 850.73314
8.33 284.37015 -572.90817 49654.535 -64576.8 5454.64 -70031.4 854.05015
8.34 287.05339 -1157.9095 50098.134 -64402.1 5506.11 -69908.3 860.55912
8.35 299.84416 -617.7362 49649.932 -64218.3 5751.46 -69969.8 857.63514
8.36 293.40923 -715.45621 49872.632 -64259.8 5628.03 -69887.8 861.80028
8.37 289.58956 -703.90952 49909.24 -64462.1 5554.76 -70016.9 862.09314
8.38 286.09896 -3.1276668 49626.454 -64536.9 5487.8 -70024.7 859.80932
8.39 294.11884 -154.71075 49581.045 -64305.7 5641.64 -69947.4 860.82861
8.4 283.19208 -536.14334 49795.276 -64562.9 5432.05 -69994.9 865.40826
8.41 283.31113 -374.23595 49751.794 -64900.8 5434.33 -70335.2 865.76975
8.42 290.00745 -264.81303 49712.861 -64471.9 5562.77 -70034.7 866.10236
8.43 290.40383 229.24737 49553.49 -64048.2 5570.38 -69618.5 865.42014
8.44 295.92425 -366.51343 49844.08 -64206.2 5676.27 -69882.5 867.98364
8.45 289.79914 -616.64174 49732.431 -64357.8 5558.78 -69916.5 865.8363
8.46 289.45237 -320.35792 49706.067 -64182 5552.13 -69734.1 867.57356
8.47 293.51234 -563.35887 49619.369 -64610.7 5630 -70240.7 870.6445
8.48 295.50966 -731.15377 49896.254 -64362.6 5668.32 -70030.9 872.39278
8.49 295.54542 -980.93457 50053.974 -64420.7 5669 -70089.7 875.35581
8.5 295.13596 -564.84913 49891.03 -64557.6 5661.15 -70218.7 873.02576
8.51 294.26074 -568.65023 49759.388 -64046.2 5644.36 -69690.6 872.5144
8.52 288.52825 -439.37403 49472.298 -64079.5 5534.4 -69613.9 870.08362
8.53 284.87049 -469.3257 49718.665 -64218 5464.24 -69682.3 874.54094
8.54 294.66062 -688.09147 49656.951 -63973.2 5652.03 -69625.2 874.98946
8.55 291.18957 -572.68963 49620.839 -64499.3 5585.45 -70084.7 876.1708
8.56 296.22171 -509.732 49717.031 -64014.2 5681.97 -69696.2 876.0851
8.57 303.2897 -308.83252 49557.458 -63548.3 5817.55 -69365.8 875.36037
8.58 287.50032 -640.79029 49720.749 -64115.3 5514.68 -69630 875.27475
8.59 282.87337 -275.6505 49731.553 -64641 5425.93 -70066.9 876.90233
8.6 294.12801 -829.14637 49803.057 -64139 5641.81 -69780.8 878.56692
8.61 282.44073 -605.39624 49586.573 -64373.8 5417.63 -69791.4 877.72539
8.62 286.17399 -755.3476 49986.525 -64632.4 5489.24 -70121.6 882.46677
8.63 295.99438 -833.98667 49747 -63969.1 5677.61 -69646.7 880.14106
8.64 296.80735 -151.6825 49560.933 -64026 5693.21 -69719.2 878.9532
8.65 289.47515 -867.68148 49783.361 -64372.4 5552.56 -69925 882.79729
8.66 292.9741 -721.63874 49747.982 -64208.9 5619.68 -69828.6 887.07433
8.67 287.34236 -379.68358 49794.835 -64329.1 5511.65 -69840.8 887.13034
8.68 283.55453 -460.82579 49750.75 -64447.9 5439 -69886.9 888.04903
8.69 290.48334 -592.37451 49716.646 -64329.7 5571.9 -69901.6 887.17715
8.7 286.5449 -423.85692 49681.648 -64370.6 5496.36 -69866.9 887.93774
8.71 301.47073 -564.32678 49530.151 -64168.1 5782.66 -69950.7 886.92382
8.72 301.02049 -339.04813 49583.82 -63635.4 5774.02 -69409.4 888.67844
8.73 290.16889 -579.76205 49492.942 -64298.4 5565.87 -69864.2 887.89614
8.74 299.60438 -609.08318 49569.661 -63958 5746.86 -69704.8 889.77722
8.75 290.36449 -723.17192 49718.425 -63975 5569.62 -69544.6 892.97379
8.76 291.13046 -199.43886 49589.643 -64195.8 5584.32 -69780.2 892.69848
8.77 294.56425 67.383148 49579.825 -63782.2 5650.18 -69432.4 893.3796
8.78 290.38734 -215.72921 49453.714 -63956.9 5570.06 -69526.9 893.08538
8.79 275.12793 -297.86642 49516.51 -64185.3 5277.36 -69462.7 893.08305
8.8 297.62819 -858.59268 49708.671 -63954.3 5708.95 -69663.2 895.77113
8.81 292.00036 -436.30648 49752.532 -64069 5601 -69670 895.92266
8.82 287.7387 -251.94509 49389.328 -64314.3 5519.26 -69833.5 891.52625
8.83 293.19472 -329.74096 49659.942 -63945.2 5623.91 -69569.1 896.76673
8.84 291.61512 -454.52141 49726.935 -64024.5 5593.61 -69618.1 897.24333
8.85 295.83106 -118.52559 49603.584 -63772.1 5674.48 -69446.6 896.74653
8.86 288.60149 -321.75969 49630.882 -63933 5535.81 -69468.8 899.17994
8.87 299.59834 -830.88122 49842.878 -64056.4 5746.74 -69803.1 901.91537
8.88 292.83826 -89.918875 49777.411 -64089.2 5617.07 -69706.3 901.19574
8.89 287.6745 -661.85732 49800.762 -64221.4 5518.03 -69739.4 903.10858
8.9 274.81935 -787.76699 49789.528 -64269.7 5271.44 -69541.1 902.96621
8.91 291.87631 -46.33184 49616.345 -64598.5 5598.62 -70197.1 900.6317
8.92 288.49317 -784.16897 49902.708 -64300.2 5533.73 -69833.9 904.99384
8.93 291.75359 -675.12485 49966.482 -64181.9 5596.27 -69778.2 905.79232
8.94 290.4942 -568.0123 49832.289 -64544.4 5572.11 -70116.5 904.90811
8.95 295.89992 -820.56372 49825.353 -64215.1 5675.8 -69890.9 906.54626
8.96 296.4481 -775.68416 49883.049 -64303.7 5686.32 -69990 909.51405
8.97 292.29949 -225.70234 49345.764 -63877.5 5606.74 -69484.3 902.50308
8.98 297.95019 -877.04804 49812.507 -63914.6 5715.13 -69629.7 909.94481
8.99 286.82707 -1093.7834 50029.822 -64038.1 5501.77 -69539.9 913.37617
9 285.19793 -436.8673 49379.519 -64139.1 5470.52 -69609.6 909.12713
9.01 295.79027 -1003.3437 49996.173 -63912.5 5673.7 -69586.2 917.36709
9.02 298.78801 -480.54269 49528.595 -63861.2 5731.2 -69592.4 911.29091
9.03 290.09297 -705.53405 49619.726 -64058.1 5564.41 -69622.5 911.93345
9.04 299.99129 -322.19533 49576.888 -63864.3 5754.28 -69618.6 914.11574
9.05 297.06163 139.08629 49095.83 -63474.2 5698.08 -69172.3 909.36858
9.06 285.60531 -357.13694 49634.572 -63726.2 5478.34 -69204.5 915.35636
9.07 286.04007 -760.54971 49631.72 -64177.8 5486.67 -69664.5 915.18275
9.08 294.2219 -249.79378 49312.977 -63925.3 5643.61 -69569 913.33179
9.09 291.76481 -766.23127 49682.482 -64105.6 5596.48 -69702.1 919.52269
9.1 298.83882 -399.51827 49627.072 -63590.7 5732.17 -69322.8 920.40683
9.11 280.69995 -981.22132 49786.469 -64113.5 5384.24 -69497.7 923.31012
9.12 295.32285 -397.89347 49499.704 -63542.5 5664.73 -69207.3 923.02488
9.13 293.65316 -376.97068 49865.038 -63711.7 5632.7 -69344.4 928.11219
9.14 282.76598 -615.11979 49590.148 -64219.8 5423.87 -69643.6 924.89672
9.15 284.51241 -442.43911 49598.605 -63952 5457.37 -69409.4 924.24182
9.16 285.58516 -120.40608 49457.002 -64332.3 5477.95 -69810.3 921.86326
9.17 294.25219 -395.63956 49605 -63838.6 5644.2 -69482.8 927.14755
9.18 283.29401 -806.99873 50026.574 -64180.8 5434 -69614.8 931.78771
9.19 287.32427 -602.64512 49741.409 -63890.1 5511.31 -69401.4 928.34486
9.2 280.11359 -761.40704 49622.273 -64481.3 5373 -69854.3 928.21197
9.21 295.10197 -600.79909 49777.337 -64100.5 5660.5 -69761 930.95879
9.22 301.36507 -490.87967 49471.365 -63825.7 5780.63 -69606.4 927.59824
9.23 296.76551 -955.13959 50006.366 -64001.7 5692.4 -69694.1 935.51268
9.24 289.78317 -309.87558 49605.98 -64270.9 5558.47 -69829.3 931.35681
9.25 300.28314 -911.87914 49997.516 -63852.3 5759.88 -69612.2 933.35449
9.26 286.03031 -644.76243 49688.277 -64428.3 5486.49 -69914.8 931.71927
9.27 300.07297 -1121.508 50070.33 -64037.4 5755.85 -69793.2 934.6658
9.28 291.77999 -631.8978 49887.501 -64426.7 5596.77 -70023.4 934.28737
9.29 289.20121 -1000.3316 49849.436 -63974.1 5547.31 -69521.4 937.42604
9.3 297.68904 -239.29936 49580.741 -63858.2 5710.12 -69568.3 934.28263
9.31 301.24414 -684.99881 49629.035 -63522.5 5778.31 -69300.8 936.22221
9.32 291.92968 -598.54573 49590.473 -63729.8 5599.65 -69329.5 934.97986
9.33 292.1753 -568.81484 49609.711 -63880.3 5604.36 -69484.7 936.36162
9.34 296.75451 -447.95392 49584.567 -63723.6 5692.19 -69415.8 941.01349
9.35 297.17791 -479.96673 49643.41 -63861.6 5700.31 -69561.9 944.55251
9.36 281.0477 -270.00043 49525.031 -64008.1 5390.91 -69399 948.08887
9.37 283.02362 -128.74656 49197.498 -64009.3 5428.81 -69438.1 943.82929
9.38 297.80936 -116.76712 49551.448 -63672.7 5712.43 -69385.2 949.48091
9.39 294.64813 -484.96546 49395.789 -63826 5651.79 -69477.8 946.79061
9.4 290.17992 -849.918 49833.854 -63437.7 5566.08 -69003.8 956.15005
9.41 287.13092 -756.51356 49606.05 -63561.4 5507.6 -69069 954.44069
9.42 300.42669 -699.92036 49530.337 -63025.3 5762.63 -68787.9 952.91805
9.43 291.6566 -501.5512 49305.023 -63228.1 5594.41 -68822.5 955.59123
9.44 300.65679 -1291.2829 49708.013 -62677.2 5767.04 -68444.2 962.76153
9.45 300.13842 2.0157565 49248.852 -62986.7 5757.1 -68743.8 959.81563
9.46 298.46725 -429.41498 49032.569 -63098.1 5725.05 -68823.2 959.52629
9.47 288.81856 -702.00159 49420.663 -63275.1 5539.97 -68815.1 968.1872
9.48 293.44615 -533.75957 49589.117 -63245.5 5628.73 -68874.2 967.65325
9.49 296.37928 -485.59071 49733.522 -63746.7 5685 -69431.7 972.21828
9.5 298.87401 -534.4236 49677.494 -63584.2 5732.85 -69317 971.89866
9.51 292.40033 -28.982464 49258.788 -63742.2 5608.67 -69350.9 969.42252
9.52 283.42771 -465.07032 49772.154 -63634.6 5436.57 -69071.2 975.02902
9.53 286.24277 -724.25803 49672.521 -64025.7 5490.56 -69516.3 974.66704
9.54 303.13684 -345.03598 49531.368 -63949.9 5814.62 -69764.5 975.42639
9.55 291.91299 -492.95943 49605.793 -63980.2 5599.33 -69579.6 975.07016
9.56 292.12784 21.264235 49545.07 -64257.3 5603.45 -69860.8 975.61515
9.57 300.78153 -483.0064 49709.769 -63881.3 5769.44 -69650.8 977.0379
9.58 293.21479 -637.90746 49848.077 -63813 5624.3 -69437.3 980.32386
9.59 291.26951 -413.4059 49748.517 -64239.3 5586.98 -69826.3 980.92494
9.6 293.24943 -388.34655 49533.701 -63879.3 5624.96 -69504.3 978.97152
9.61 289.24464 -394.40639 49634.663 -64032 5548.14 -69580.1 978.91138
9.62 289.35067 -546.39495 49796.318 -64178.2 5550.18 -69728.3 980.97207
9.63 286.89664 -992.4428 49743.209 -64241.2 5503.1 -69744.3 982.15372
9.64 290.20747 -586.89792 49632.085 -63841.1 5566.61 -69407.7 982.46186
9.65 293.98969 -117.35669 49398.271 -63982.8 5639.16 -69621.9 981.79578
9.66 291.44837 -806.64352 49871.812 -64071.2 5590.41 -69661.6 988.9943
9.67 294.2113 -633.47361 49628.229 -64066.2 5643.41 -69709.6 986.64563
9.68 292.68436 -326.79976 49620.152 -64127.3 5614.12 -69741.5 989.25428
9.69 289.47982 -407.18158 49721.117 -64008.3 5552.65 -69560.9 991.12491
9.7 291.08951 -324.32609 49794.267 -64291 5583.53 -69874.6 993.57706
9.71 287.51861 -786.86699 49865.59 -64216.7 5515.03 -69731.7 997.36982
9.72 295.1529 54.667096 49383.814 -64403.5 5661.47 -70065 991.60623
9.73 291.11984 -933.81939 49810.374 -64083.1 5584.11 -69667.2 997.56157
9.74 283.42441 -682.89998 49797.43 -64649.5 5436.5 -70086 996.75398
9.75 299.98323 -208.72581 49604.439 -64178.1 5754.13 -69932.2 999.12055
9.76 296.84022 -243.69653 49578.436 -64549.6 5693.84 -70243.4 998.97017
9.77 301.60975 -360.06247 49785.041 -64166.4 5785.32 -69951.7 1005.0749
9.78 287.11512 -1080.6106 49833.147 -63858.5 5507.3 -69365.8 1008.8405
9.79 299.33167 -637.53372 49709.587 -63851.7 5741.63 -69593.3 1009.4125
9.8 296.8931 -281.57229 49744.72 -63915.2 5694.85 -69610.1 1011.2545
9.81 288.97616 -739.80567 49977.889 -64290.4 5542.99 -69833.4 1016.3693
9.82 291.94373 -940.17297 49916.646 -64130 5599.92 -69729.9 1014.5236
9.83 292.21639 -1222.4614 50112.977 -64352.3 5605.15 -69957.5 1017.1974
9.84 289.9075 -920.39131 50189.034 -64744.1 5560.86 -70304.9 1017.6898
9.85 294.47862 -47.211457 49603.16 -64517.8 5648.54 -70166.4 1009.6651
9.86 294.44204 -950.00285 49924.836 -64447.9 5647.84 -70095.7 1015.9854
9.87 296.04883 -249.84635 49551.108 -64220.8 5678.66 -69899.4 1012.0206
9.88 286.50416 -78.249214 49675.603 -64384.9 5495.58 -69880.4 1014.5517
9.89 291.04599 -79.433385 49609.754 -64154.5 5582.7 -69737.2 1014.4209
9.9 283.25136 -1052.1836 50058.543 -64355.5 5433.18 -69788.7 1018.2928
9.91 293.23196 -426.75966 49790.977 -64211.4 5624.63 -69836 1015.3758
9.92 291.9548 -301.25221 49722.127 -63904 5600.13 -69504.1 1013.3685
9.93 283.29413 -191.02533 49498.444 -64160 5434 -69594 1010.459
9.94 291.69113 -1540.5018 50120.934 -64121.6 5595.07 -69716.7 1020.445
9.95 299.8713 -753.62195 49782.463 -64151.6 5751.98 -69903.6 1017.7535
9.96 298.74694 -542.141 49433.359 -64294.4 5730.41 -70024.8 1014.0795
9.97 298.18876 -162.75501 49515.639 -63991.5 5719.7 -69711.2 1015.6104
9.98 299.90109 -623.83473 49646.261 -64080.7 5752.55 -69833.3 1015.8078
