0 295.91762 -424.24233 48806.333 -61028 5676.14 -66704.2 10.112378
0.01 283.94639 -680.47694 49067.638 -61556.4 5446.51 -67002.9 19.312357
0.02 288.03301 -59.4453 48721.679 -61535.6 5524.9 -67060.5 28.167552
0.03 297.94368 -455.48847 48995.594 -61950 5715 -67665 34.201493
0.04 292.09578 -423.95942 48889.344 -62045.9 5602.83 -67648.8 41.504219
0.05 290.99459 -20.946749 48816.379 -61696.2 5581.71 -67277.9 47.717403
0.06 286.83133 -1002.0891 49514.583 -62393.4 5501.85 -67895.3 53.367982
0.07 289.20663 -919.4461 49091.041 -62765.5 5547.41 -68312.9 58.274451
0.08 293.43148 -761.67489 49214.486 -62688.8 5628.45 -68317.2 62.836228
0.09 289.15682 -524.71742 49108.615 -62651.8 5546.46 -68198.3 67.374044
0.1 288.7672 -679.16009 49155.418 -62795.7 5538.98 -68334.7 70.740502
0.11 289.39355 -1318.032 49701.961 -62916.2 5551 -68467.2 74.323523
0.12 281.34182 -455.19519 49231.694 -63114.9 5396.55 -68511.5 78.061941
0.13 289.54831 -903.40028 49054.295 -62525.5 5553.97 -68079.5 81.798567
0.14 289.38912 -497.4138 49066.911 -62938.8 5550.91 -68489.7 86.256552
0.15 296.93118 -321.70029 49146.628 -62514.9 5695.58 -68210.5 92.122594
0.16 280.94893 -803.79183 49350.812 -63067.8 5389.02 -68456.8 97.278508
0.17 297.23891 -98.446453 49282.069 -62906.1 5701.48 -68607.6 100.08961
0.18 300.26997 -62.920074 49244.952 -63270.8 5759.62 -69030.5 103.63094
0.19 288.46945 -174.66252 49440.878 -63156.5 5533.27 -68689.8 106.55974
0.2 289.6673 15.581951 49430.429 -63372.7 5556.25 -68928.9 110.80213
0.21 293.01565 -509.86902 49565.393 -63204 5620.48 -68824.5 114.85166
0.22 294.99895 388.51749 49036.344 -63325.6 5658.52 -68984.1 116.81412
0.23 281.54237 -70.285413 49262.392 -63797.8 5400.4 -69198.3 117.69465
0.24 287.51435 -727.85862 49798.692 -63576.1 5514.95 -69091 121.03762
0.25 287.16289 -700.272 49918.326 -63804.3 5508.21 -69312.5 122.43225
0.26 294.98004 -1122.6142 49930.602 -63755 5658.16 -69413.2 126.27461
0.27 288.02198 -225.21711 49638.556 -64039.8 5524.69 -69564.4 125.98426
0.28 298.81192 -674.62559 49769.197 -63674.7 5731.66 -69406.4 128.354
0.29 284.26323 -1086.3135 49817.506 -63938 5452.59 -69390.6 130.4116
0.3 282.70947 -510.94941 49516.193 -64081.5 5422.79 -69504.3 129.91365
0.31 283.72259 -951.57486 49483.2 -63912.8 5442.22 -69355 130.78703
0.32 290.41242 -598.96499 49786.737 -64326.9 5570.54 -69897.4 131.66849
0.33 290.06435 -471.55233 49812.101 -64349.8 5563.87 -69913.7 132.12017
0.34 299.84377 -98.85372 49422.161 -64149 5751.45 -69900.4 131.64405
0.35 295.73372 -785.87779 49773.108 -63968 5672.61 -69640.6 133.16996
0.36 286.47615 -415.9958 49623.217 -64378.7 5495.04 -69873.8 134.81699
0.37 284.56826 -1372.1046 50153.906 -64591.8 5458.44 -70050.2 136.73686
0.38 294.37926 -308.41246 49623.84 -64338.8 5646.63 -69985.4 136.51023
0.39 291.69628 -573.94612 49675.597 -64622.2 5595.17 -70217.4 137.40278
0.4 296.32375 -476.62328 49739.202 -63922.2 5683.93 -69606.1 139.3224
0.41 287.6274 -982.54361 50100.407 -64592.3 5517.12 -70109.4 139.91616
0.42 289.57821 -639.79843 49811.143 -64230 5554.54 -69784.5 140.60435
0.43 289.91422 -445.00514 49606.421 -64403.3 5560.99 -69964.3 141.50691
0.44 293.19029 -298.97401 49505.032 -64239.5 5623.83 -69863.3 142.23147
0.45 292.71997 4.5508747 49615.48 -64530.7 5614.8 -70145.5 143.82614
0.46 283.94233 -760.82937 49758.199 -64972.5 5446.44 -70419 145.62146
0.47 286.32739 -795.86167 49795.095 -64322.7 5492.19 -69814.9 146.74804
0.48 301.27285 -178.58284 49775.468 -64254.3 5778.86 -70033.2 147.36513
0.49 287.83357 222.55295 49241.566 -64194.6 5521.08 -69715.7 146.16038
0.5 289.46276 -266.66151 49573.78 -64440.1 5552.33 -69992.5 147.36677
0.51 287.70297 -329.56519 49569.743 -64355.4 5518.57 -69874 149.22676
0.52 289.14823 -550.46455 49982.511 -64357.7 5546.29 -69904 150.28499
0.53 281.26173 -548.52161 49868.91 -64731.2 5395.02 -70126.2 149.81495
0.54 292.68878 -874.30863 49926.049 -64502.6 5614.21 -70116.8 151.16592
0.55 296.95337 -218.66218 49824.43 -64555.8 5696.01 -70251.8 153.53303
0.56 302.9874 -231.73993 49598.628 -64474.7 5811.75 -70286.5 152.62421
0.57 287.86225 -407.57321 49739.814 -64705.8 5521.63 -70227.4 152.87893
0.58 297.58083 -511.78945 49935.331 -64273.3 5708.04 -69981.3 153.81586
0.59 289.99571 -741.75537 49675.757 -64817.9 5562.55 -70380.5 153.64425
0.6 280.06156 -493.376 49461.547 -64220.8 5372 -69592.8 153.96737
0.61 293.83266 -989.95164 49749.872 -64002.9 5636.15 -69639 154.73599
0.62 295.74251 -695.13931 49726.102 -64099.3 5672.78 -69772.1 156.43775
0.63 292.27633 -328.31612 49423.837 -64335.8 5606.3 -69942.1 156.96258
0.64 292.80609 -531.39498 49697.924 -63942.4 5616.46 -69558.8 157.97202
0.65 290.07273 -569.87338 49789.795 -64224 5564.03 -69788.1 159.54126
0.66 287.19908 68.34493 49494.353 -64571.1 5508.91 -70080 160.13151
0.67 291.11576 -238.91672 49593.256 -64321.5 5584.03 -69905.6 162.06471
0.68 292.27791 -118.57865 49322.52 -64499.7 5606.33 -70106 162.47157
0.69 287.3964 -481.5434 49677.326 -64382 5512.69 -69894.7 164.52745
0.7 293.52486 -1048.6378 49901.372 -64196.6 5630.24 -69826.8 165.70638
0.71 289.40348 -408.56236 49920.363 -64216.6 5551.19 -69767.8 165.97756
0.72 286.97364 -1009.6807 50117.881 -64644 5504.58 -70148.6 166.69005
0.73 291.32641 -723.90581 49977.974 -64545.1 5588.07 -70133.1 167.66746
0.74 293.14922 186.0228 49359.804 -64569.3 5623.04 -70192.3 166.37943
0.75 289.06817 -646.91906 49918.394 -64642.9 5544.76 -70187.6 167.41494
0.76 293.92019 -651.19863 49972.899 -64467.7 5637.83 -70105.5 168.03296
0.77 292.68063 -687.46727 49935.514 -64696.5 5614.05 -70310.5 168.9048
0.78 290.70062 -384.25534 49976.32 -64509.8 5576.07 -70085.9 169.34703
0.79 300.28965 -440.10811 49845.734 -64293.7 5760 -70053.7 171.87288
0.8 290.02896 -352.27364 49818.467 -64708.1 5563.19 -70271.3 171.42928
0.81 304.24612 -272.97233 49645.428 -64432.2 5835.89 -70268.1 171.47745
0.82 279.53541 -652.19167 49721.304 -64877.2 5361.91 -70239.1 172.43854
0.83 291.93972 -248.05788 49670.271 -64549.1 5599.84 -70149 174.19765
0.84 279.03036 -461.044 49771.577 -65074.2 5352.22 -70426.4 173.92403
0.85 300.60697 -624.90229 50034.152 -64651 5766.09 -70417.1 175.36893
0.86 292.63964 -1159.159 50133.539 -64425.4 5613.26 -70038.7 175.45182
0.87 277.13277 -969.60842 50055.83 -64934.8 5315.82 -70250.6 176.12352
0.88 285.83388 -597.26826 49838.272 -64825.4 5482.72 -70308.1 176.55792
0.89 287.80046 -292.09715 49736.002 -65179.9 5520.44 -70700.3 176.91503
0.9 303.00076 -473.18848 49924.272 -64521 5812.01 -70333 177.58531
0.91 281.92479 -500.44387 49822.579 -64954.7 5407.74 -70362.4 178.67615
0.92 297.35404 -544.52584 49934.28 -64555.4 5703.69 -70259.1 179.61033
0.93 276.72766 -470.02143 49739.948 -64758.5 5308.05 -70066.6 179.37512
0.94 297.1093 -324.7642 49790.261 -64541.9 5699 -70240.9 179.48381
0.95 288.26798 -828.08634 49934.7 -64926.7 5529.41 -70456.2 180.21038
0.96 291.36399 -572.41409 49809.437 -64631.4 5588.8 -70220.2 180.47167
0.97 283.9734 -709.2164 49871.045 -64558.7 5447.03 -70005.7 181.36545
0.98 288.83481 -702.29766 49630.954 -64809.8 5540.28 -70350 182.89418
0.99 299.89769 -926.45792 49967.9 -64603.1 5752.48 -70355.6 184.3686
1 284.25508 -731.47603 49724.463 -64952 5452.44 -70404.4 183.66741
1.01 287.27791 -915.69923 50083.528 -64560.4 5510.42 -70070.9 185.01584
1.02 287.96847 -583.16212 49807.12 -64963.9 5523.66 -70487.5 184.55162
1.03 292.11545 -241.6289 49670.484 -64505 5603.21 -70108.2 185.56186
1.04 274.60081 -577.5006 49810.477 -65044 5267.25 -70311.2 186.16822
1.05 286.83582 -926.67233 49967.89 -64572.5 5501.94 -70074.4 188.06236
1.06 289.07386 -783.73048 49857.815 -64617.8 5544.87 -70162.6 188.34469
1.07 286.04576 -801.75562 50009.47 -64807.4 5486.78 -70294.1 189.98047
1.08 292.31152 -361.35219 49966.105 -64606.8 5606.97 -70213.8 189.8877
1.09 290.79642 -649.07969 49712.711 -64416.5 5577.91 -69994.4 188.88334
1.1 283.1021 -808.99887 49935 -64811.2 5430.32 -70241.5 189.09741
1.11 300.32794 -411.57284 49748.646 -64006.2 5760.74 -69766.9 189.76931
1.12 280.73994 -220.89841 49573.341 -64722.2 5385.01 -70107.2 190.50134
1.13 294.1894 -464.24253 49773.835 -64593.3 5642.99 -70236.3 191.80106
1.14 295.14026 -501.52002 49619.571 -64041.1 5661.23 -69702.3 192.08245
1.15 280.55339 -381.54107 49530.281 -64301.2 5381.43 -69682.6 192.93247
1.16 290.30736 -156.24889 49448.583 -64241.2 5568.53 -69809.7 194.84098
1.17 294.4065 -597.2579 49602.784 -64168.6 5647.15 -69815.7 195.50258
1.18 287.00638 17.937799 49590.894 -64788.8 5505.21 -70294 196.47282
1.19 287.28697 -317.99207 49708.893 -64374.9 5510.59 -69885.5 197.46169
1.2 288.03565 -632.9499 49778.6 -64694.3 5524.95 -70219.2 198.45258
1.21 293.39487 -441.18324 49788.945 -64461.7 5627.75 -70089.4 198.7862
1.22 283.36893 -235.5256 49548.212 -64745.4 5435.44 -70180.9 199.60442
1.23 288.90898 -875.45931 49879.621 -64472.6 5541.7 -70014.3 200.93159
1.24 292.50886 93.955024 49534.451 -64590.4 5610.76 -70201.2 200.79671
1.25 301.59397 -606.88422 49889.985 -64330 5785.02 -70115 202.71283
1.26 287.89391 108.14319 49402.773 -64778.8 5522.23 -70301.1 201.98752
1.27 287.97956 -507.50714 49794.635 -64367.6 5523.88 -69891.5 204.08793
1.28 284.43379 -786.88934 49840.485 -64876.2 5455.86 -70332 206.02276
1.29 284.30375 174.79016 49393.884 -64380.6 5453.37 -69834 206.65842
1.3 287.72346 -188.39902 49541.27 -64643.7 5518.96 -70162.7 208.56192
1.31 295.76392 -494.8665 49720.279 -64367.6 5673.19 -70040.8 209.43062
1.32 282.24901 35.321106 49595.295 -64645.9 5413.96 -70059.8 208.62838
1.33 295.9036 -388.54007 49671.971 -64250.3 5675.87 -69926.1 209.90261
1.34 280.74984 -678.69327 49796.271 -64804.5 5385.2 -70189.7 210.9042
1.35 299.67744 -549.65681 49684.748 -64489.5 5748.26 -70237.7 212.12587
1.36 297.05632 -581.90313 49823.946 -64180.9 5697.98 -69878.9 212.98055
1.37 296.10315 -545.74412 49756.731 -64087.3 5679.7 -69767 214.84298
1.38 295.11774 -267.01355 49529.76 -64166.6 5660.8 -69827.4 214.7975
1.39 288.21739 -680.61675 49833.208 -64405.1 5528.44 -69933.5 216.56219
1.4 277.85195 -728.31775 49855.911 -64731.5 5329.61 -70061.1 217.42239
1.41 295.87978 -288.86517 49751.91 -64322.6 5675.41 -69998 218.52109
1.42 283.30759 -815.03177 49864.687 -64549.5 5434.26 -69983.8 220.21962
1.43 292.74504 -105.21426 49563.005 -64075.7 5615.29 -69691 220.61004
1.44 286.35759 23.606492 49568.527 -64641.4 5492.76 -70134.2 222.55128
1.45 280.16313 -761.8933 49785.204 -64360.2 5373.95 -69734.1 224.57036
1.46 286.57156 -399.1937 49799.233 -64421.7 5496.87 -69918.5 225.8122
1.47 283.4917 -497.2117 49702.146 -64814.2 5437.79 -70252 225.82397
1.48 302.41059 10.976044 49487.877 -64395.6 5800.69 -70196.2 225.68131
1.49 279.94254 -365.59286 49737.771 -64992.5 5369.71 -70362.2 226.9873
1.5 287.8149 -364.04693 49698.62 -64342.4 5520.72 -69863.1 228.4577
1.51 279.65418 -942.94834 49954.562 -64490 5364.18 -69854.2 229.68967
1.52 289.80621 -345.44037 49657.175 -64401.6 5558.91 -69960.5 232.1542
1.53 284.59078 -697.69967 49854.791 -64796.4 5458.87 -70255.3 234.66914
1.54 291.48333 -12.067322 49541.521 -64300.5 5591.08 -69891.6 233.19123
1.55 287.13062 -267.81211 49672.629 -64584.8 5507.59 -70092.4 234.01971
1.56 292.25533 -675.02187 49840.132 -64352.9 5605.89 -69958.8 235.74718
1.57 283.79768 -699.61906 49668.31 -64712.9 5443.66 -70156.5 235.90995
1.58 294.9632 -133.17251 49666.975 -64341.7 5657.83 -69999.5 236.65646
1.59 298.46238 -612.66553 49901.463 -64267.2 5724.95 -69992.1 238.26906
1.6 285.11686 -906.22659 49798.239 -64633.4 5468.97 -70102.4 238.12419
1.61 287.62594 -577.57275 49784.441 -64653.8 5517.09 -70170.9 238.72913
1.62 286.02403 -585.09256 49733.908 -64739.7 5486.37 -70226.1 238.73833
1.63 301.86148 -392.67409 49622.648 -64560.8 5790.15 -70350.9 238.94594
1.64 290.0092 -58.49414 49684.635 -64548.6 5562.81 -70111.4 239.01769
1.65 288.31534 -531.87044 49756.73 -64374.7 5530.32 -69905.1 240.7733
1.66 284.25391 -979.387 49810.943 -64291.6 5452.41 -69744 240.59946
1.67 290.81536 -594.26514 49609.941 -64311.6 5578.27 -69889.9 241.61735
1.68 289.67835 118.01553 49647.737 -64606.2 5556.46 -70162.7 243.2466
1.69 293.44046 -1336.9808 50082.545 -64365.5 5628.62 -69994.2 244.72602
1.7 281.55718 83.607484 49475.78 -64599.3 5400.69 -70000 243.98951
1.71 292.23888 -236.67135 49622.022 -64165.8 5605.58 -69771.3 246.41269
1.72 293.69485 -533.03825 49650.375 -64085.8 5633.5 -69719.3 246.46692
1.73 292.56169 -424.71345 49737.929 -64345.5 5611.77 -69957.3 247.44653
1.74 285.26638 -737.66822 49835.375 -64535.4 5471.83 -70007.3 247.91891
1.75 279.89709 -1148.2395 50090.958 -64469 5368.84 -69837.9 249.89815
1.76 284.84036 -210.41781 49541.46 -64616.1 5463.66 -70079.8 249.38272
1.77 283.94191 -256.9181 49667.007 -64684.4 5446.43 -70130.9 250.64431
1.78 290.92106 -998.59635 49921.934 -64479.8 5580.3 -70060.1 252.27398
1.79 284.14271 -39.793883 49475.457 -64773.9 5450.28 -70224.2 251.26882
1.8 289.96743 -417.07715 49679.063 -64493.3 5562.01 -70055.3 253.3937
1.81 287.79569 -305.82148 49739.335 -64697.5 5520.35 -70217.9 254.2079
1.82 300.16199 -463.96944 49749.956 -64411.1 5757.55 -70168.7 253.41734
1.83 299.77445 -306.77615 49813.629 -64482 5750.12 -70232.2 254.47914
1.84 292.61003 -589.24849 49732.936 -64408.5 5612.7 -70021.2 254.21232
1.85 285.5989 38.406029 49545.315 -64646.9 5478.21 -70125.1 253.50265
1.86 288.61726 -540.46654 49796.071 -64857.8 5536.11 -70393.9 255.96419
1.87 294.54571 -601.69831 49872.326 -64647.5 5649.83 -70297.4 256.29023
1.88 287.88812 -888.22382 49928.087 -64717.8 5522.12 -70240 258.07363
1.89 290.00237 -307.41235 49858.751 -64877.4 5562.68 -70440.1 257.99436
1.9 302.19916 213.97192 49446.754 -64229.5 5796.63 -70026.1 256.14384
1.91 283.16267 -1065.9404 50021.748 -64870 5431.48 -70301.5 258.16029
1.92 284.09844 -773.22426 49863.856 -64378.9 5449.43 -69828.4 258.48879
1.93 281.3214 -934.2445 49849.769 -64820.4 5396.16 -70216.6 259.57634
1.94 293.95554 -427.03246 49793.752 -64382.7 5638.5 -70021.2 260.43638
1.95 286.8508 -249.46492 49570.524 -64638.4 5502.23 -70140.6 258.79885
1.96 303.89758 -836.66187 49754.268 -64649.4 5829.21 -70478.7 261.20044
1.97 294.68229 -399.13609 49588.208 -64348.3 5652.45 -70000.8 261.20785
1.98 282.17454 -1185.9573 50008.1 -64305.2 5412.53 -69717.8 263.23228
1.99 288.34795 -495.8769 49612.418 -64319.5 5530.94 -69850.5 263.40428
2 285.46838 -429.48145 49438.923 -64151.4 5475.71 -69627.1 265.05535
2.01 284.07539 -576.60972 49754.553 -64565.3 5448.99 -70014.3 266.02737
2.02 292.01424 -646.81462 49849.122 -64365.1 5601.27 -69966.4 269.32674
2.03 279.72806 -544.06664 49731.573 -64966.2 5365.6 -70331.8 271.72219
2.04 286.69957 -363.19671 49754.561 -64427.2 5499.32 -69926.5 271.53851
2.05 289.38648 -722.53345 49833.895 -64695.7 5550.86 -70246.5 272.47486
2.06 294.73524 -272.68694 49642.731 -64503 5653.46 -70156.5 271.9931
2.07 285.58082 -240.86616 49615.124 -64535.5 5477.87 -70013.3 273.3133
2.08 282.8658 -563.55866 49699.161 -64360.3 5425.79 -69786 275.97048
2.09 292.73332 -634.46074 49669.114 -64072.9 5615.06 -69687.9 279.08747
2.1 287.2575 -228.12421 49484.835 -64318.3 5510.03 -69828.3 281.18691
2.11 275.30448 -430.95281 49536.59 -64307.4 5280.75 -69588.1 281.27321
2.12 293.00689 -659.55773 49788.608 -64101.1 5620.31 -69721.5 283.66666
2.13 287.33698 -379.82797 49665.639 -64439.5 5511.55 -69951 283.59371
2.14 292.23251 -659.1324 49855.599 -64166.8 5605.45 -69772.2 285.82115
2.15 280.17951 -786.00937 49753.143 -64658.2 5374.26 -70032.4 285.60657
2.16 299.5315 -23.848347 49533.899 -64247.5 5745.46 -69992.9 284.94884
2.17 297.56262 -554.85493 49680.433 -64171.2 5707.69 -69878.9 286.12038
2.18 279.07456 -743.12601 49967.447 -64822 5353.07 -70175 288.25249
2.19 291.89278 -178.12173 49452.208 -64496.1 5598.94 -70095 287.14726
2.2 291.7918 -436.68287 49778.792 -64483 5597 -70080 288.85327
2.21 295.98842 -78.615982 49737.039 -64663.7 5677.5 -70341.2 289.43414
2.22 286.85068 -436.48559 49721.704 -64414.7 5502.22 -69916.9 289.28163
2.23 283.48133 -761.10915 50006.841 -65100.8 5437.59 -70538.4 290.58315
2.24 286.12187 -914.31604 49915.945 -64508.5 5488.24 -69996.8 290.06515
2.25 297.29962 -333.47115 49734.889 -64573.8 5702.65 -70276.5 290.88801
2.26 286.43751 -905.95212 49999.475 -64532.7 5494.3 -70027 292.73409
2.27 289.03838 -657.94226 49953.705 -64528.3 5544.19 -70072.5 293.26422
2.28 299.39195 -176.91566 49594.452 -64574.8 5742.78 -70317.6 294.66647
2.29 287.39364 -648.96729 49793.074 -64592.9 5512.64 -70105.5 296.44643
2.3 294.11337 -343.16533 49776.967 -64847.2 5641.53 -70488.8 298.0105
2.31 298.89442 -607.20037 49715.133 -64517.9 5733.24 -70251.1 298.84661
2.32 290.0053 -766.60806 49907.763 -64529.5 5562.73 -70092.2 300.36187
2.33 289.87739 94.152385 49558.108 -64975.8 5560.28 -70536.1 300.63109
2.34 289.2539 72.519823 49534.85 -64651.9 5548.32 -70200.2 301.61135
2.35 283.63801 -702.25449 49877.782 -64623.8 5440.6 -70064.4 303.66
2.36 289.56584 -465.18214 49857.917 -64738 5554.3 -70292.3 305.51053
2.37 288.2972 -668.44135 49800.937 -64917 5529.97 -70446.9 306.42491
2.38 282.21524 -666.91296 49667.008 -64820.9 5413.31 -70234.2 306.45473
2.39 289.15328 -492.6064 49752.141 -64749.2 5546.39 -70295.6 307.61745
2.4 280.49878 -484.92551 49683.942 -64526.8 5380.38 -69907.1 308.98205
2.41 307.49617 -495.97637 49745.073 -64248.3 5898.23 -70146.5 309.95729
2.42 279.85659 229.68598 49392.204 -64826.5 5368.07 -70194.5 308.12664
2.43 299.40784 -139.80684 49646.002 -64515.3 5743.09 -70258.4 310.56539
2.44 292.44175 -682.03077 49752.644 -64523.8 5609.47 -70133.3 311.63001
2.45 281.11552 -652.30843 49900.313 -64594.5 5392.21 -69986.7 313.18681
2.46 290.40147 -524.18235 49776.673 -64067.6 5570.33 -69637.9 311.81507
2.47 290.77222 -66.176703 49491.977 -64662.7 5577.44 -70240.1 311.76545
2.48 292.1667 -409.18235 49683.076 -64516.3 5604.19 -70120.5 314.29967
2.49 292.22681 -273.42588 49614.972 -64475.8 5605.35 -70081.2 316.79765
2.5 281.62509 -442.92487 49815.791 -64450.9 5401.99 -69852.9 317.85025
2.51 288.9578 -61.33623 49678.921 -64280.4 5542.64 -69823 318.33219
2.52 298.6688 -58.005257 49479.433 -64605.9 5728.91 -70334.8 318.23748
2.53 293.7689 33.826696 49614.921 -64577.3 5634.93 -70212.2 319.94743
2.54 303.6195 -614.62203 49731.466 -64438.1 5823.87 -70262 320.66027
2.55 286.0806 -338.35516 49680.588 -64516.3 5487.45 -70003.8 321.59843
2.56 293.11149 -209.62685 49527.886 -64314.7 5622.31 -69937 323.0649
2.57 284.09607 -602.61675 49755.522 -64892.1 5449.39 -70341.4 322.6331
2.58 291.71697 -354.86573 49801.581 -64441.5 5595.57 -70037.1 322.54738
2.59 295.59142 -168.55368 49723.743 -64466.1 5669.88 -70135.9 322.79964
2.6 294.20721 35.674132 49548.977 -64728.2 5643.33 -70371.5 322.43432
2.61 289.92796 -609.27219 49813.225 -64650.3 5561.25 -70211.5 324.67056
2.62 285.07845 -447.83811 49873.925 -64602.1 5468.23 -70070.3 326.57962
2.63 285.44159 -364.51726 49543.128 -64520.2 5475.19 -69995.4 325.9831
2.64 300.7574 -965.57174 49921.248 -64025.4 5768.97 -69794.3 327.8383
2.65 291.836 288.44304 49568.941 -64504.3 5597.85 -70102.2 327.92884
2.66 282.40861 -270.98621 49499.859 -64221.1 5417.02 -69638.1 327.19567
2.67 305.42121 -345.31963 49651.025 -64268.6 5858.43 -70127 330.14034
2.68 286.99353 -1051.5063 49984.131 -64726.6 5504.96 -70231.6 331.10189
2.69 292.33748 -161.73017 49786.484 -64480.7 5607.47 -70088.2 331.28309
2.7 299.381 -218.04406 49633.917 -64306.6 5742.57 -70049.2 329.27452
2.71 282.21163 -354.92773 49761.99 -64711.1 5413.24 -70124.3 331.03221
2.72 295.08587 -600.51774 49794.936 -64471.8 5660.19 -70132 329.79825
2.73 281.45764 -809.54132 49772.968 -64685.6 5398.78 -70084.4 331.20915
2.74 293.79882 -229.01236 49702.899 -64401.4 5635.5 -70036.9 331.0307
2.75 282.65332 -946.43481 49713.164 -64704.8 5421.71 -70126.5 332.35484
2.76 296.17024 -128.80271 49536.983 -64822.5 5680.99 -70503.4 333.58779
2.77 283.51119 -1199.2633 49924.957 -64499.1 5438.17 -69937.3 335.68189
2.78 311.64263 -341.25266 49925.55 -64154.8 5977.77 -70132.5 336.07571
2.79 291.80125 -306.19046 49815.624 -64620.5 5597.18 -70217.6 338.30594
2.8 277.58708 -785.30813 49830.805 -64246.8 5324.53 -69571.3 338.54017
2.81 278.96904 -908.8211 49755.818 -64406 5351.04 -69757 339.49952
2.82 282.35775 -1199.2498 49917.042 -64310.2 5416.04 -69726.2 338.2183
2.83 288.84118 -316.91124 49447.304 -64046.8 5540.4 -69587.2 337.88083
2.84 294.10028 -258.99762 49690.035 -64464.9 5641.28 -70106.2 340.43227
2.85 290.67549 -537.20907 49797.1 -64187 5575.59 -69762.6 343.97371
2.86 283.06449 -580.61851 49742.916 -64574.8 5429.6 -70004.4 344.98854
2.87 290.63898 -720.6351 49819.476 -64373 5574.89 -69947.9 346.51968
2.88 292.84945 -162.29621 49459.208 -64334.3 5617.29 -69951.6 347.52694
2.89 292.17034 -388.69358 49575.184 -64085.4 5604.26 -69689.6 348.91052
2.9 276.3539 -609.43535 49555.107 -64322 5300.88 -69622.9 348.36559
2.91 291.95787 -80.498696 49727.916 -63829.1 5600.19 -69429.3 351.9997
2.92 294.06446 -570.69179 49894.623 -64023.3 5640.59 -69663.9 352.66887
2.93 289.40649 -439.92748 49587.551 -64392.4 5551.25 -69943.6 353.83612
2.94 284.62789 -117.26285 49476.314 -64345.4 5459.59 -69805 354.83305
2.95 290.99678 -333.58051 49653.069 -64194.8 5581.75 -69776.6 356.9634
2.96 291.73853 -613.6804 49759.219 -64402.6 5595.98 -69998.6 357.73522
2.97 289.68575 -810.43416 49881.739 -63978.3 5556.6 -69534.9 359.29067
2.98 276.19668 -232.23459 49559.937 -64405.9 5297.86 -69703.7 358.44145
2.99 294.6873 -522.20045 49914.395 -64410.5 5652.54 -70063 359.96525
3 283.95443 -201.68975 49691.409 -64671.8 5446.67 -70118.5 361.4365
3.01 289.69581 327.11204 49343.343 -64259.2 5556.8 -69816 360.6447
3.02 283.04596 -696.28744 49969.596 -64783.6 5429.24 -70212.9 364.46781
3.03 289.44949 -774.3505 49703.107 -64264.6 5552.07 -69816.6 362.7627
3.04 287.0146 -272.68688 49497.111 -64602.2 5505.37 -70107.6 363.25527
3.05 294.13603 -296.27259 49491.807 -64118.5 5641.97 -69760.4 361.22091
3.06 288.11914 -262.47524 49483.8 -64394 5526.55 -69920.5 364.21393
3.07 299.60404 -559.16521 49852.068 -64126.1 5746.85 -69873 367.5182
3.08 287.21617 -376.88443 49602.738 -64575.4 5509.23 -70084.7 364.61306
3.09 298.5348 -565.17038 49534.621 -64076.4 5726.34 -69802.7 365.28585
3.1 285.47042 -288.96822 49496.799 -64339.4 5475.75 -69815.1 365.20311
3.11 289.33185 -889.15707 49840.023 -63867 5549.82 -69416.8 367.00215
3.12 290.40763 130.89595 49343.69 -64095.5 5570.45 -69666 367.25028
3.13 283.13534 -748.74099 49476.519 -64248.6 5430.96 -69679.6 369.09132
3.14 286.50453 -57.88846 49354.209 -63870.1 5495.58 -69365.7 371.80741
3.15 292.76083 -1192.7578 49961.348 -64158.3 5615.59 -69773.9 376.1332
3.16 296.88577 -759.38044 49928.32 -63955.7 5694.71 -69650.4 377.27476
3.17 286.4064 -444.38903 49514.843 -64442.2 5493.7 -69935.9 377.08491
3.18 294.18985 -418.36837 49304.123 -63911.3 5643 -69554.3 375.52165
3.19 289.00409 -396.17264 49624.722 -63728.3 5543.53 -69271.9 381.51922
3.2 281.76957 -595.93406 49662.842 -64054 5404.76 -69458.7 381.77461
3.21 292.73925 -702.63303 49865.124 -63768.9 5615.17 -69384.1 386.06918
3.22 289.74092 -109.79276 49495.728 -64242.3 5557.66 -69800 386.90826
3.23 303.96036 -292.18437 49562.564 -63922 5830.41 -69752.4 386.31945
3.24 270.67393 -973.82593 49574.566 -64315.6 5191.93 -69507.5 390.12233
3.25 291.85476 -514.68465 49643.421 -64095.5 5598.21 -69693.7 390.66018
3.26 285.1278 -587.38113 49634.585 -64053.2 5469.18 -69522.4 392.50429
3.27 290.93467 -265.30409 49404.339 -63747 5580.56 -69327.5 393.32501
3.28 286.25108 -870.37841 49831.882 -63668.1 5490.72 -69158.8 394.23658
3.29 289.66894 -484.64734 49476.414 -63826.3 5556.28 -69382.6 394.85684
3.3 305.86488 -661.12653 49437.955 -63585.5 5866.94 -69452.4 395.75396
3.31 289.81783 -492.35995 49586.844 -63992.5 5559.14 -69551.6 395.74849
3.32 287.17705 -695.09756 49742.339 -64184.9 5508.48 -69693.4 397.92797
3.33 298.99482 14.977939 49397.169 -63589 5735.17 -69324.1 394.7938
3.34 299.81916 -793.56202 49825.179 -63633.5 5750.98 -69384.5 398.994
3.35 295.8112 -287.41259 49409.261 -63741.7 5674.1 -69415.8 396.32182
3.36 297.32279 -422.42788 49565.092 -63624.1 5703.09 -69327.2 398.41084
3.37 281.86192 -772.10797 49857.021 -64066.2 5406.53 -69472.7 400.15814
3.38 291.34142 -491.63336 49560.964 -63855.5 5588.36 -69443.8 399.94887
3.39 293.6087 -555.37905 49589.883 -63695.3 5631.85 -69327.1 401.77381
3.4 300.4932 -175.22119 49454.488 -63410.7 5763.91 -69174.6 404.74307
3.41 286.22499 -557.84007 49512.559 -63489.4 5490.22 -68979.6 407.88359
3.42 292.61094 -1040.2322 49590.869 -63698.8 5612.71 -69311.5 413.63876
3.43 298.5983 36.413202 49352.995 -63545.5 5727.56 -69273 412.68586
3.44 295.66693 -420.64923 49391.627 -63533.3 5671.33 -69204.7 414.05995
3.45 287.84732 341.32399 49214.322 -63679.2 5521.34 -69200.6 415.89279
3.46 280.17609 14.24288 49188.197 -63630.7 5374.19 -69004.8 415.78362
3.47 297.83923 -377.95519 49438.676 -63570.2 5713 -69283.2 419.60209
3.48 291.11593 -1209.1808 49923.769 -63749.7 5584.04 -69333.7 422.41297
3.49 285.3616 -551.88116 49554.787 -63713.7 5473.66 -69187.3 423.42161
3.5 293.03687 -610.93859 49387.143 -63064.2 5620.88 -68685.1 425.18587
3.51 280.51039 -568.30408 49573.276 -63676.1 5380.61 -69056.7 429.20513
3.52 291.80057 2.4392468 49371.945 -63871.8 5597.17 -69468.9 429.94861
3.53 297.96512 -354.76033 49458.843 -63509.5 5715.41 -69224.9 432.70644
3.54 285.00901 -383.0872 49431.831 -63944.1 5466.9 -69411 431.49824
3.55 284.27608 -179.41171 49689.134 -64447.2 5452.84 -69900 435.90301
3.56 293.51873 -310.65668 49788.322 -64335 5630.13 -69965.1 437.58673
3.57 284.33224 -782.28769 49809.919 -64510.8 5453.92 -69964.7 438.56169
3.58 278.81807 -5.8063728 49545.01 -64896.8 5348.15 -70245 437.31859
3.59 292.23648 -326.06202 49863.443 -64572 5605.53 -70177.5 437.92072
3.6 288.54346 -659.03047 49809.345 -64593.7 5534.69 -70128.4 435.61582
3.61 287.62213 -439.99945 49737.5 -64270.5 5517.02 -69787.5 434.9357
3.62 286.11524 -515.50616 49824.525 -64448.6 5488.12 -69936.8 436.95551
3.63 288.32488 -108.6122 49630.224 -64190.9 5530.5 -69721.4 437.15793
3.64 292.39749 -626.08296 49795.751 -64434 5608.62 -70042.6 438.94924
3.65 297.17189 -464.08268 49786.285 -64243 5700.2 -69943.2 438.26108
3.66 284.36283 -202.21698 49431.973 -64246.7 5454.5 -69701.2 436.9644
3.67 288.17195 -950.63207 49883.295 -64285.6 5527.57 -69813.1 442.1502
3.68 288.17995 -243.50009 49777.453 -64496 5527.72 -70023.8 441.25833
3.69 295.78537 -358.04298 49923.57 -64527.3 5673.6 -70200.9 443.04536
3.7 284.91661 -260.13246 49666.716 -64562.8 5465.12 -70027.9 440.64776
3.71 291.14908 -478.67662 49745.175 -64356.3 5584.67 -69940.9 441.43836
3.72 277.751 -597.67791 49687.523 -65078.6 5327.68 -70406.3 441.1792
3.73 288.60741 -456.77392 49711.76 -64410.4 5535.92 -69946.3 439.41118
3.74 289.69874 -541.84243 49664.174 -64467.5 5556.85 -70024.3 439.85737
3.75 288.32615 -661.18046 49870.908 -64747.9 5530.53 -70278.4 441.07244
3.76 285.83497 -296.11683 49605.873 -65018.8 5482.74 -70501.6 439.57497
3.77 290.58105 -523.59774 49958.509 -64932.4 5573.78 -70506.2 442.25871
3.78 291.12826 -476.6337 49723.443 -64717.5 5584.27 -70301.7 441.38823
3.79 294.99393 -874.94164 49725.881 -64607.9 5658.42 -70266.3 440.92779
3.8 291.36041 -322.8152 49584.079 -64554.7 5588.73 -70143.5 440.60934
3.81 300.84549 -777.9631 49931.657 -64177.8 5770.66 -69948.5 443.83513
3.82 298.81933 -1056.5955 50058.776 -64444.1 5731.8 -70175.9 446.29545
3.83 289.0453 -724.10786 49558.492 -64387 5544.32 -69931.3 442.66208
3.84 283.35076 -1068.0244 50068.001 -64447.3 5435.09 -69882.4 446.64238
3.85 292.07746 -1008.6209 49712.455 -64632.7 5602.48 -70235.2 445.41963
3.86 290.48355 -406.46035 49533.535 -64626.1 5571.91 -70198 444.77494
3.87 302.75487 -166.27449 49747.087 -64476.5 5807.29 -70283.8 446.46026
3.88 287.46328 -28.781572 49653.151 -64720.5 5513.97 -70234.5 446.07678
3.89 294.27798 -690.53476 49793.924 -65016 5644.69 -70660.7 447.5423
3.9 288.7972 -498.70457 49707.162 -64561.6 5539.56 -70101.2 447.59869
3.91 293.89221 -211.18047 49578.628 -64357.3 5637.29 -69994.6 449.27559
3.92 284.99849 -930.42007 49916.603 -64321.9 5466.7 -69788.5 452.01029
3.93 283.99043 -756.31362 49824.763 -64680.9 5447.36 -70128.2 451.65292
3.94 299.05289 -507.39697 49882.626 -64211.8 5736.28 -69948 452.76504
3.95 285.68578 -624.87299 49895.328 -64605.3 5479.88 -70085.2 454.05541
3.96 293.78933 -502.25154 49719.329 -64502.9 5635.32 -70138.2 452.66513
3.97 278.90445 -957.38863 49945.235 -64724.1 5349.8 -70073.9 454.05435
3.98 285.39022 -1305.5574 50078.136 -64197.3 5474.21 -69671.5 454.26691
3.99 282.96877 -762.25704 49739.209 -64523.6 5427.76 -69951.3 454.2159
4 277.72443 -417.04892 49756.699 -64305.6 5327.17 -69632.7 454.89082
4.01 299.06815 -577.15052 49633.912 -64326.3 5736.57 -70062.9 455.52775
4.02 286.00788 -875.00282 49988.264 -64883 5486.06 -70369.1 459.60101
4.03 293.5465 -507.18666 49774.167 -64564 5630.66 -70194.6 458.276
4.04 290.43911 -923.35064 49958.897 -64437.9 5571.05 -70009 458.68219
4.05 281.84598 -468.025 49832.991 -64665 5406.23 -70071.3 460.57278
4.06 293.65478 -311.11892 49862.36 -64515.3 5632.74 -70148.1 461.09568
4.07 295.34609 -487.99159 49849.718 -64481.3 5665.18 -70146.5 462.9449
4.08 287.68993 -391.54995 49691.092 -64714.5 5518.32 -70232.8 463.37804
4.09 291.37101 -497.43685 49895.346 -64441 5588.93 -70029.9 464.8249
4.1 288.98219 -572.39385 49863.082 -64696.1 5543.11 -70239.2 465.10862
4.11 292.09807 -518.94716 49830.135 -64783.6 5602.88 -70386.5 465.80321
4.12 289.50669 -442.96185 49857.389 -64548.2 5553.17 -70101.4 466.66462
4.13 285.99982 -614.76541 49836.339 -64923.2 5485.9 -70409.1 466.53974
4.14 286.12439 -695.4055 49733.62 -64481.1 5488.29 -69969.4 466.93804
4.15 293.66294 -488.1646 49599.865 -64801.3 5632.89 -70434.2 467.07915
4.16 285.092 -419.24975 49585.741 -64644.2 5468.49 -70112.7 468.95317
4.17 295.99235 -226.06306 49528.178 -64123 5677.57 -69800.6 470.4679
4.18 298.38368 -395.52152 49675.194 -64432.3 5723.44 -70155.8 471.08401
4.19 293.09385 -27.66156 49427.17 -64233.6 5621.98 -69855.6 470.19148
4.2 284.59727 -742.8022 49824.716 -64469.7 5459 -69928.7 472.81992
4.21 281.2626 -956.14888 49785.461 -64523.6 5395.04 -69918.6 472.95861
4.22 288.44272 -622.23119 49772.359 -64404.4 5532.76 -69937.2 473.9097
4.23 301.35849 -138.50612 49709.386 -64187 5780.5 -69967.5 473.76836
4.24 284.26599 -627.01775 49781.672 -64562.5 5452.64 -70015.2 477.30641
4.25 294.04106 -1031.843 50001.729 -64186.4 5640.15 -69826.5 477.31686
4.26 289.85943 -196.46886 49641.939 -64448 5559.94 -70007.9 474.26608
4.27 288.37134 41.009586 49712.808 -64726 5531.39 -70257.4 474.17377
4.28 292.5634 -468.64128 49845.76 -64776 5611.8 -70387.8 473.98323
4.29 284.0511 -645.34868 49707.968 -64549 5448.52 -69997.6 473.41653
4.3 286.32683 -658.91294 49840 -64618 5492.17 -70110.1 475.81675
4.31 281.81421 -439.34057 49869.558 -64561.7 5405.62 -69967.3 475.64895
4.32 281.13019 -757.30149 49731.863 -64694.5 5392.5 -70087 473.48118
4.33 300.95575 -160.1875 49643.301 -64398.9 5772.78 -70171.7 472.60186
4.34 281.43798 -300.09249 49841.852 -64708.8 5398.4 -70107.2 472.34316
4.35 286.16657 -367.00381 49506.974 -64382.9 5489.1 -69872 470.32437
4.36 288.16472 -948.06181 50064.173 -64501.8 5527.43 -70029.2 475.08352
4.37 286.21171 -178.36828 49309.529 -64293.8 5489.97 -69783.7 471.43632
4.38 284.97572 -575.58085 49587.939 -64281.4 5466.26 -69747.7 475.65576
4.39 301.79242 -825.4569 49870.538 -64040.3 5788.83 -69829.1 480.26518
4.4 290.0068 -395.41376 49534.743 -64666.6 5562.76 -70229.4 479.40779
4.41 290.75636 -536.66698 49613.519 -64063.4 5577.14 -69640.5 479.61382
4.42 290.84122 -1101.6806 49827.844 -63956.9 5578.77 -69535.7 481.4701
4.43 291.51912 -448.23364 49608.632 -63986.6 5591.77 -69578.4 481.88022
4.44 281.97329 -368.15805 49351.525 -64478.2 5408.67 -69886.9 481.08782
4.45 286.09766 -769.68517 49860.118 -64244.1 5487.78 -69731.9 485.27013
4.46 291.73187 -512.76596 49860.929 -64557.2 5595.85 -70153 487.97108
4.47 287.5428 -715.41252 49714.631 -64431.9 5515.5 -69947.4 486.95575
4.48 297.84755 -322.3637 49649.263 -64319.7 5713.16 -70032.9 487.64524
4.49 299.62148 -217.55508 49736.474 -64062 5747.19 -69809.1 488.40442
4.5 291.90358 -845.76149 49736.228 -64672.3 5599.15 -70271.4 488.54144
4.51 282.43923 -430.88363 49724.083 -64812.5 5417.6 -70230.1 488.42595
4.52 288.81268 -573.35563 49903.48 -64541 5539.86 -70080.8 491.936
4.53 298.99609 -791.27314 49868.157 -64746.2 5735.19 -70481.4 491.57139
4.54 290.96848 -557.71873 49595.435 -64349.3 5581.21 -69930.5 488.42351
4.55 294.58189 -358.74004 49644.555 -64209.2 5650.52 -69859.7 491.40294
4.56 290.89415 -802.55928 49786.745 -64654 5579.78 -70233.8 493.41803
4.57 286.9615 -862.75465 50056.505 -64481.5 5504.35 -69985.8 496.25673
4.58 283.63337 -634.01716 49808.902 -64909.4 5440.51 -70349.9 496.61828
4.59 294.11286 -99.18023 49710.902 -64445.2 5641.52 -70086.7 497.24807
4.6 288.60686 -644.99697 49534.979 -64301.2 5535.91 -69837.1 495.05041
4.61 293.66673 -49.619466 49583.744 -64140.3 5632.97 -69773.3 497.57218
4.62 282.93709 -610.24254 49727.604 -64480.7 5427.15 -69907.9 500.19084
4.63 292.05018 -35.935929 49502.367 -64208.4 5601.96 -69810.4 501.3471
4.64 280.06434 -962.10665 49864.801 -64644.9 5372.05 -70016.9 503.40686
4.65 290.8946 -790.49049 49678.237 -64147.1 5579.79 -69726.9 503.57635
4.66 286.93843 -371.91075 49605.573 -64190.3 5503.91 -69694.2 505.19498
4.67 293.2074 -714.46975 49712.933 -64376.8 5624.15 -70001 509.02989
4.68 293.16534 -714.26133 49885.574 -63915.6 5623.35 -69538.9 508.98738
4.69 294.89904 0.16484285 49404.494 -64165.5 5656.6 -69822.1 506.08628
4.7 288.0636 -1040.6224 50112.249 -63728.1 5525.49 -69253.6 513.75439
4.71 291.73179 -672.72995 49807.776 -64078.6 5595.85 -69674.4 514.62183
4.72 296.12828 -595.33769 49686.444 -63868.8 5680.18 -69549 514.51121
4.73 293.37411 -1089.6403 49869.587 -63853.1 5627.35 -69480.4 518.79604
4.74 291.82421 -311.20251 49535.641 -63953.2 5597.62 -69550.8 517.89437
4.75 287.44063 -46.912749 49534.123 -63694.2 5513.54 -69207.8 522.28875
4.76 289.36379 -280.00583 49476.304 -63991.2 5550.43 -69541.6 522.82578
4.77 285.94182 -487.28888 49486.347 -64303.9 5484.79 -69788.7 523.48243
4.78 300.09103 -501.3286 49686.586 -64088.2 5756.19 -69844.3 527.39438
4.79 279.25552 -645.97335 49657.653 -64283.8 5356.54 -69640.3 525.89465
4.8 287.00702 -642.8091 49720.23 -64222.7 5505.22 -69727.9 524.7115
4.81 287.88225 -60.277072 49717.255 -64636.5 5522.01 -70158.6 525.02359
4.82 291.85489 182.64899 49521.311 -64400.3 5598.21 -69998.5 523.85326
4.83 286.43344 -527.3572 49739.181 -64358 5494.22 -69852.3 526.86132
4.84 287.38883 -849.12214 49775.886 -64473.1 5512.55 -69985.7 527.9522
4.85 287.803 -722.88826 49814.35 -64793.5 5520.49 -70314 528.21852
4.86 302.19386 -694.29258 50017.849 -64469.9 5796.53 -70266.4 530.67321
4.87 286.19616 -610.23169 49892.046 -64807.3 5489.67 -70297 532.69726
4.88 287.21347 -341.01185 49569.213 -64379.6 5509.18 -69888.7 529.56881
4.89 277.71592 -685.76849 49905.354 -64556.8 5327 -69883.8 534.8531
4.9 302.9952 -696.62942 49892.052 -64261.2 5811.9 -70073.1 535.50801
4.91 287.50857 -669.49996 49917.823 -64318.8 5514.84 -69833.6 536.10943
4.92 287.05426 141.21296 49675.168 -64755.7 5506.13 -70261.8 534.50325
4.93 289.40978 273.7701 49492.024 -64786.7 5551.31 -70338 533.11064
4.94 304.66438 -106.42544 49770.804 -64532.5 5843.92 -70376.4 537.07829
4.95 286.07656 -910.56611 50004.187 -64761.2 5487.37 -70248.6 541.50866
4.96 297.04303 -278.26346 49771.194 -64348.3 5697.73 -70046.1 539.06601
4.97 293.83412 -898.41926 49840.927 -64360.2 5636.18 -69996.4 538.67341
4.98 278.29284 107.86349 49456.92 -64713.3 5338.07 -70051.4 537.29065
4.99 298.42573 -985.29527 50035.539 -64395.2 5724.25 -70119.4 541.98551
5 296.48468 -470.2563 49549.671 -64020.6 5687.02 -69707.6 539.1305
5.01 294.4282 -62.369704 49517.412 -64513.3 5647.57 -70160.9 539.57872
5.02 279.96419 -491.67012 49584.746 -64571.3 5370.13 -69941.5 542.49214
5.03 285.6485 -477.65453 49627.064 -64090.7 5479.16 -69569.9 545.10539
5.04 282.29276 -574.11105 49521.748 -64092.9 5414.8 -69507.7 547.25373
5.05 288.97325 120.24278 49644.623 -63856.4 5542.94 -69399.3 550.63357
5.06 294.89727 -256.78294 49473.75 -64202.8 5656.57 -69859.4 548.81903
5.07 280.91134 -245.08566 49617.22 -64344.9 5388.3 -69733.2 550.12551
5.08 289.85752 -370.61201 49771.026 -64142.8 5559.9 -69702.7 549.67438
5.09 287.37433 -667.20289 49839.824 -64398.1 5512.27 -69910.4 550.58542
5.1 296.8541 -1121.4225 49825.844 -63905.5 5694.1 -69599.6 550.82817
5.11 291.24244 -183.03942 49561.133 -64263.1 5586.46 -69849.6 547.72139
5.12 300.99787 -624.62306 49842.294 -63841.4 5773.59 -69614.9 552.35647
5.13 289.35902 49.216675 49365.998 -64187.5 5550.34 -69737.9 551.18302
5.14 290.70053 -933.55573 49727.669 -64256.6 5576.07 -69832.7 555.38063
5.15 291.13578 -548.85478 49650.606 -64205 5584.42 -69789.4 554.99748
5.16 291.26126 -695.29872 49575.092 -64088.4 5586.82 -69675.2 553.94104
5.17 299.55237 -424.51653 49615.691 -64056.7 5745.86 -69802.6 558.111
5.18 279.97452 -657.47826 49762.765 -64547.1 5370.33 -69917.4 556.43003
5.19 294.12869 -593.32827 49743.857 -64291.5 5641.83 -69933.3 560.24516
5.2 288.56246 -486.00859 49918.604 -64398.4 5535.06 -69933.5 563.06192
5.21 292.47299 -663.17764 50001.356 -64301.6 5610.07 -69911.7 563.28764
5.22 295.4137 -750.29485 49848.871 -64269.4 5666.47 -69935.9 562.36153
5.23 287.20802 -157.67692 49508.37 -64629.6 5509.08 -70138.7 562.92659
5.24 292.68521 -358.92532 49775.654 -64226.8 5614.14 -69840.9 565.94962
5.25 285.40625 -380.10139 49690.074 -64589.4 5474.52 -70063.9 564.00312
5.26 301.33607 -586.77878 49605.866 -64213.3 5780.07 -69993.4 562.33699
5.27 284.07845 -421.14125 49683.269 -64689 5449.05 -70138 564.3733
5.28 285.99439 -234.81169 49483.591 -64396.1 5485.8 -69881.9 562.90942
5.29 298.90798 -380.89361 49650.49 -64151.2 5733.5 -69884.7 564.4891
5.3 276.84224 -432.10575 49464.275 -64711 5310.25 -70021.3 565.35369
5.31 288.23641 -478.79111 49566.538 -64454.5 5528.8 -69983.3 564.5993
5.32 287.43866 -144.83614 49742.516 -64679.7 5513.5 -70193.2 568.6086
5.33 291.49307 -510.56114 49516.597 -64218 5591.27 -69809.2 566.28289
5.34 286.61431 -948.76517 49594.272 -64114.9 5497.69 -69612.6 567.65772
5.35 277.21007 -860.22839 49826.338 -64060.2 5317.3 -69377.5 572.45978
5.36 299.10331 -467.31354 49555.639 -64220.8 5737.25 -69958 574.19503
5.37 292.97351 -930.9687 49915.737 -64373.1 5619.67 -69992.8 577.79062
5.38 293.93117 -299.11739 49519.757 -64204.2 5638.04 -69842.3 576.65757
5.39 302.55525 -960.21675 49752.546 -64329.3 5803.46 -70132.8 579.78319
5.4 298.7579 -155.51836 49537.087 -64305.2 5730.62 -70035.8 578.19635
5.41 296.18329 -282.01047 49723.964 -64498.4 5681.24 -70179.6 581.48585
5.42 290.46774 -327.45168 49601.803 -64765.5 5571.6 -70337.1 582.60908
5.43 296.00163 -643.26561 50073.557 -64641.6 5677.75 -70319.3 586.90561
5.44 284.0955 -527.33568 49793.827 -64894.1 5449.37 -70343.5 584.62055
5.45 288.52465 -484.77769 49657.869 -64667.4 5534.33 -70201.7 586.37801
5.46 297.70517 -856.71472 50054.194 -64500.9 5710.43 -70211.4 588.43824
5.47 294.23817 -788.31845 49902.816 -64773.9 5643.93 -70417.8 586.37607
5.48 290.726 -792.60753 49781.918 -64475.1 5576.56 -70051.7 586.00015
5.49 291.44854 -521.82487 49746.345 -64361.2 5590.42 -69951.6 587.4692
5.5 286.02686 -859.53733 49917.055 -64589.1 5486.42 -70075.6 587.11796
5.51 300.30294 -648.41127 49773.544 -64209.6 5760.26 -69969.9 586.84442
5.52 287.48536 -1004.9728 49816.521 -64413.9 5514.4 -69928.3 587.01009
5.53 290.60417 -72.008288 49616.441 -64527.1 5574.22 -70101.3 585.15589
5.54 297.521 -77.541747 49589.754 -64307.6 5706.9 -70014.5 585.75037
5.55 292.17325 -1138.2904 50071.788 -64611 5604.32 -70215.3 589.50285
5.56 295.83936 -948.95322 50049.034 -64481.5 5674.64 -70156.1 591.50835
5.57 287.09427 -365.48823 49729.548 -64780 5506.9 -70286.9 589.72074
5.58 297.65728 -954.12691 49942.82 -64346.8 5709.51 -70056.4 589.63402
5.59 285.94465 -511.33864 49677.701 -64465.9 5484.84 -69950.7 587.88307
5.6 288.05231 -485.90624 49816.32 -64318.5 5525.27 -69843.8 592.30391
5.61 281.01512 -906.6437 49827.812 -64822.3 5390.29 -70212.6 590.96363
5.62 303.86032 -178.53776 49687.587 -64516.7 5828.49 -70345.2 590.26936
5.63 278.38059 -892.42068 49739.065 -64986.5 5339.75 -70326.3 591.23177
5.64 290.93578 -378.42383 49876.565 -64678.8 5580.58 -70259.3 592.56079
5.65 286.2351 -697.79115 49877.699 -64739.9 5490.42 -70230.4 593.80822
5.66 282.91856 -210.79303 49692.207 -64930.9 5426.8 -70357.7 593.48954
5.67 279.19371 -725.85011 49827.599 -64567.5 5355.35 -69922.9 596.70226
5.68 288.03228 -503.76748 49694.892 -64285.6 5524.89 -69810.5 595.5145
5.69 284.07515 -418.42721 49792.647 -64550.4 5448.98 -69999.4 596.5599
5.7 292.99394 -210.41943 49665.446 -64519.3 5620.06 -70139.3 598.34359
5.71 294.51322 -361.95785 49652.245 -64400.9 5649.2 -70050.1 598.35825
5.72 289.79664 -311.12807 49665.005 -64558.6 5558.73 -70117.3 600.08564
5.73 288.236 -901.94422 49943.071 -64628.1 5528.8 -70156.9 602.03308
5.74 291.0647 -657.55023 49742.093 -64592.3 5583.05 -70175.4 601.4704
5.75 284.45562 -395.5818 49821.836 -64896.4 5456.28 -70352.7 602.9199
5.76 285.67844 -813.88073 49932.965 -64818.4 5479.74 -70298.2 605.01935
5.77 289.84862 -340.45078 49828.098 -64439 5559.73 -69998.8 603.96191
5.78 284.94932 -935.33177 49997.792 -64647.2 5465.75 -70113 604.97416
5.79 302.9825 -681.72848 49909.752 -64272.3 5811.66 -70083.9 605.8653
5.8 291.94132 141.61001 49641.924 -64827.6 5599.87 -70427.5 608.32716
5.81 295.43912 -877.57397 49907.702 -64317.3 5666.96 -69984.3 608.77756
5.82 299.60237 -5.0736603 49600.241 -64424.5 5746.82 -70171.3 606.38709
5.83 291.04436 -497.52527 49838.924 -64284.9 5582.66 -69867.5 608.15257
5.84 284.70763 -568.43355 49962.489 -64550.8 5461.12 -70011.9 611.06108
5.85 293.47767 -294.29508 49507.072 -64167.5 5629.34 -69796.9 607.11365
5.86 287.58465 -838.95272 49899.672 -64491.5 5516.3 -70007.8 612.20225
5.87 293.35831 294.73888 49282.893 -64065.4 5627.05 -69692.4 606.74776
5.88 293.25228 -388.61538 49533.156 -64070.2 5625.02 -69695.2 610.21749
5.89 292.76349 -741.60632 49687.474 -64091.3 5615.64 -69707 612.25312
5.9 280.16948 -721.36241 49660.296 -64381.7 5374.07 -69755.8 614.83302
5.91 293.68261 -642.15503 49818.5 -64008.4 5633.27 -69641.6 613.85054
5.92 283.15618 -562.75004 49547.338 -64257.1 5431.36 -69688.5 613.30773
5.93 282.58342 104.47381 49199.156 -63978.9 5420.37 -69399.3 611.43703
5.94 288.55029 -390.45757 49654.158 -63725.2 5534.82 -69260 614.69189
5.95 293.06619 -297.4651 49538.109 -63967.5 5621.45 -69588.9 615.94004
5.96 291.69015 -974.69501 49762.817 -64123.6 5595.05 -69718.6 616.34195
5.97 298.36318 -412.46821 49461.801 -64044.7 5723.05 -69767.8 614.34649
5.98 291.96793 -201.44951 49542.669 -64040.8 5600.38 -69641.2 616.39084
5.99 290.96532 -429.93995 49674.83 -64304.7 5581.15 -69885.8 619.49836
6 286.93519 -477.3703 49684.598 -64178.6 5503.84 -69682.4 620.96365
6.01 288.41325 -638.29215 49778.157 -64298.5 5532.2 -69830.7 624.54353
6.02 282.99158 -624.31836 49745.667 -64632 5428.2 -70060.2 624.49213
6.03 296.66494 -619.62167 49914.075 -64264.8 5690.48 -69955.3 628.15196
6.04 278.18165 -448.49398 49770.933 -64629.4 5335.94 -69965.4 627.15473
6.05 291.99199 -357.37057 49519.226 -64265.7 5600.84 -69866.6 625.11243
6.06 289.48199 -226.73814 49504.679 -64120 5552.7 -69672.7 625.13506
6.07 290.85599 -851.13761 49957.303 -64388.2 5579.05 -69967.3 628.72575
6.08 281.50777 -176.51588 49600.267 -64542.8 5399.74 -69942.5 629.2447
6.09 290.61512 -344.15834 49517.051 -64198.8 5574.43 -69773.2 628.24691
6.1 299.36369 -605.4326 49951.976 -64137.2 5742.24 -69879.5 635.83716
6.11 285.98435 -437.42175 49605.946 -64421.2 5485.61 -69906.8 634.44582
6.12 295.84387 -428.30425 49549.367 -64125.7 5674.73 -69800.5 632.60772
6.13 294.76898 -542.6963 49773.304 -63947.1 5654.11 -69601.2 637.65383
6.14 290.09844 -426.5805 49690.86 -64422.6 5564.52 -69987.1 636.93196
6.15 292.56599 -897.63113 49806.55 -64089.3 5611.85 -69701.2 639.4434
6.16 295.12802 -466.11359 49659.058 -63670.2 5660.99 -69331.2 640.69097
6.17 285.60455 -222.64578 49666.208 -64127.5 5478.32 -69605.8 642.75013
6.18 284.45861 -77.155444 49283.27 -64135.5 5456.34 -69591.9 638.80011
6.19 285.70685 -522.74379 49650.909 -64163.5 5480.28 -69643.7 642.94564
6.2 293.34298 190.27021 49383.047 -64315.3 5626.75 -69942 642.52078
6.21 287.37924 -540.63337 49553.482 -64448.1 5512.36 -69960.4 645.10753
6.22 294.61354 -582.09446 49647.169 -64210.3 5651.13 -69861.4 648.36157
6.23 294.41497 -385.50433 49851.491 -64641.9 5647.32 -70289.2 653.70117
6.24 294.2653 -560.36349 49853.237 -64223.3 5644.45 -69867.7 654.1644
6.25 283.22294 -596.11657 49621.464 -64626.1 5432.64 -70058.7 654.03955
6.26 296.4543 -797.8116 49940.359 -64499.7 5686.43 -70186.1 656.54455
6.27 288.41044 -640.02596 49786.611 -64566 5532.14 -70098.2 657.72715
6.28 279.79212 -403.49035 49497.775 -64525.4 5366.83 -69892.2 654.92934
6.29 295.12349 -299.29386 49622.248 -64438.8 5660.91 -70099.7 656.42311
6.3 295.03531 -820.80842 49692.009 -64443.5 5659.22 -70102.7 655.16577
6.31 303.84689 -154.38883 49519.594 -64014 5828.24 -69842.3 657.58737
6.32 290.42119 -424.55583 49740.415 -64341.4 5570.71 -69912.1 658.33078
6.33 290.54356 -654.03428 49702.621 -64520 5573.06 -70093.1 658.23549
6.34 297.6637 -555.2228 49701.247 -63945 5709.63 -69654.6 660.48194
6.35 294.65079 -594.33546 49600.587 -64474.9 5651.84 -70126.8 659.28707
6.36 273.4788 -325.45897 49683.285 -64886.1 5245.73 -70131.8 661.82842
6.37 288.13797 -526.91813 49868.538 -64266.7 5526.92 -69793.6 666.23267
6.38 300.41467 -299.53048 49663.253 -63658.2 5762.4 -69420.6 666.35745
6.39 290.4878 -525.01549 49710.897 -64466.6 5571.99 -70038.6 667.14784
6.4 295.64461 -632.76393 49670.357 -64149.2 5670.9 -69820.1 664.99726
6.41 292.47934 -101.04889 49550.277 -64404.1 5610.19 -70014.3 663.67854
6.42 294.2509 -338.49302 49523.591 -64292.8 5644.17 -69937 664.11335
6.43 297.57897 -760.85107 49786.545 -64144.5 5708.01 -69852.5 667.00542
6.44 296.95521 -639.79301 49844.509 -64474.2 5696.04 -70170.3 667.28504
6.45 288.59167 -653.68859 49781.385 -64430.2 5535.62 -69965.8 667.50828
6.46 296.13512 -582.19808 49736.29 -64235.9 5680.31 -69916.2 667.32081
6.47 289.9835 -868.54377 49917.275 -64274.8 5562.32 -69837.1 670.84764
6.48 286.44725 -117.95993 49606.65 -64296.9 5494.48 -69791.4 666.48191
6.49 293.32486 -847.52473 49950.467 -64328.2 5626.41 -69954.6 672.29494
6.5 298.2866 -356.90533 49807.825 -64020.6 5721.58 -69742.1 673.69916
6.51 282.09966 -706.99734 49681.125 -64491.7 5411.09 -69902.8 670.68769
6.52 288.84198 -112.88786 49413.025 -64248.5 5540.42 -69788.9 669.10282
6.53 291.32142 -620.03492 49639.909 -64363.2 5587.98 -69951.2 670.06557
6.54 276.3726 -290.31725 49565.025 -64532.3 5301.24 -69833.6 672.90432
6.55 288.97176 -419.02149 49745.62 -64442.6 5542.91 -69985.5 673.76696
6.56 290.54573 -660.649 49852.123 -64532 5573.1 -70105.1 676.07712
6.57 298.62963 -284.37967 49501.888 -64153.1 5728.16 -69881.3 671.76447
6.58 286.1378 -415.35934 49482.951 -64492.6 5488.55 -69981.1 673.93477
6.59 293.14388 -539.18904 49629.664 -64070.5 5622.94 -69693.4 676.58506
6.6 282.44206 -657.65895 49763.316 -64590.3 5417.66 -70008 680.27646
6.61 290.98711 -1459.3686 49930.2 -64087.7 5581.57 -69669.3 681.56018
6.62 296.10233 -792.6143 49587.023 -63934.1 5679.68 -69613.8 681.1559
6.63 298.62166 -1179.7182 50208.16 -64157.6 5728.01 -69885.6 689.70535
6.64 285.07616 -82.099016 49417.106 -64559.7 5468.19 -70027.8 682.3486
6.65 287.925 -521.56608 49593.287 -64456 5522.83 -69978.8 683.0611
6.66 302.73683 -435.2016 49627.048 -64366.6 5806.94 -70173.5 681.80741
6.67 294.97439 -543.44622 49836.197 -64605.1 5658.05 -70263.2 685.66669
6.68 278.08967 -74.977966 49479.331 -64847.7 5334.17 -70181.9 682.36304
6.69 294.07227 -253.5879 49739.619 -64631.5 5640.74 -70272.3 686.60356
6.7 302.10035 -589.38371 49873.174 -64417.3 5794.73 -70212 687.91895
6.71 278.94911 -15.584997 49695.689 -64899.3 5350.66 -70249.9 687.36351
6.72 294.6463 -557.43689 49762.041 -64578.9 5651.75 -70230.6 689.56779
6.73 298.45199 -359.38796 49838.154 -64588.5 5724.75 -70313.2 693.82358
6.74 286.51079 -385.25968 49566.919 -64653.8 5495.7 -70149.5 690.91842
6.75 290.16985 -805.12431 49940.802 -64623 5565.89 -70188.9 692.7667
6.76 285.55627 -743.22616 50013.982 -64505.8 5477.39 -69983.2 693.43208
6.77 286.16641 -144.26863 49787.73 -64825.3 5489.1 -70314.4 690.39637
6.78 285.69559 -101.68743 49607.341 -64737.1 5480.07 -70217.1 692.42974
6.79 290.40329 -169.09558 49577.542 -64398.7 5570.37 -69969 693.08242
6.8 282.443 -234.27102 49657.739 -64744.5 5417.68 -70162.2 693.7015
6.81 293.68897 -665.55653 49857.548 -64573.5 5633.39 -70206.9 694.69419
6.82 277.88414 -1007.6501 50026.247 -64901.2 5330.23 -70231.4 695.90546
6.83 294.25443 -454.78458 49745.964 -64432.7 5644.24 -70077 694.163
6.84 287.13911 -361.82433 49649.818 -64717.1 5507.76 -70224.9 692.96431
6.85 284.25037 -780.85341 49781.622 -64497.7 5452.35 -69950.1 697.24554
6.86 298.09693 -846.22846 50028.457 -64304.4 5717.94 -70022.3 700.66535
6.87 290.4844 -173.31771 49428.665 -64279.8 5571.92 -69851.7 697.27645
6.88 295.85563 111.53415 49569.792 -64413.7 5674.95 -70088.6 701.35467
6.89 295.77321 -602.40422 49738.324 -64495.6 5673.37 -70168.9 702.64276
6.9 289.16004 539.38116 49420.823 -64427.7 5546.52 -69974.2 702.39979
6.91 283.71817 -738.57326 49850.16 -64650.9 5442.14 -70093 704.99513
6.92 301.25987 -310.80135 49786.585 -64455.4 5778.61 -70234 704.9237
6.93 276.57872 64.924416 49433.781 -64987.5 5305.19 -70292.7 702.10406
6.94 291.53114 -873.17296 49945.524 -64375.4 5592 -69967.4 706.17563
6.95 289.49891 -188.1173 49565.793 -64743.3 5553.02 -70296.3 704.24524
6.96 295.29399 -1103.6668 49929.298 -64521.8 5664.18 -70186 707.59457
6.97 288.70788 -72.467623 49673.191 -64446.4 5537.85 -69984.2 707.66055
6.98 274.7151 -590.3817 49974.2 -64747.6 5269.44 -70017.1 715.29165
6.99 300.05134 -205.09418 49506.968 -64066.4 5755.43 -69821.8 710.54967
7 292.61839 -447.46172 49751.66 -64535.9 5612.86 -70148.7 712.08579
7.01 274.4632 -702.77895 49874.49 -64682.7 5264.61 -69947.3 713.02898
7.02 295.98351 -1073.7427 49991.963 -64370.8 5677.4 -70048.2 713.38308
7.03 293.66803 -762.43614 49927.844 -64526.1 5632.99 -70159.1 711.8855
7.04 297.29239 -137.60296 49459.964 -64374.2 5702.51 -70076.7 707.91728
7.05 293.46681 -484.36288 49875.915 -64415.4 5629.13 -70044.6 713.09837
7.06 289.33238 -432.05099 50050.637 -64601.4 5549.83 -70151.3 716.9054
7.07 285.80169 -366.47247 49782.546 -64161.7 5482.1 -69643.8 713.09919
7.08 295.4281 -505.31832 49772.526 -64541.8 5666.75 -70208.5 715.34183
7.09 285.35847 -601.17371 49641.196 -64947.5 5473.6 -70421.1 713.75247
7.1 288.93824 -135.99229 49550.986 -64494.4 5542.27 -70036.7 713.81762
7.11 279.60813 -712.60294 49837.871 -64701.4 5363.3 -70064.7 715.83861
7.12 284.2476 -396.53869 49676.311 -64434 5452.29 -69886.3 712.79535
7.13 296.13936 -693.66527 49631.076 -64315.3 5680.39 -69995.7 713.65021
7.14 285.9659 118.2188 49387.364 -64195.9 5485.25 -69681.1 709.47918
7.15 289.21244 -657.49047 49698.615 -64337.2 5547.53 -69884.7 715.55374
7.16 291.33266 -565.81239 49863.276 -64389.7 5588.19 -69977.9 717.72761
7.17 290.89417 -386.79714 49652.191 -64185.4 5579.78 -69765.2 715.25377
7.18 295.95094 -22.156647 49498.899 -64090.4 5676.78 -69767.2 716.06801
7.19 298.32976 -479.99965 49765.008 -64093.8 5722.41 -69816.2 722.08826
7.2 293.44444 -422.12136 49765.496 -64227.3 5628.7 -69856 723.66655
7.21 292.14557 -446.58904 49698.572 -64133.1 5603.79 -69736.9 721.33583
7.22 283.8249 -236.0957 49682.715 -64484.1 5444.18 -69928.3 720.47488
7.23 294.3811 400.42025 49244.455 -64043 5646.67 -69689.6 717.30629
7.24 284.10819 -99.105828 49456.204 -64325.4 5449.62 -69775.1 721.4783
7.25 284.5438 -446.05773 49430.524 -64556.5 5457.97 -70014.5 721.75603
7.26 288.42492 -467.66574 49879.617 -64477.9 5532.42 -70010.3 727.99573
7.27 288.32703 -127.23913 49657.044 -64756.9 5530.54 -70287.4 727.96674
7.28 290.40656 -794.82893 49704.027 -64398.5 5570.43 -69969 730.15282
7.29 302.36607 -382.66937 49603.557 -64433.4 5799.83 -70233.2 729.19642
7.3 290.49148 -564.91174 49775.083 -64526.8 5572.06 -70098.9 729.9248
7.31 294.46653 -462.75687 49528.352 -64186.9 5648.31 -69835.2 727.18724
7.32 291.03251 -923.98509 49844.944 -64505.5 5582.44 -70087.9 730.62073
7.33 280.54694 -355.07697 49634.007 -64793.7 5381.31 -70175 726.60529
7.34 288.04794 -737.90422 49937.043 -64625.5 5525.19 -70150.7 729.91632
7.35 282.42292 -540.67258 49719.197 -64351 5417.29 -69768.3 729.36485
7.36 290.3343 -594.74603 49920.713 -64624.5 5569.04 -70193.6 730.74032
7.37 286.73044 -342.94509 49598.417 -65001.5 5499.92 -70501.4 727.19728
7.38 288.90405 -481.42448 49835.383 -64631 5541.61 -70172.7 730.61334
7.39 290.59643 -465.21815 49732.461 -64333.2 5574.07 -69907.3 729.70483
7.4 284.13833 -154.15705 49738.538 -64684.5 5450.2 -70134.7 733.79994
7.41 293.04645 -332.20093 49563.806 -64528 5621.07 -70149.1 731.99525
7.42 281.57036 -808.87572 49739.844 -64677.3 5400.94 -70078.2 732.90473
7.43 292.90213 -707.4365 49921.332 -64617.9 5618.3 -70236.2 735.10404
7.44 280.19003 -1155.8793 50001.355 -64580.3 5374.46 -69954.8 735.9478
7.45 288.46711 -646.25443 49658.083 -64652.7 5533.23 -70185.9 733.70097
7.46 292.20151 -801.54208 49957.157 -64597.6 5604.86 -70202.5 736.10754
7.47 294.38769 -703.8678 49689.466 -64490.8 5646.79 -70137.6 732.16026
7.48 286.14446 -289.00166 49526.736 -64438.8 5488.68 -69927.5 732.39756
7.49 283.56304 -662.20499 49608.418 -64625.9 5439.16 -70065.1 737.0232
7.5 303.7904 138.7924 49563.425 -64388.6 5827.15 -70215.7 735.58083
7.51 285.20528 -549.6295 49833.107 -64817 5470.66 -70287.6 740.24455
7.52 292.35833 -663.60354 49820.925 -64635.8 5607.87 -70243.6 739.50467
7.53 292.11849 -135.23396 49563.168 -64427.6 5603.27 -70030.9 736.86601
7.54 284.25221 -401.44323 49601.616 -64744.3 5452.38 -70196.7 738.92688
7.55 297.45145 -742.00866 49967.734 -64305.1 5705.56 -70010.7 742.16199
7.56 290.11531 -530.37539 49774.165 -64773.2 5564.84 -70338 740.5869
7.57 296.8787 -98.926106 49585.527 -64231.1 5694.58 -69925.7 738.20317
7.58 303.38491 -613.03173 49950.741 -64454 5819.37 -70273.4 742.01935
7.59 278.43036 -647.70562 49912.602 -64564.9 5340.71 -69905.6 744.33027
7.6 296.27817 -513.00341 49769.389 -64463.1 5683.06 -70146.1 741.21945
7.61 278.46511 -729.2221 49801.745 -64820.9 5341.38 -70162.3 741.51867
7.62 288.99781 -479.38572 49849.009 -64784.1 5543.41 -70327.5 743.52633
7.63 294.22292 -625.30138 49756.174 -64238.2 5643.63 -69881.8 742.40905
7.64 285.53225 -297.80426 49727.58 -64548.7 5476.93 -70025.7 744.6457
7.65 282.3458 -484.90272 49784.054 -64548.4 5415.81 -69964.2 743.70123
7.66 293.51342 -646.60204 50020.875 -64543.8 5630.02 -70173.8 745.814
7.67 301.05474 -47.843986 49838.284 -64525 5774.68 -70299.6 744.53884
7.68 283.32812 122.98032 49389.436 -64639.7 5434.66 -70074.4 740.84608
7.69 295.29787 -427.71563 49816.555 -64906 5664.25 -70570.3 745.53158
7.7 289.26768 -677.30956 49909.757 -64660.8 5548.58 -70209.3 746.93172
7.71 290.11526 -65.991254 49523.771 -64560 5564.84 -70124.8 746.44068
7.72 297.58914 -441.17172 49639.074 -64172.3 5708.2 -69880.5 747.75868
7.73 292.85749 81.705693 49727.045 -64414.9 5617.44 -70032.3 748.91882
7.74 294.11394 -403.04016 49787.97 -64743.6 5641.54 -70385.2 749.72249
7.75 289.18083 -507.51677 49914.01 -64653 5546.92 -70199.9 751.00137
7.76 285.10245 -484.52376 49904.282 -64855.6 5468.69 -70324.3 752.12018
7.77 284.10133 -478.66597 49682.361 -64854.4 5449.49 -70303.9 752.72914
7.78 291.66878 -230.59541 49692.483 -64598.9 5594.64 -70193.5 756.80248
7.79 289.88188 -550.1496 49848.091 -64599.7 5560.37 -70160.1 760.10339
7.8 293.86533 -448.90352 49657.718 -64436.7 5636.77 -70073.5 761.78605
7.81 294.86121 -283.53409 49546.984 -64138.2 5655.88 -69794.1 761.30273
7.82 290.02853 -28.566179 49560.968 -64649.4 5563.18 -70212.5 762.95942
7.83 290.65774 51.843548 49482.941 -64394.2 5575.25 -69969.4 759.75118
7.84 290.75331 -495.30156 49843.102 -64320 5577.08 -69897 764.98633
7.85 296.04827 -106.24017 49653.722 -64517.7 5678.65 -70196.3 765.67867
7.86 275.59421 -759.42544 49766.683 -64651.9 5286.31 -69938.2 765.87246
7.87 294.05312 -593.8973 49931.098 -64271.6 5640.38 -69912 767.21452
7.88 289.76338 -429.73994 49767.875 -64610.4 5558.09 -70168.5 764.68294
7.89 292.09869 -236.77525 49610.794 -64401.4 5602.89 -70004.3 761.94808
7.9 300.1566 -745.34889 49909.038 -64346.2 5757.45 -70103.7 766.90608
7.91 290.79348 -774.72696 49902.455 -64312.4 5577.85 -69890.2 766.58828
7.92 290.91948 -978.11059 49915.425 -64333.8 5580.27 -69914 766.65992
7.93 301.18782 -233.28588 49739.512 -64268.9 5777.23 -70046.2 764.45495
7.94 290.20892 -19.535332 49631.588 -64701.8 5566.64 -70268.4 763.96235
7.95 296.83086 -343.26055 49771.502 -64338.9 5693.66 -70032.6 767.9146
7.96 294.28802 -477.84261 49756.106 -64574.6 5644.88 -70219.5 768.47075
7.97 296.64341 46.01574 49494.033 -64355.5 5690.06 -70045.5 766.28748
7.98 281.44036 -564.59329 49515.464 -64615.6 5398.45 -70014.1 767.82533
7.99 283.48757 -1248.2564 49962.304 -64488.3 5437.71 -69926 772.32608
8 286.46948 -149.59277 49425.737 -64380.3 5494.91 -69875.2 771.4384
8.01 298.77042 -1159.9148 50108.573 -64145.9 5730.86 -69876.7 775.77197
8.02 294.80202 -393.69887 49699.862 -64562.2 5654.74 -70216.9 772.91655
8.03 284.20741 -570.69294 49950.497 -64777.4 5451.52 -70228.9 777.34678
8.04 288.44772 -448.03835 49805.638 -64873 5532.86 -70405.8 777.55093
8.05 285.34586 -603.91524 49850.286 -64451.2 5473.36 -69924.6 780.37913
8.06 295.13989 -570.12566 49766.107 -64415.7 5661.22 -70076.9 778.19602
8.07 288.72053 -893.49605 49865.186 -64733.6 5538.09 -70271.7 780.20864
8.08 292.62091 -59.446202 49615.537 -64294.7 5612.9 -69907.6 777.33999
8.09 286.88795 -938.24856 49998.068 -64883.4 5502.94 -70386.4 784.02533
8.1 288.99875 -568.20204 49871.054 -64702.2 5543.43 -70245.6 784.30657
8.11 280.75975 -505.68497 49737.361 -64696.5 5385.39 -70081.9 783.59422
8.12 287.91218 -231.59267 49511.468 -64525.9 5522.58 -70048.5 778.62493
8.13 289.13878 -516.49901 49553.025 -64690.9 5546.11 -70237 778.69843
8.14 290.32024 -630.03648 49645.093 -64875.5 5568.77 -70444.3 781.31534
8.15 287.25408 -445.53485 49606.926 -64546.7 5509.96 -70056.6 779.50382
8.16 290.95291 -424.51539 49727.932 -64614.4 5580.91 -70195.4 780.14921
8.17 290.89224 -292.01887 49930.256 -64847.3 5579.75 -70427 781.2264
8.18 289.96356 -1367.6126 49979.487 -64616.9 5561.93 -70178.8 783.02544
8.19 296.36559 -523.02494 49681.009 -64296.4 5684.73 -69981.2 778.75601
8.2 295.34622 -228.82683 49485.193 -64429.2 5665.18 -70094.4 775.51627
8.21 307.39722 -374.63258 49543.076 -64077.7 5896.34 -69974 778.56356
8.22 289.90345 -546.54143 49510.94 -64436 5560.78 -69996.8 778.51908
8.23 286.64043 -65.686612 49523.357 -64239.8 5498.19 -69737.9 778.24116
8.24 290.57311 -488.30316 49754.682 -64255.5 5573.62 -69829.2 781.80678
8.25 297.8392 -837.23575 49707.177 -63894.3 5713 -69607.3 784.34717
8.26 276.04908 32.376876 49297.491 -64219.1 5295.03 -69514.2 782.88443
8.27 290.78957 -121.01758 49644.121 -64544.3 5577.78 -70122 787.19358
8.28 296.44518 -669.60677 49574.719 -64108.6 5686.26 -69794.9 785.21637
8.29 294.01995 -697.48519 49675.22 -64010.5 5639.74 -69650.3 789.82995
8.3 286.55443 10.661352 49443.329 -64423.4 5496.54 -69919.9 790.57847
8.31 296.50519 -220.18169 49456.284 -64344.4 5687.41 -70031.8 790.7738
8.32 292.27963 -762.02559 49684.53 -64245 5606.36 -69851.4 795.47776
8.33 288.52935 -164.63514 49866.428 -64638.2 5534.42 -70172.6 797.73465
8.34 285.00424 -809.20051 50037.85 -64773 5466.81 -70239.8 798.73412
8.35 288.76132 -705.25522 49831.123 -64510.6 5538.87 -70049.5 798.02615
8.36 286.07916 -131.76442 49579.637 -64503.7 5487.42 -69991.1 795.18731
8.37 284.9375 -407.14133 49723.115 -64803.5 5465.53 -70269 794.98329
8.38 293.66986 -551.72319 49544.166 -64373 5633.03 -70006.1 793.22488
8.39 289.80416 -922.29467 49952.179 -64660.6 5558.88 -70219.5 798.73204
8.4 296.24117 -400.16716 49709.482 -64442.1 5682.35 -70124.5 796.43745
8.41 283.50835 -726.80289 49893.405 -64718.3 5438.11 -70156.4 797.89712
8.42 296.19648 -707.42374 49778.657 -64401.8 5681.49 -70083.3 793.71678
8.43 285.75993 -603.88827 49871.178 -64926.1 5481.3 -70407.4 798.3022
8.44 294.5159 -542.04554 49701.288 -64591.4 5649.25 -70240.6 795.74724
8.45 295.69493 -401.08918 49565.243 -64524.9 5671.87 -70196.8 793.87197
8.46 286.00565 -890.86452 49950.185 -64661 5486.01 -70147 797.74539
8.47 295.10519 -478.59839 49886.645 -64590.3 5660.56 -70250.9 795.742
8.48 281.78327 -65.161105 49372.118 -64689.2 5405.02 -70094.2 788.59255
8.49 290.95644 -7.2010749 49486.659 -64632.3 5580.98 -70213.2 790.5926
8.5 287.62877 -227.17666 49710.406 -64574.6 5517.15 -70091.8 791.78892
8.51 289.89483 -523.31309 49533.117 -64330.2 5560.61 -69890.8 792.91677
8.52 275.85011 -1369.0422 50120.928 -64920.9 5291.22 -70212.1 799.66502
8.53 282.02032 -1111.344 50032.997 -64631.6 5409.57 -70041.2 798.34084
8.54 287.38841 -918.10577 50057.137 -64317.9 5512.54 -69830.5 800.10223
8.55 299.37891 -296.90934 49440.629 -64231.2 5742.53 -69973.8 793.74085
8.56 287.15201 -571.10925 49851.47 -64271.5 5508 -69779.6 798.91155
8.57 292.01463 -923.91233 49809.809 -64672.6 5601.28 -70273.9 801.85272
8.58 291.49222 -667.39785 49801.173 -64494 5591.25 -70085.3 798.80021
8.59 286.78115 -405.89977 49720.03 -64486.6 5500.89 -69987.5 800.31874
8.6 289.17143 -256.48072 49675.652 -64836.8 5546.74 -70383.6 801.20731
8.61 286.21526 -629.16934 49852.626 -64683.3 5490.03 -70173.3 803.39533
8.62 292.35742 -752.73139 49695.921 -64487.8 5607.85 -70095.6 802.25071
8.63 290.45516 -835.57939 49900.127 -64540.8 5571.36 -70112.2 805.27917
8.64 282.03781 -514.78566 49687.648 -64607.9 5409.9 -70017.8 804.59607
8.65 295.99266 -734.02255 49843.175 -64140.2 5677.58 -69817.8 808.88744
8.66 290.53992 -313.85854 49449.791 -64524.3 5572.99 -70097.3 804.89727
8.67 294.31666 -784.95629 49992.038 -64130.2 5645.43 -69775.6 813.25754
8.68 289.61164 -829.04751 49880.654 -64204.4 5555.18 -69759.6 812.84521
8.69 280.92518 -316.05859 49655.98 -64633.4 5388.56 -70022 811.6347
8.7 289.90234 -486.71819 49622.133 -64358.5 5560.76 -69919.3 808.16817
8.71 301.87276 -204.41042 49456.588 -64234.1 5790.37 -70024.5 809.86268
8.72 290.10669 185.97228 49388.167 -64471.3 5564.68 -70036 809.35027
8.73 284.02183 -395.68537 49661.252 -64548.7 5447.96 -69996.7 810.99698
8.74 287.01897 -1126.6872 49826.724 -64271.7 5505.45 -69777.1 814.12712
8.75 289.30372 -716.87798 49695.599 -64507.6 5549.28 -70056.9 816.37753
8.76 287.96099 -525.12051 49687.398 -64428.7 5523.52 -69952.2 815.58381
8.77 284.75625 -1328.6395 50106.304 -64392.7 5462.05 -69854.8 822.15283
8.78 293.06119 73.154278 49488.327 -64468.8 5621.35 -70090.2 819.23668
8.79 290.05857 -470.27155 49655.08 -64670.4 5563.76 -70234.2 819.65085
8.8 290.25335 -244.93194 49657.7 -64477.7 5567.49 -70045.2 821.24317
8.81 286.28255 -321.68717 49496.003 -64389.3 5491.33 -69880.6 822.26651
8.82 288.66209 -412.11936 49641.474 -64833.2 5536.97 -70370.2 825.13735
8.83 292.83077 -669.57175 49982.604 -64540.3 5616.93 -70157.3 829.69297
8.84 281.84468 -410.4117 49684.976 -64826.7 5406.2 -70232.9 827.97913
8.85 283.20883 -526.89172 49817.883 -64595.8 5432.37 -70028.2 831.88615
8.86 293.8555 -64.573835 49571.192 -64832.1 5636.59 -70468.7 829.15643
8.87 294.64388 -422.93733 49790.32 -64733.7 5651.71 -70385.5 831.71789
8.88 291.08987 -568.385 49801.984 -64778.7 5583.54 -70362.2 831.31346
8.89 284.31456 -137.39993 49720.468 -65013.2 5453.58 -70466.8 835.3394
8.9 290.78385 -649.8421 49917.432 -64617.3 5577.67 -70195 838.57286
8.91 282.74587 -507.22809 49807.883 -64755.3 5423.49 -70178.8 837.50908
8.92 284.68166 -557.88298 49813.319 -64751.7 5460.62 -70212.3 837.95545
8.93 280.80672 -277.90388 49562.818 -65003.6 5386.29 -70389.9 837.03096
8.94 285.2494 -480.7013 49825.204 -64605.3 5471.51 -70076.8 839.30838
8.95 287.65708 -710.37133 50032.032 -64620.8 5517.69 -70138.5 842.52313
8.96 294.87598 -526.33746 49883.509 -64480.6 5656.16 -70136.8 841.13379
8.97 287.69235 -276.36694 49668.517 -64767.1 5518.37 -70285.5 837.22428
8.98 293.30508 -730.89404 49848.953 -64452.8 5626.03 -70078.8 840.62446
8.99 283.43094 -565.36024 49628.405 -64762.2 5436.63 -70198.9 840.66196
9 288.5081 -687.10942 49773.034 -64384.9 5534.01 -69918.9 841.84107
9.01 285.89046 -85.572781 49552.938 -64827.3 5483.8 -70311.1 840.65323
9.02 282.66407 -453.86259 49883.589 -64825.4 5421.92 -70247.3 844.73317
9.03 294.83863 -547.59913 49866.456 -64788.4 5655.44 -70443.9 846.12209
9.04 300.68169 -738.85122 49937.634 -64547.5 5767.52 -70315 848.03951
9.05 301.11342 -733.58591 49780.9 -64168 5775.8 -69943.8 847.13548
9.06 289.03573 -487.86699 49674.254 -64682.3 5544.14 -70226.5 845.3519
9.07 292.67889 -243.26758 49669.025 -64616.3 5614.02 -70230.3 846.49259
9.08 296.70602 -898.49434 50107.66 -64463.2 5691.26 -70154.4 853.24632
9.09 285.51486 -694.3852 49980.422 -64642.6 5476.6 -70119.2 851.42969
9.1 292.21922 -719.30323 50039.1 -64714.2 5605.2 -70319.4 854.16277
9.11 287.001 -770.44278 49894.594 -64930.5 5505.11 -70435.6 852.90819
9.12 306.06737 -119.53338 49732.06 -64446 5870.83 -70316.9 850.36546
9.13 290.51967 59.306017 49490.49 -64809.2 5572.6 -70381.8 846.98683
9.14 290.92224 -117.94412 49548.434 -64418.8 5580.32 -69999.2 847.8206
9.15 293.41417 -147.92836 49545.613 -64416.3 5628.12 -70044.4 848.12732
9.16 291.07264 -336.27824 49730.522 -64205.6 5583.21 -69788.8 849.02152
9.17 285.22947 -254.03676 49725.345 -64629.3 5471.13 -70100.4 851.73593
9.18 290.04025 -750.30842 49833.898 -64242.3 5563.4 -69805.7 851.31651
9.19 295.51156 -893.1305 49952.881 -64659.3 5668.35 -70327.7 852.29069
9.2 286.91589 -1155.7262 49837.185 -64771.5 5503.47 -70275 851.32869
9.21 290.37093 74.709868 49580.987 -64442.9 5569.75 -70012.6 846.47447
9.22 288.65612 -595.34126 49716.617 -64490.8 5536.85 -70027.7 850.73248
9.23 288.70104 -410.75275 49598.236 -64585.4 5537.72 -70123.1 851.67423
9.24 291.8609 -575.13377 49875.036 -64604.6 5598.33 -70202.9 854.81954
9.25 289.41834 214.71555 49248.203 -64767.8 5551.47 -70319.3 849.07542
9.26 287.05754 -745.64853 49824.978 -64394.7 5506.19 -69900.9 854.1327
9.27 285.1469 -797.68799 49833.422 -64601.9 5469.54 -70071.4 855.12493
9.28 296.82668 -1476.4675 50124.859 -64187.4 5693.58 -69881 861.91522
9.29 289.82095 -409.5023 49783.322 -64168.7 5559.2 -69727.9 862.92232
9.3 280.26989 -42.738399 49220.348 -64383.2 5375.99 -69759.2 855.83191
9.31 287.33702 -1176.5733 49745.89 -64510.9 5511.55 -70022.5 863.81589
9.32 294.30528 -99.315896 49524.186 -64498 5645.21 -70143.2 861.38142
9.33 287.06232 -135.12138 49475.303 -64610.8 5506.28 -70117.1 860.43766
9.34 291.2776 -670.05049 49926.601 -64792.8 5587.14 -70380 864.66588
9.35 292.61093 -599.48819 49915.164 -64692 5612.71 -70304.8 865.45315
9.36 298.95288 -140.20504 49588.785 -64539.1 5734.36 -70273.4 862.71773
9.37 288.40574 -266.89692 49773.505 -64706 5532.05 -70238.1 865.16777
9.38 301.05043 -637.96229 49777.334 -64248.9 5774.6 -70023.5 867.577
9.39 289.83991 -405.19988 49711.561 -64283.5 5559.56 -69843.1 865.6168
9.4 289.31854 -147.30904 49780.597 -64357.9 5549.56 -69907.5 868.93336
9.41 284.46669 -838.98014 49851.369 -64608.2 5456.49 -70064.7 870.27249
9.42 295.05536 -413.84666 49748.395 -64327 5659.6 -69986.6 866.31445
9.43 298.15606 -871.19423 49732.505 -64461.6 5719.08 -70180.6 867.15588
9.44 288.46559 -498.4361 50009.569 -64545.6 5533.2 -70078.8 874.38613
9.45 297.43989 -1043.0532 50035.801 -64499.1 5705.34 -70204.4 875.79466
9.46 286.81712 -480.76997 49790.616 -64107.7 5501.58 -69609.3 876.82989
9.47 281.59994 183.36122 49309.388 -64569.4 5401.51 -69970.9 872.36833
9.48 284.10473 -501.29454 49951.902 -64542.4 5449.55 -69992 879.50061
9.49 301.7087 -401.07334 49712.066 -64058.9 5787.22 -69846.1 879.84654
9.5 279.02145 -399.98954 49439.266 -64535.5 5352.05 -69887.5 879.18064
9.51 295.84469 -403.09018 49427.932 -63930.5 5674.74 -69605.2 879.53384
9.52 301.78251 -344.98664 49476.222 -64134.8 5788.64 -69923.4 882.86312
9.53 282.46594 -641.54679 49711.901 -64148.6 5418.12 -69566.7 887.05915
9.54 288.01016 -409.43384 49436.156 -64081.6 5524.46 -69606.1 885.22044
9.55 299.33495 -849.97343 49791.096 -64010.5 5741.69 -69752.2 895.12633
9.56 292.00921 7.2486649 49341.968 -64026.2 5601.17 -69627.4 888.62964
9.57 289.55732 -755.72416 49594.615 -63918.7 5554.14 -69472.8 891.7947
9.58 284.75376 -669.43804 49741.444 -64034.1 5462 -69496.1 894.40629
9.59 290.47817 -547.13234 49775.4 -63759.7 5571.8 -69331.5 896.46668
9.6 291.26455 -638.33691 49595.859 -64133.1 5586.89 -69720 894.52822
9.61 290.53379 -629.08918 49685.425 -64160.1 5572.87 -69733 895.66511
9.62 284.36953 -272.56479 49293.341 -64262.7 5454.63 -69717.4 891.12378
9.63 288.29627 -208.36451 49677.923 -64137.3 5529.95 -69667.2 893.81156
9.64 287.78092 -379.5365 49636.2 -63929.9 5520.07 -69449.9 892.40941
9.65 292.77823 -117.79036 49547.737 -64166.1 5615.92 -69782 891.85383
9.66 283.02861 -822.13979 49723.074 -64537.9 5428.91 -69966.8 897.21873
9.67 292.99764 -648.50016 49792.637 -63963.7 5620.13 -69583.8 901.72384
9.68 294.46207 -766.81798 49762.125 -64271.1 5648.22 -69919.3 902.77589
9.69 289.48089 -1018.7546 49831.488 -64537.2 5552.67 -70089.9 901.95724
9.7 294.71615 -633.82285 49595.242 -63942.3 5653.09 -69595.4 900.57874
9.71 281.73009 -642.62895 49699.241 -64353.2 5404 -69757.2 901.24887
9.72 300.07299 -632.45475 49738.161 -63668.9 5755.85 -69424.7 902.0408
9.73 280.0744 -296.75523 49584.261 -63920.3 5372.24 -69292.5 900.75926
9.74 298.82954 -650.86325 49712.431 -63697 5732 -69429 905.56791
9.75 289.1632 -883.15468 49617.528 -64202.9 5546.58 -69749.5 905.76535
9.76 297.25127 -474.907 49652.101 -64144.7 5701.72 -69846.4 906.60964
9.77 282.66764 -260.86753 49516.707 -64577.8 5421.99 -69999.8 907.48765
9.78 299.42141 -585.20313 49769.844 -64421.1 5743.35 -70164.4 911.18933
9.79 286.47021 -266.3184 49689.58 -64851 5494.93 -70346 911.04888
9.8 297.81524 66.797616 49741.648 -64494.2 5712.54 -70206.8 909.8579
9.81 294.30614 -678.77807 49990.351 -64586.9 5645.23 -70232.1 915.96276
9.82 285.45374 -630.45236 49765.122 -64752.4 5475.43 -70227.8 913.8371
9.83 297.99059 -533.56711 49826.957 -64371.8 5715.9 -70087.7 914.42892
9.84 291.03665 -691.93503 49769.77 -64511.5 5582.52 -70094 915.2072
9.85 292.06228 -788.64244 49914.341 -64739.2 5602.19 -70341.4 917.34753
9.86 291.02191 -820.69005 49950.083 -64591.5 5582.23 -70173.7 921.17652
9.87 279.60044 -807.09039 50008.433 -64977.5 5363.15 -70340.7 922.75912
9.88 289.21133 -531.47845 49856.403 -64559.5 5547.5 -70107 923.38504
9.89 292.55251 -346.33354 49547.849 -64362.7 5611.59 -69974.3 918.33606
9.9 284.48277 -163.45374 49713.411 -64418.8 5456.8 -69875.6 920.1157
9.91 298.20945 -720.68921 49837.485 -63904.3 5720.1 -69624.4 921.66848
9.92 280.51141 -549.22366 49567.92 -64534.8 5380.63 -69915.5 917.0754
9.93 295.96914 -384.61832 49931.912 -64268.2 5677.13 -69945.3 922.71699
9.94 283.43756 -659.29762 49644.004 -64381.7 5436.75 -69818.5 915.55166
9.95 284.16674 -1198.5809 49930.527 -64122.9 5450.74 -69573.6 921.32947
9.96 288.04899 -430.49806 49697.85 -64328.2 5525.21 -69853.4 918.46838
9.97 287.14328 -427.72946 49502.205 -64082.3 5507.84 -69590.1 913.74337
9.98 285.55213 -135.04386 49315.035 -64034.3 5477.31 -69511.6 908.08931
