0 297.52745 -780.2926 49776.703 -60792.3 5747.84 -66540.1 9.2379227
0.01 294.50109 -371.03037 49513.891 -61167.2 5689.37 -66856.6 20.156695
0.02 304.68712 -960.52564 49671.651 -61318.9 5886.15 -67205.1 29.056727
0.03 297.9406 -1294.6889 49941.702 -61566.8 5755.82 -67322.7 35.180527
0.04 305.18473 -911.5823 49897.64 -61378.1 5895.77 -67273.8 41.332193
0.05 302.96467 -1646.7175 50392.621 -61306.6 5852.88 -67159.4 50.66566
0.06 298.27929 -999.36708 49881.091 -61279 5762.36 -67041.4 58.68928
0.07 310.55966 -949.20793 49951.129 -61110.7 5999.6 -67110.3 64.298958
0.08 297.27213 -945.52005 49850.495 -61259.2 5742.9 -67002.2 71.948784
0.09 307.97926 -1550.1754 49750.433 -60424.2 5949.75 -66373.9 81.134819
0.1 298.227 -922.54049 49821.421 -61367.7 5761.35 -67129 88.770071
0.11 289.24046 -768.01412 49830.531 -61057.5 5587.74 -66645.2 98.459058
0.12 312.02955 -511.93403 49618.543 -60313.3 6028 -66341.3 108.06634
0.13 296.94628 -584.48506 49594.215 -60888.9 5736.61 -66625.5 112.11789
0.14 296.65413 -467.98895 49238.665 -60759.9 5730.97 -66490.8 117.51784
0.15 303.32948 -797.19864 49585.632 -60512.5 5859.92 -66372.4 128.71211
0.16 295.75084 -923.56941 49343.736 -60706.3 5713.52 -66419.8 136.63319
0.17 297.57322 -833.42871 49637.526 -60612.7 5748.72 -66361.4 147.28066
0.18 290.61883 -1179.5463 49463.326 -60722 5614.37 -66336.4 154.63487
0.19 306.97443 -885.66973 49600.548 -60722.4 5930.34 -66652.8 166.32602
0.2 293.36081 -1023.2987 49599.867 -61029.7 5667.34 -66697.1 174.08608
0.21 305.82784 -873.83001 49596.285 -60153.4 5908.19 -66061.6 181.92965
0.22 291.75353 -1035.3029 48914.321 -60530.8 5636.29 -66167 191.2404
0.23 302.80473 -705.75286 49226.814 -60124.7 5849.79 -65974.5 198.58781
0.24 299.09968 -2003.4054 49364.053 -60150.1 5778.21 -65928.3 209.61771
0.25 306.60254 -1164.9854 49368.136 -60193.9 5923.16 -66117.1 219.14538
0.26 309.35264 -1013.1917 49520.04 -59749.1 5976.28 -65725.4 232.52795
0.27 300.81071 -663.62581 49085.069 -60126.3 5811.27 -65937.5 242.61778
0.28 301.58258 -1008.71 49457.804 -59838.6 5826.18 -65664.8 252.69666
0.29 299.48406 -808.75438 49369.956 -59733.6 5785.64 -65519.2 260.85986
0.3 305.59501 -1340.9148 49536.832 -60185.6 5903.69 -66089.3 268.84639
0.31 315.58057 -492.78714 48904.984 -59637.7 6096.6 -65734.3 275.68749
0.32 305.53529 -984.71445 49156.975 -59381.3 5902.54 -65283.8 285.07202
0.33 295.49302 -1514.7816 49668.337 -59776.5 5708.53 -65485 299.81791
0.34 290.01672 -1268.8097 49587.158 -59974.8 5602.74 -65577.5 310.52498
0.35 298.19917 -982.48932 49770.25 -59543.2 5760.81 -65304.1 321.4056
0.36 290.29508 -275.53318 49232.505 -59613.9 5608.12 -65222 329.51704
0.37 300.23859 -1299.9305 49166.367 -59373 5800.21 -65173.2 343.47737
0.38 303.18017 -1305.2897 49152.103 -59400.6 5857.04 -65257.6 358.00916
0.39 292.0944 -1453.8544 49072.678 -58965.1 5642.88 -64607.9 369.64763
0.4 298.2364 86.547166 48514.177 -58415.3 5761.53 -64176.9 379.05927
0.41 312.92482 -787.9426 49149.511 -57616.9 6045.29 -63662.2 396.80292
0.42 303.50572 -613.86646 47895.725 -57124.7 5863.33 -62988 409.85185
0.43 299.74001 -1430.821 47731.211 -56898.1 5790.58 -62688.7 435.94175
0.44 301.23179 -1331.556 47984.076 -57209.3 5819.4 -63028.7 462.44449
0.45 311.29069 -622.45219 48045.809 -56543.7 6013.72 -62557.5 485.98329
0.46 298.66261 -1084.9403 47763.513 -57036.6 5769.77 -62806.3 509.35954
0.47 298.90731 -568.21932 47558.07 -57132.9 5774.49 -62907.3 535.93684
0.48 306.98929 -1052.5592 48275.281 -56651.7 5930.63 -62582.3 575.25
0.49 307.08517 -640.8856 47700.792 -57000.3 5932.48 -62932.8 593.90083
0.5 310.61895 -999.3297 47985.553 -56779.2 6000.75 -62780 611.32181
0.51 293.0513 -763.46729 47801.309 -57245.2 5661.36 -62906.6 637.86785
0.52 294.1747 -1198.3249 47963.077 -56929.4 5683.07 -62612.5 667.6187
0.53 297.90341 -1229.2362 47858.303 -57321.4 5755.1 -63076.5 686.88687
0.54 307.68601 -739.12953 47869.8 -56738.2 5944.09 -62682.3 711.08735
0.55 300.8553 -393.65624 47852.695 -57073 5812.13 -62885.2 736.49583
0.56 294.88337 -800.81757 48379.776 -56862.3 5696.76 -62559.1 764.41954
0.57 296.23582 -1057.4192 47886.401 -57514.1 5722.88 -63237 780.33236
0.58 294.74648 -1317.1677 48314.999 -57142.7 5694.11 -62836.9 807.62001
0.59 308.61169 -1164.55 48098.599 -56706.9 5961.97 -62668.9 830.96763
0.6 294.38304 -774.04826 47726.848 -56922.5 5687.09 -62609.6 858.3271
0.61 298.92731 -1584.7694 48306.739 -56848 5774.88 -62622.9 901.63421
0.62 306.47787 -746.01146 47851.746 -56977.6 5920.75 -62898.4 926.58983
0.63 306.08089 -1080.201 47888.504 -56426.3 5913.08 -62339.3 951.16507
0.64 297.40627 -918.99741 48346.073 -57159.7 5745.5 -62905.2 983.65767
0.65 310.57703 -710.65197 47649.878 -56695.8 5999.94 -62695.8 995.42163
0.66 306.14323 -91.117403 48151.407 -56604.4 5914.28 -62518.7 1024.4972
0.67 296.12224 -1395.7983 47851.129 -57201.7 5720.69 -62922.4 1048.1369
0.68 289.29726 -804.00932 48111.52 -57431.5 5588.84 -63020.4 1078.1903
0.69 301.82936 -542.63599 47782.785 -56858.7 5830.94 -62689.6 1097.3792
0.7 298.59159 -1463.8756 48395.052 -56914.8 5768.39 -62683.2 1128.8223
0.71 305.24928 -825.31982 48150.292 -57181.2 5897.01 -63078.2 1154.4637
0.72 311.80765 -361.51216 48506.13 -56652.9 6023.71 -62676.7 1181.9109
0.73 312.12439 -1040.6346 47924.805 -56842 6029.83 -62871.9 1199.7552
0.74 299.12224 -527.21813 47794.788 -56976.7 5778.65 -62755.3 1218.0847
0.75 304.59533 -1437.8332 48059.832 -56943.9 5884.38 -62828.2 1243.8432
0.76 303.66043 -562.24643 47806.694 -56879.4 5866.32 -62745.7 1256.0999
0.77 300.37437 -785.35761 48375.294 -57292.9 5802.84 -63095.7 1292.7681
0.78 292.46368 -47.556955 47630.996 -57249.2 5650.01 -62899.2 1299.6521
0.79 305.73818 -492.05761 47854.616 -56870.9 5906.46 -62777.4 1333.5985
0.8 290.30638 -356.25539 47230.978 -57288.5 5608.34 -62896.8 1352.7589
0.81 304.91175 -945.77457 47773.819 -56931.4 5890.49 -62821.9 1388.3739
0.82 292.31953 -1809.0123 48402.219 -56975.4 5647.23 -62622.6 1427.1941
0.83 289.30124 -976.87479 47876.139 -57291.6 5588.92 -62880.5 1447.2225
0.84 302.04969 -950.76062 48105.848 -56818.5 5835.2 -62653.7 1485.8739
0.85 297.28557 -1165.6969 48288.409 -57259.3 5743.16 -63002.5 1514.711
0.86 310.86785 -1045.0654 47825.82 -56758.8 6005.56 -62764.3 1529.4138
0.87 292.05574 -793.21135 48109.174 -57218 5642.13 -62860.1 1552.0415
0.88 302.52931 -1542.0206 47866.88 -57221.1 5844.47 -63065.6 1565.3353
0.89 308.76285 -863.92793 48310.36 -56931.1 5964.89 -62895.9 1605.9737
0.9 308.35622 -1442.8134 47815.736 -56897.2 5957.03 -62854.2 1622.1411
0.91 291.0449 -1227.88 47652.411 -57333.7 5622.6 -62956.3 1629.9673
0.92 297.71554 -1038.5285 47857.327 -56982.6 5751.47 -62734.1 1655.2204
0.93 299.74804 -1202.4902 47899.387 -56788.3 5790.74 -62579 1678.1671
0.94 284.3636 -1165.8765 48521.621 -57138 5493.53 -62631.5 1721.4189
0.95 296.4208 -552.76994 47881.281 -57052.5 5726.46 -62779 1711.7587
0.96 289.68206 -996.56201 47660.097 -57216.3 5596.27 -62812.6 1729.3341
0.97 295.97124 -615.51357 48006.267 -57100.4 5717.77 -62818.2 1770.6689
0.98 296.51232 -1186.9825 48109.124 -56984.8 5728.23 -62713 1814.9345
0.99 296.88137 -1996.268 48112.926 -56966 5735.36 -62701.4 1845.845
1 298.9366 -1315.0671 47904.881 -56975.1 5775.06 -62750.2 1866.8619
1.01 301.65165 -1212.3569 48120.566 -57007.7 5827.51 -62835.2 1897.5652
1.02 304.4898 -662.18615 47651.654 -57027.9 5882.34 -62910.3 1913.8085
1.03 301.09543 -760.31933 47961.886 -57100.4 5816.77 -62917.2 1940.7023
1.04 306.70104 -907.09397 48082.556 -56724.3 5925.06 -62649.4 1965.9859
1.05 308.32775 -796.50238 48008.621 -56820.7 5956.48 -62777.2 1981.9384
1.06 304.51615 -932.49258 47547.73 -57101.7 5882.85 -62984.5 1982.6742
1.07 297.24856 -771.21147 47666.607 -57249.5 5742.45 -62991.9 2022.6309
1.08 296.33318 -802.02178 47679.023 -57198.4 5724.77 -62923.1 2058.5889
1.09 311.29769 -1323.4269 48310.136 -56952.9 6013.86 -62966.8 2091.3245
1.1 304.75416 -642.14902 48032.273 -57189.1 5887.45 -63076.6 2105.4771
1.11 308.32264 -474.63323 47824.991 -56771.2 5956.39 -62727.6 2132.2687
1.12 300.30839 -969.48565 47805.331 -57349.1 5801.56 -63150.7 2159.3659
1.13 306.00632 -1312.5513 48173.87 -56912.3 5911.64 -62823.9 2198.223
1.14 295.39378 -1130.5877 48163.296 -57104 5706.62 -62810.7 2223.26
1.15 306.72289 -1457.7713 47892.941 -57157.4 5925.48 -63082.8 2243.5745
1.16 298.27985 -1324.503 48637.507 -56927.9 5762.37 -62690.3 2293.2498
1.17 305.70636 -779.36967 47956.985 -57464.8 5905.84 -63370.7 2296.2365
1.18 304.2426 -1859.6106 47940.025 -57015.6 5877.56 -62893.2 2312.2277
1.19 307.11337 -903.90065 47684.529 -57118 5933.02 -63051 2354.4219
1.2 300.14821 -1244.6922 48536.769 -57071.2 5798.47 -62869.7 2408.9025
1.21 304.04365 -288.8816 47662.961 -56584.5 5873.72 -62458.2 2397.0697
1.22 298.50858 -551.36741 48472.496 -56842.6 5766.79 -62609.4 2457.8165
1.23 305.23401 -1483.1564 48713.091 -56866.9 5896.72 -62763.6 2484.0042
1.24 303.4062 -1510.732 47515.182 -56833.1 5861.41 -62694.6 2474.0157
1.25 301.75249 -912.0854 48226.935 -56888.7 5829.46 -62718.1 2529.8602
1.26 294.99164 -1165.8586 48606.658 -56973.4 5698.85 -62672.2 2567.8397
1.27 290.11251 -1390.8268 48224.759 -56822.5 5604.59 -62427.1 2568.0598
1.28 295.10437 -1130.3956 48269.45 -57215 5701.03 -62916.1 2585.8822
1.29 301.24022 -1080.0276 47553.191 -57134 5819.56 -62953.5 2579.2056
1.3 307.50913 -753.15879 47892.2 -56891 5940.67 -62831.7 2613.1498
1.31 306.74752 -1654.2004 48007.557 -56948.7 5925.96 -62874.6 2637.5336
1.32 308.77647 -1062.3597 48099.861 -56692.5 5965.15 -62657.7 2662.4285
1.33 299.40356 -1194.8505 47881.104 -57285.3 5784.08 -63069.3 2673.522
1.34 303.80643 -1053.2264 48376.309 -56777.5 5869.14 -62646.6 2721.8899
1.35 298.21459 -1118.4506 47994.228 -57439.3 5761.11 -63200.4 2726.9142
1.36 305.05245 -353.09293 48453.784 -56875.5 5893.21 -62768.7 2764.6267
1.37 302.16651 -1575.2727 48536.051 -57204.2 5837.46 -63041.6 2803.9595
1.38 298.66611 -685.02933 47990.812 -57018.2 5769.83 -62788 2804.0716
1.39 298.50645 -1211.1394 48054.707 -57547.2 5766.75 -63314 2830.8735
1.4 294.25734 -535.63774 48229.87 -56911.5 5684.66 -62596.2 2877.4305
1.41 295.68221 -312.47021 47712.508 -57243.5 5712.19 -62955.7 2873.0829
1.42 317.35967 -1597.4041 48538.9 -56749.2 6130.97 -62880.2 2936.5537
1.43 306.73377 51.758677 47367.357 -57202.1 5925.69 -63127.8 2920.088
1.44 296.54694 -1173.9987 48562.533 -56915.8 5728.89 -62644.7 3005.8473
1.45 298.92886 -1669.8608 48166.396 -57024.5 5774.91 -62799.5 3009.1695
1.46 292.7564 -391.40005 47873.89 -57092.4 5655.67 -62748 3024.0454
1.47 301.5747 -1284.2567 48209.662 -57069.1 5826.02 -62895.1 3060.9163
1.48 309.72039 -801.05782 48144.131 -56574.7 5983.39 -62558.1 3089.1356
1.49 298.4351 -1131.5091 48218.893 -57072.1 5765.37 -62837.5 3120.5125
1.5 286.93071 -924.18472 47771.093 -57085.2 5543.12 -62628.4 3130.0041
1.51 296.94407 -1012.675 47442.947 -57372.2 5736.57 -63108.8 3141.7989
1.52 305.55192 -740.13492 48013.544 -56850.2 5902.86 -62753 3208.0074
1.53 305.14787 -879.22382 48220.325 -56770 5895.05 -62665.1 3227.1395
1.54 295.44958 -735.7896 47758.835 -57123.9 5707.7 -62831.6 3215.5803
1.55 296.81282 -1067.8725 48203.251 -56658.8 5734.03 -62392.8 3257.8641
1.56 288.85359 -950.47116 48123.511 -57143.7 5580.27 -62724 3277.0696
1.57 293.7645 -1104.0936 48184.769 -57035.7 5675.14 -62710.8 3294.025
1.58 303.3486 -1214.6654 47625.921 -56745.4 5860.29 -62605.7 3297.694
1.59 293.0102 -1273.1651 47667.406 -57150.6 5660.57 -62811.2 3326.9487
1.6 304.93005 -1105.4937 47980.821 -57021.1 5890.85 -62912 3365.4028
1.61 301.23899 -639.51818 48099.383 -57233.4 5819.54 -63052.9 3387.4305
1.62 304.60117 -629.41251 47826.782 -56969.2 5884.49 -62853.7 3404.0791
1.63 306.80855 -962.29419 48022.907 -56594.5 5927.14 -62521.6 3428.5189
1.64 293.92389 -1215.52 47970.849 -57075.2 5678.22 -62753.5 3447.8519
1.65 302.43157 -1447.8236 48143.101 -56820.3 5842.58 -62662.8 3490.5853
1.66 303.97964 -752.28681 47878.485 -56867.8 5872.48 -62740.3 3502.425
1.67 301.68848 -637.66483 48124.391 -56943.9 5828.22 -62772.1 3538.6984
1.68 296.65603 -486.23685 47878.662 -57283.4 5731 -63014.4 3559.8076
1.69 302.16444 -958.971 48365.308 -57033.3 5837.42 -62870.8 3615.5853
1.7 286.59938 -908.47184 48350.523 -56929 5536.72 -62465.8 3642.6321
1.71 298.91011 -837.31924 48109.633 -57321.8 5774.55 -63096.4 3660.6063
1.72 312.43261 -1267.7376 47993.391 -56804.3 6035.78 -62840.1 3672.01
1.73 303.87253 -1268.4553 48757.32 -56942.5 5870.42 -62812.9 3736.341
1.74 290.27297 -1846.5632 48025.531 -57342.6 5607.69 -62950.3 3712.9669
1.75 305.0005 -746.46409 47859.474 -57073.5 5892.21 -62965.7 3744.3719
1.76 306.08619 -1347.8087 47898.052 -56490.1 5913.18 -62403.3 3775.5915
1.77 292.31747 -1140.6359 47601.555 -56936.7 5647.19 -62583.9 3760.3938
1.78 297.79581 -993.57847 48152.638 -56883.6 5753.02 -62636.7 3827.5217
1.79 299.34005 -1354.8604 47768.611 -56990.5 5782.85 -62773.3 3845.2166
1.8 293.82281 -709.18045 47760.633 -57283.5 5676.27 -62959.8 3861.6618
1.81 306.27322 -1454.8031 47787.228 -56971.7 5916.79 -62888.5 3879.1042
1.82 300.97078 -1083.2435 48206.691 -56987.4 5814.36 -62801.8 3927.4298
1.83 293.50707 -1512.7799 48416.758 -56906.9 5670.17 -62577 3960.3195
1.84 308.43648 -1851.3658 48367.443 -56320.2 5958.59 -62278.8 3974.8479
1.85 304.68854 -1280.6573 47958.512 -57011.9 5886.18 -62898.1 3981.5179
1.86 298.42908 -1488.6008 48193.126 -57292.3 5765.25 -63057.6 4020.7903
1.87 297.88268 -2165.7485 48330.214 -56902.7 5754.7 -62657.4 4047.6489
1.88 301.83906 -1393.4783 47711.54 -56890.6 5831.13 -62721.7 4040.0396
1.89 291.59944 -1282.4931 48198.484 -57248.2 5633.32 -62881.5 4067.3853
1.9 302.89194 -1149.2364 48090.592 -57076.2 5851.47 -62927.6 4077.7624
1.91 301.97531 -679.15901 47505.596 -57186.5 5833.76 -63020.3 4075.3922
1.92 295.43762 -957.98793 48067.343 -57172.2 5707.46 -62879.7 4140.7255
1.93 306.55012 -678.88246 48392.412 -56928.9 5922.14 -62851 4189.0189
1.94 300.54547 -859.46237 48121.361 -57194.1 5806.14 -63000.3 4210.3192
1.95 299.22104 -1444.5379 48516.562 -56841 5780.55 -62621.5 4255.8034
1.96 298.96789 -1442.0051 47988.909 -57167.6 5775.66 -62943.2 4243.5101
1.97 302.37271 -666.99251 47794.01 -56816.7 5841.44 -62658.1 4252.096
1.98 295.46417 -1029.9882 48055.515 -57188.8 5707.98 -62896.8 4306.1563
1.99 302.97397 -735.43675 47733.595 -57024 5853.06 -62877.1 4324.5363
2 302.26029 -71.769441 47689.2 -57269.9 5839.27 -63109.2 4328.0826
2.01 299.92048 -457.80019 47574.545 -56926.5 5794.07 -62720.6 4334.0036
2.02 299.66252 -852.28986 48360.061 -57252.9 5789.08 -63042 4379.8521
2.03 305.24428 -1374.6552 48065.482 -56690.9 5896.92 -62587.8 4396.9961
2.04 302.44509 -737.12282 48011.978 -57003.1 5842.84 -62845.9 4421.1274
2.05 296.41183 -687.50507 47809.817 -56905.1 5726.28 -62631.3 4436.1897
2.06 299.69835 -1292.6684 48144.492 -57028.5 5789.78 -62818.2 4474.9365
2.07 297.57592 -2218.0045 48586.307 -56911.8 5748.77 -62660.6 4523.5265
2.08 302.99754 -1100.2258 47919.223 -56978.8 5853.51 -62832.3 4491.1641
2.09 304.29015 -1019.6431 48603.931 -56622.7 5878.48 -62501.2 4559.0944
2.1 294.4054 -1406.1844 48069.35 -56737.2 5687.52 -62424.7 4548.0608
2.11 294.04758 -1189.1164 48311.903 -56844.8 5680.61 -62525.5 4592.7372
2.12 299.28254 -421.49099 47769.526 -57150.8 5781.74 -62932.5 4587.0902
2.13 303.97065 -683.21945 47308.821 -56992.9 5872.31 -62865.2 4593.0809
2.14 313.68577 -1288.611 48419.867 -56603 6059.99 -62663 4694.1517
2.15 297.7998 -658.73654 48273.054 -57015.2 5753.1 -62768.3 4706.905
2.16 302.26952 -1122.3113 48366.312 -57112.7 5839.45 -62952.1 4750.2481
2.17 307.38804 -1081.7705 47656.348 -56898.7 5938.33 -62837 4726.1009
2.18 301.50824 -203.2954 47573.625 -57157.2 5824.74 -62982 4752.5852
2.19 305.92652 -187.05228 47956.555 -56978.5 5910.1 -62888.6 4803.6008
2.2 294.33605 -548.6489 47734.091 -57431.9 5686.18 -63118.1 4815.2311
2.21 301.0219 -343.27773 47697.243 -56905.3 5815.34 -62720.7 4833.8755
2.22 313.43777 -361.82966 47592.917 -56755.7 6055.2 -62810.9 4833.5632
2.23 296.28452 -822.79595 47589.999 -57273.7 5723.82 -62997.5 4857.1623
2.24 293.63009 -1714.2473 48067.197 -57043.1 5672.55 -62715.7 4888.5826
2.25 305.92524 -1051.6851 47839.576 -56763.6 5910.07 -62673.7 4916.485
2.26 300.48176 -1009.7032 48180.691 -57046.2 5804.91 -62851.1 4963.4802
2.27 306.83023 -849.97523 48344.169 -57169.6 5927.55 -63097.1 5012.0597
2.28 307.73834 194.80645 47465.115 -56732.8 5945.1 -62677.9 4994.206
2.29 298.93347 -1298.5923 48095.886 -56700.9 5775 -62475.9 5040.3048
2.3 299.0054 -630.35903 47769.777 -57020 5776.39 -62796.4 5052.8073
2.31 285.17195 -612.95701 48470.829 -57384.6 5509.15 -62893.7 5132.5648
2.32 307.72229 -1887.6138 48323.692 -57052.5 5944.79 -62997.3 5143.9413
2.33 298.13998 -1079.1252 47695.064 -56935 5759.67 -62694.7 5123.748
2.34 295.35923 -1548.4351 47964.294 -56933.1 5705.95 -62639 5153.7621
2.35 293.18592 -1528.1756 47990.938 -56953.7 5663.96 -62617.7 5170.0884
2.36 307.32348 -880.67672 48156.22 -57072.4 5937.08 -63009.4 5225.1994
2.37 297.88699 -65.246984 47955.298 -56773.6 5754.78 -62528.4 5227.1664
2.38 302.45036 -734.90112 47782.309 -57158.3 5842.94 -63001.2 5232.7854
2.39 291.04155 -654.22516 47565.993 -57385.7 5622.54 -63008.2 5248.2148
2.4 302.5788 -1083.7096 48921.904 -56829.7 5845.42 -62675.1 5396.0846
2.41 303.09635 -1670.1765 47975.532 -56626.3 5855.42 -62481.7 5354.7253
2.42 301.93146 -746.32106 47889.302 -57059.6 5832.92 -62892.5 5377.0598
2.43 289.64579 -1309.5201 47665.679 -57101.4 5595.57 -62696.9 5382.6183
2.44 290.98694 -1618.3742 47816.356 -57315.6 5621.48 -62937 5415.2256
2.45 308.87555 0.6187864 47875.772 -56855.7 5967.07 -62822.8 5446.2961
2.46 308.12515 -681.22164 48064.164 -56781.1 5952.57 -62733.6 5484.432
2.47 302.04794 -1485.6699 48138.595 -57040.8 5835.17 -62876 5508.4215
2.48 291.41616 -503.14932 47936.6 -57390 5629.77 -63019.8 5493.6414
2.49 305.515 -710.79798 47981.553 -56892.6 5902.15 -62794.7 5516.8022
2.5 297.16126 -516.63602 47882.865 -56789.6 5740.76 -62530.4 5528.124
2.51 305.11176 -859.76131 47752.103 -56965.9 5894.36 -62860.2 5549.4768
2.52 295.27342 -694.57833 47754.545 -57022 5704.29 -62726.3 5574.5488
2.53 291.54227 -1284.9621 48008.682 -56844.2 5632.21 -62476.4 5586.529
2.54 311.32057 -810.17363 47946.181 -56655.2 6014.3 -62669.5 5607.7861
2.55 298.11033 -588.64608 47662.477 -57103.3 5759.1 -62862.4 5604.2005
2.56 311.41218 -860.51257 47752.428 -56830.4 6016.07 -62846.5 5639.6599
2.57 300.59754 -744.86675 47688.963 -57214.3 5807.15 -63021.5 5667.2626
2.58 297.83147 -1099.0528 48395.412 -57047.7 5753.71 -62801.4 5746.5953
2.59 305.73249 -1880.238 48512.825 -56950 5906.35 -62856.4 5778.1777
2.6 307.91996 -1424.3913 47843.702 -57011.3 5948.61 -62959.9 5763.2037
2.61 297.02468 -137.81042 47778.384 -56960.1 5738.12 -62698.3 5747.5794
2.62 291.37164 -1841.3813 48689.214 -57325.2 5628.91 -62954.1 5844.6001
2.63 289.76154 -1005.049 47636.798 -57080.6 5597.81 -62678.4 5789.4737
2.64 305.3484 -704.268 47602.672 -56542.4 5898.93 -62441.4 5820.1255
2.65 303.91654 -269.6243 48380.294 -56858.6 5871.27 -62729.8 5911.1965
2.66 293.8133 -1428.8102 47833.124 -57250.7 5676.08 -62926.8 5880.4059
2.67 300.76874 -520.26476 47753.051 -57044.8 5810.45 -62855.3 5914.9902
2.68 308.05156 -1338.1876 48128.38 -56704.6 5951.15 -62655.8 5966.8853
2.69 292.63999 -1423.0878 47956.488 -57495.7 5653.42 -63149.1 5976.8582
2.7 298.84581 -952.8482 48062.278 -56940.7 5773.31 -62714.1 6022.2301
2.71 319.69322 -839.22265 48398.196 -56424.1 6176.05 -62600.1 6070.3155
2.72 302.81129 -674.12752 48045.998 -56898.2 5849.91 -62748.1 6063.3887
2.73 298.41374 -1013.845 48292.601 -57163.9 5764.96 -62928.8 6103.0956
2.74 294.71859 -311.8135 47883.517 -57300.6 5693.57 -62994.2 6100.6343
2.75 297.5793 -697.34058 48343.545 -56982 5748.84 -62730.9 6180.1659
2.76 309.95379 -376.07736 48160.597 -56839.1 5987.9 -62827 6190.4256
2.77 297.82624 -1424.2298 48759.513 -56837.8 5753.61 -62591.4 6256.9154
2.78 311.15528 -1003.1142 48277.067 -56660.5 6011.11 -62671.6 6257.3929
2.79 300.32096 -912.97763 48229.595 -56983.8 5801.8 -62785.6 6267.4044
2.8 294.8331 -884.19743 48106.461 -57087.3 5695.79 -62783.1 6293.3941
2.81 303.23311 -1842.0687 48253.449 -56637.3 5858.06 -62495.4 6317.6847
2.82 294.9559 -955.11402 47880.916 -57215.8 5698.16 -62913.9 6330.9388
2.83 299.99964 -1041.9315 47656.032 -57448.1 5795.6 -63243.7 6337.9702
2.84 297.03597 -818.68314 47811.289 -56801.9 5738.34 -62540.3 6385.829
2.85 298.55517 -876.93941 48249.319 -56783.4 5767.69 -62551.1 6458.3151
2.86 299.86985 -1048.5013 48175.654 -57370.8 5793.09 -63163.9 6469.5456
2.87 301.83789 -1009.3744 47601.951 -56960.8 5831.11 -62791.9 6430.3879
2.88 301.65569 -1763.4989 48368.174 -56949.4 5827.59 -62777 6524.5471
2.89 306.08897 -1037.0774 47618.447 -56820.1 5913.23 -62733.3 6487.5804
2.9 319.61575 -1351.6412 47923.299 -56672.4 6174.55 -62846.9 6541.0952
2.91 297.46474 -990.48328 48080.088 -56914.6 5746.63 -62661.2 6561.6626
2.92 318.47335 -1238.1581 48050.277 -56728.4 6152.48 -62880.9 6603.1636
2.93 295.39345 -653.8971 48190.933 -57167.7 5706.61 -62874.3 6644.8264
2.94 294.46216 -1103.421 48012.696 -56915.5 5688.62 -62604.1 6645.744
2.95 305.39427 -1709.3887 47983.657 -56933.1 5899.81 -62832.9 6664.6491
2.96 299.12769 -1535.1577 47880.995 -57398.9 5778.75 -63177.6 6674.8686
2.97 306.11979 -779.54247 48053.429 -56801.8 5913.83 -62715.6 6707.6028
2.98 302.8648 -1417.5166 48489.017 -56910.9 5850.95 -62761.8 6784.9537
2.99 293.74395 -2294.8143 48465.95 -57095.5 5674.74 -62770.2 6810.9623
3 290.42162 -539.44145 48189.566 -57542.8 5610.56 -63153.4 6796.1545
3.01 304.54367 -970.68077 47765.555 -56829.9 5883.38 -62713.3 6767.8499
3.02 304.50354 -1138.7356 48179.326 -57135.1 5882.61 -63017.7 6810.5745
3.03 290.90428 -775.93249 48014.384 -57204.1 5619.89 -62824 6868.0633
3.04 298.3011 -531.52685 48223.303 -56994.2 5762.78 -62757 6901.5499
3.05 284.82135 -1553.6159 48080.079 -57400.8 5502.37 -62903.2 6902.1422
3.06 289.8865 -751.5111 48414.767 -57067.4 5600.22 -62667.6 6956.3993
3.07 291.70986 -423.40918 47811.622 -57083.9 5635.45 -62719.3 6909.5772
3.08 311.90577 -813.09406 48456.915 -56718.9 6025.61 -62744.5 7006.1233
3.09 298.67535 -1700.8667 48191.613 -57299.6 5770.01 -63069.6 6995.3221
3.1 300.21508 -506.86408 47966.25 -56912.6 5799.76 -62712.3 6976.5926
3.11 305.79556 -694.08335 47512.504 -56818.9 5907.57 -62726.5 6935.4069
3.12 296.21506 -850.92464 48159.695 -57289.6 5722.48 -63012.1 7014.6193
3.13 296.82134 -1318.9656 48476.57 -57016 5734.2 -62750.2 7068.8108
3.14 293.43333 -2009.068 48128.074 -57297.6 5668.74 -62966.3 7060.6909
3.15 298.47295 -1525.3854 48177.625 -57019.1 5766.1 -62785.2 7069.0106
3.16 304.58848 -1537.4207 47769.848 -56744.8 5884.25 -62629.1 7043.0057
3.17 307.22728 -749.14687 48028.63 -56747 5935.22 -62682.2 7106.2882
3.18 291.87986 -832.08056 48102.229 -57131.2 5638.73 -62769.9 7121.8652
3.19 296.85131 -691.15128 48017.132 -57021.9 5734.77 -62756.7 7144.767
3.2 301.83506 -1255.7642 48452.723 -56947.3 5831.05 -62778.4 7186.1264
3.21 302.83377 -1147.4323 47603.453 -56911.5 5850.35 -62761.8 7147.5892
3.22 294.53766 -436.217 47741.706 -57121.6 5690.08 -62811.7 7187.437
3.23 297.08174 -772.84572 47899.383 -56876 5739.23 -62615.2 7232.5995
3.24 309.29282 -1137.0999 47711.492 -56780.8 5975.13 -62756 7236.8098
3.25 311.3722 -1111.8472 48370.883 -56523.7 6015.3 -62539 7337.0744
3.26 302.15427 -685.06082 48144.344 -57007.3 5837.22 -62844.6 7318.3657
3.27 304.83094 -731.16402 47849.874 -56843.7 5888.93 -62732.6 7300.2256
3.28 295.33465 -481.35525 48394.276 -56833.4 5705.47 -62538.9 7369.4503
3.29 304.89869 -1404.0338 48141.713 -57003.5 5890.24 -62893.7 7356.6783
3.3 305.60399 -1028.0388 47688.419 -56558.1 5903.86 -62462 7337.5505
3.31 308.67639 -963.9139 48167.085 -56959.3 5963.22 -62922.6 7417.6502
3.32 309.84654 -598.8575 47949.75 -56700.4 5985.83 -62686.2 7424.3614
3.33 304.97374 -1197.0168 48226.668 -57120.8 5891.69 -63012.5 7495.5642
3.34 297.07387 -1161.3081 48017.083 -56763.1 5739.07 -62502.2 7491.5286
3.35 304.35459 -346.33768 47800.397 -56916.7 5879.73 -62796.4 7481.9364
3.36 291.87442 -1183.0878 47839.563 -57406.8 5638.63 -63045.4 7512.9645
3.37 304.69763 -833.95705 48173.695 -56870.1 5886.36 -62756.5 7558.8763
3.38 302.97233 -443.87515 47742.02 -56882.3 5853.02 -62735.3 7545.2307
3.39 295.63084 -274.96475 47945.534 -57328.5 5711.2 -63039.7 7626.8459
3.4 294.6226 -1311.925 48137.264 -56962.8 5691.72 -62654.5 7686.4309
3.41 315.79172 -861.13323 48306.259 -56544.7 6100.68 -62645.4 7711.5951
3.42 304.8672 -497.24839 47677.306 -56940.7 5889.63 -62830.3 7669.9909
3.43 304.1434 -1424.8965 48136.431 -57041.4 5875.65 -62917 7751.7112
3.44 311.68742 -1216.0832 48375.866 -56566.1 6021.39 -62587.5 7808.6858
3.45 296.91445 -904.33295 47970.226 -56960.2 5735.99 -62696.2 7775.3312
3.46 299.5532 -1170.3439 47779.665 -57109.2 5786.97 -62896.2 7805.5416
3.47 299.25291 -1545.9525 47999.198 -56791.6 5781.17 -62572.7 7855.2266
3.48 301.99801 -389.59724 47593.525 -57137.4 5834.2 -62971.6 7841.2306
3.49 297.85579 -571.0095 47274.6 -57419.2 5754.18 -63173.4 7834.4524
3.5 298.53569 -879.93902 47928.541 -56927.7 5767.31 -62695 7925.35
3.51 294.58117 -722.12207 48057.864 -57072.9 5690.92 -62763.8 7985.638
3.52 298.41769 -1075.1112 47840.464 -57060.7 5765.04 -62825.8 7976.2351
3.53 304.37084 -780.83767 47602.789 -57293.5 5880.04 -63173.6 7989.3366
3.54 310.89038 -1160.9782 47951.381 -56909.8 6005.99 -62915.8 8066.0244
3.55 308.61185 -1729.587 48376.773 -56883.4 5961.97 -62845.4 8127.6947
3.56 295.97413 -1511.4998 48086.342 -56968.7 5717.83 -62686.5 8136.1022
3.57 304.3382 -1238.1681 48399.236 -56913.6 5879.41 -62793 8184.5708
3.58 301.9124 -673.85497 48153.776 -56956.6 5832.55 -62789.2 8176.4902
3.59 308.10371 -481.68799 47693.968 -56757.1 5952.16 -62709.2 8163.4323
3.6 284.01515 -960.87411 48303.989 -57412.5 5486.8 -62899.3 8242.1521
3.61 293.49354 -1464.2908 47897.914 -57021.9 5669.91 -62691.8 8242.2606
3.62 299.36657 -1169.916 48282.43 -57173.9 5783.37 -62957.3 8303.1884
3.63 306.88148 -1219.2119 48066.61 -56394.5 5928.54 -62323.1 8310.0903
3.64 297.00874 -914.83312 48114.811 -57102.7 5737.82 -62840.6 8324.9953
3.65 314.02387 -671.99959 48225.903 -56904.2 6066.53 -62970.8 8354.716
3.66 296.18677 -677.93314 47938.669 -57053.4 5721.94 -62775.4 8348.8559
3.67 300.20229 -1065.7312 48074.641 -56647 5799.51 -62446.5 8368.6625
3.68 299.59907 -1279.7704 47557.385 -57133.2 5787.86 -62921.1 8337.9873
3.69 303.51257 -88.924553 47691.536 -56840.3 5863.46 -62703.7 8385.6789
3.7 289.43094 -940.17205 48282.186 -56903.4 5591.42 -62494.8 8481.3557
3.71 306.32052 -473.57484 48173.852 -56966.3 5917.71 -62884 8495.7598
3.72 304.20767 -1477.6007 47958.229 -56805.6 5876.89 -62682.5 8516.6341
3.73 295.66557 -747.12453 47983.67 -57298.3 5711.87 -63010.1 8558.941
3.74 296.69498 -1792.4756 48542.98 -56985.3 5731.75 -62717.1 8645.0691
3.75 288.82844 -1391.09 48484.596 -57307.2 5579.78 -62887 8676.6455
3.76 297.54144 -390.81976 47603.673 -56873.6 5748.11 -62621.7 8597.9093
3.77 302.58061 -325.35019 48214.267 -57040.8 5845.46 -62886.2 8704.2714
3.78 297.77681 -1150.6664 47689.374 -57150.4 5752.65 -62903 8664.308
3.79 294.26739 -511.99379 47560.599 -57409.5 5684.86 -63094.4 8662.312
3.8 305.9836 -1026.3876 47907.021 -57109.9 5911.2 -63021.1 8726.6887
3.81 290.54912 -943.74242 48209.713 -57390.7 5613.02 -63003.8 8778.8797
3.82 308.31247 -1251.6983 48030.875 -56776.8 5956.19 -62733 8788.1993
3.83 292.94599 -1125.8963 47342.375 -57115.9 5659.33 -62775.2 8719.952
3.84 304.24837 -1075.1177 48144.009 -56827.8 5877.68 -62705.5 8880.3306
3.85 299.5157 -987.9463 47694.385 -56861 5786.25 -62647.3 8849.8905
3.86 300.15951 -1379.9035 48442.447 -56910.1 5798.68 -62708.8 8968.9908
3.87 299.33872 -1876.2817 48285.114 -57059 5782.83 -62841.8 8971.7244
3.88 299.55919 -1618.9373 48104.46 -56822 5787.09 -62609.1 8964.2552
3.89 307.9966 -1593.715 47902.668 -56592 5950.09 -62542.1 8952.6714
3.9 302.02665 -838.71169 48102.994 -56786.8 5834.76 -62621.6 9000.9515
3.91 294.66555 -589.51404 47682.756 -57356.1 5692.55 -63048.7 8963.7768
3.92 304.46948 -1613.8103 48578.786 -56896.1 5881.95 -62778 9107.7502
3.93 293.96555 -850.22796 48179.047 -56708.7 5679.03 -62387.8 9093.6045
3.94 308.16065 -1452.3111 48045.204 -56588.6 5953.26 -62541.8 9087.3782
3.95 301.7066 -879.80754 48174.453 -57074.3 5828.57 -62902.9 9119.0076
3.96 296.44481 -914.16228 47748.628 -57312.2 5726.92 -63039.1 9078.7435
3.97 306.08948 -1889.867 48072.512 -56969.9 5913.24 -62883.1 9142.0045
3.98 294.8154 -1176.5331 48035.353 -57035.5 5695.44 -62731 9154.3619
3.99 298.88205 -1295.3091 48013.262 -56989.7 5774.01 -62763.8 9168.8071
4 293.51099 -1702.711 48713.933 -57169.6 5670.24 -62839.9 9274.9337
4.01 311.04213 -1427.3693 48390.819 -56854.5 6008.92 -62863.4 9261.6325
4.02 303.95867 -1089.1059 48422.92 -56770.2 5872.08 -62642.3 9297.0105
4.03 302.7843 -675.72829 48000.01 -56988.6 5849.39 -62837.9 9263.8324
4.04 299.16908 -636.38983 47914.969 -57263 5779.55 -63042.5 9260.5089
4.05 302.40897 -802.28376 48123.589 -56846.8 5842.14 -62689 9311.1715
4.06 297.07717 -1107.6673 48207.304 -56935.6 5739.14 -62674.7 9342.4606
4.07 306.4021 -1605.3437 48191.671 -56751.7 5919.28 -62670.9 9360.4032
4.08 291.42914 -801.18939 47803.482 -57234.5 5630.03 -62864.5 9357.9689
4.09 306.10961 -277.61746 48791.066 -56987.6 5913.63 -62901.2 9525.3901
4.1 297.3214 -1030.1219 47973.883 -56798.4 5743.86 -62542.2 9445.4486
4.11 289.99406 -1016.4241 47917.46 -57096.5 5602.3 -62698.9 9461.117
4.12 300.44391 -1624.8361 48190.71 -56972.8 5804.18 -62777 9522.9747
4.13 298.71386 -792.09356 48261.6 -56998.7 5770.76 -62769.5 9546.3322
4.14 307.52271 -1336.6776 48458.091 -57060.7 5940.93 -63001.6 9592.5459
4.15 311.71719 -892.75919 47848.715 -57056.8 6021.96 -63078.8 9533.1408
4.16 297.9838 -186.45157 47198.724 -56996.6 5756.65 -62753.2 9477.6422
4.17 301.00285 -987.91681 48492.474 -57191.8 5814.98 -63006.8 9669.7092
4.18 301.71427 -859.39681 47619.189 -57059.5 5828.72 -62888.2 9564.2369
4.19 300.99757 -1660.6098 48581.063 -56618.9 5814.88 -62433.7 9715.1318
4.2 299.6113 -1234.8861 47854.715 -57030.7 5788.09 -62818.8 9649.9576
4.21 305.50286 -1258.1798 48162.491 -56763.7 5901.91 -62665.6 9724.7656
4.22 292.20217 -576.91327 47790.149 -57248.9 5644.96 -62893.9 9691.8142
4.23 298.61513 -634.92789 47767.15 -57299.5 5768.85 -63068.4 9725.8681
4.24 306.36908 -623.74957 47702.856 -56766 5918.65 -62684.6 9720.4955
4.25 299.48016 -1415.9312 48301.349 -56888.4 5785.56 -62674 9844.3657
4.26 307.69199 -651.5277 48022.238 -56827 5944.2 -62771.2 9838.7838
4.27 293.28875 -396.25523 47922.46 -57262.7 5665.95 -62928.6 9860.1528
4.28 304.24657 -772.70589 47726.012 -56869.1 5877.64 -62746.7 9855.1204
4.29 292.81061 -626.68126 47621.112 -57005.5 5656.71 -62662.2 9852.0891
4.3 307.73963 -387.59971 47988.336 -56748.7 5945.12 -62693.9 9945.0155
4.31 293.81764 -1338.4003 48249.112 -57157.2 5676.17 -62833.4 9982.4231
4.32 303.00295 -1074.1173 48584.728 -56815.9 5853.62 -62669.5 10056.708
4.33 314.22999 -1077.0611 48140.812 -56749.9 6070.51 -62820.4 10027.955
4.34 298.52125 -934.7548 47883.532 -57199.7 5767.04 -62966.7 10008.175
4.35 307.8887 -679.19937 48131.245 -57021.1 5948 -62969.1 10073.025
4.36 318.12237 -354.14807 48052.932 -56837.4 6145.7 -62983.1 10084.06
4.37 302.0515 -536.61394 47246.982 -57173 5835.24 -63008.2 9982.7039
4.38 308.14399 -864.38409 48170.169 -56686.3 5952.93 -62639.2 10165.421
4.39 305.1629 -1089.3065 47942.089 -56878.2 5895.34 -62773.6 10147.738
4.4 304.95288 -653.21061 47793.666 -56930.7 5891.29 -62822 10165.031
4.41 300.12403 -946.82301 48020.595 -56883.1 5798 -62681.1 10224.92
4.42 297.61964 -987.77597 48439.642 -56890.4 5749.62 -62640 10287.254
4.43 305.18818 -1938.0643 48047.177 -56871.3 5895.83 -62767.2 10260.355
4.44 293.21523 -757.39292 47702.055 -57222.2 5664.53 -62886.8 10238.989
4.45 299.0659 -1057.6075 47903.754 -57092.1 5777.56 -62869.7 10299.085
4.46 293.17493 -1840.52 48265.59 -56988.9 5663.75 -62652.7 10366.715
4.47 311.20757 -856.481 48171.742 -56455.2 6012.12 -62467.3 10378.929
4.48 298.54413 -1407.5157 48423.591 -56820.4 5767.48 -62587.8 10418.534
4.49 288.71431 -484.20434 47774.35 -57360.9 5577.58 -62938.4 10341.158
4.5 316.24728 -887.57341 47830.328 -56764.7 6109.48 -62874.2 10394.159
4.51 303.0018 -584.20004 48566.448 -57225.1 5853.59 -63078.7 10528.255
4.52 293.84334 -601.05304 47751.067 -57043.4 5676.67 -62720.1 10452.044
4.53 301.93185 -1523.7429 48210.421 -56871.2 5832.92 -62704.2 10538.071
4.54 294.79099 -808.55901 48151.087 -56896.5 5694.97 -62591.5 10545.917
4.55 300.5136 -623.40079 48079.45 -57236.5 5805.53 -63042.1 10563.692
4.56 298.68478 -602.17189 48110.292 -57089.1 5770.19 -62859.3 10606.347
4.57 300.81719 -1344.1461 47770.226 -56684.9 5811.39 -62496.3 10585.831
4.58 304.10825 -1207.2062 47978.243 -57035.7 5874.97 -62910.7 10645.838
4.59 305.16578 -165.7514 47375.581 -57150.9 5895.4 -63046.3 10597.79
4.6 305.24935 -1000.8444 48150.156 -56815.2 5897.01 -62712.2 10741.065
4.61 296.78455 -677.4144 48506.85 -56984.6 5733.48 -62718.1 10816.4
4.62 292.34376 -1885.3196 48179.242 -57188.6 5647.69 -62836.3 10814.082
4.63 298.02805 -1029.1034 48204.341 -57051.1 5757.51 -62808.6 10847.138
4.64 302.71053 -1015.5056 47910.778 -57005.8 5847.97 -62853.7 10818.905
4.65 311.72008 -1611.6469 48107.206 -56718 6022.02 -62740.1 10903.589
4.66 296.86818 -1263.1622 47763.761 -57185.7 5735.1 -62920.8 10889.111
4.67 303.68488 -870.58753 47872.223 -56719.4 5866.79 -62586.2 10927.514
4.68 299.56006 -345.25035 47352.633 -57304.7 5787.1 -63091.8 10860.154
4.69 306.10177 -779.97037 48113.459 -56918.4 5913.48 -62831.8 10982.394
4.7 298.81049 -1580.3046 47759.951 -56894.9 5772.62 -62667.5 10958.066
4.71 284.42227 -1284.3575 48301.974 -57407.1 5494.66 -62901.8 11062.886
4.72 310.12976 -804.98389 48037.117 -56902.3 5991.3 -62893.6 11046.271
4.73 302.99156 -1400.7157 48469.426 -56922.8 5853.4 -62776.2 11138.3
4.74 290.48223 -1002.9276 47879.499 -57417.8 5611.73 -63029.6 11084.087
4.75 310.32656 -7.7458036 47403.695 -56851.3 5995.1 -62846.4 11055.348
4.76 303.86694 -913.29534 48134.127 -56841.9 5870.31 -62712.2 11176.772
4.77 320.08963 -1015.0235 48390.968 -56755.2 6183.71 -62938.9 11232.591
4.78 298.81268 -1197.4871 48106.96 -57137.8 5772.67 -62910.5 11240.536
4.79 298.23212 -1123.1246 48600.449 -57046 5761.45 -62807.4 11320.044
4.8 303.32929 -1087.139 47809.101 -56649.8 5859.92 -62509.7 11179.569
4.81 302.94921 -1239.9483 48154 -56903.3 5852.58 -62755.9 11255.306
4.82 303.98688 -1217.2525 47971.516 -57270.1 5872.62 -63142.8 11262.795
4.83 304.88497 -1946.7043 48037.29 -57028.9 5889.97 -62918.9 11307.976
4.84 296.64653 -639.84752 47892.356 -57225.6 5730.82 -62956.4 11297.088
4.85 298.77384 -1072.5548 48137.417 -56874.4 5771.92 -62646.3 11387.725
4.86 308.54446 -852.87629 47469.882 -56651.3 5960.67 -62612 11314.355
4.87 291.87719 -638.08473 47901.698 -57016.4 5638.68 -62655.1 11408.18
4.88 302.02162 -1380.7769 47996.36 -56808.2 5834.66 -62642.8 11438.556
4.89 303.18581 -1928.8788 47992.506 -56755.5 5857.15 -62612.6 11468.073
4.9 294.63535 -1327.7638 48598.701 -56905.2 5691.97 -62597.2 11627.726
4.91 296.26794 -1156.7857 47784.589 -57348.2 5723.5 -63071.7 11552.062
4.92 302.69217 -1436.243 47693.943 -57299.5 5847.61 -63147.1 11555.132
4.93 299.68557 -955.08931 48062.816 -56972.1 5789.53 -62761.6 11633.8
4.94 299.87088 -953.34314 47922.617 -57160.2 5793.11 -62953.3 11664.001
4.95 299.19396 -1315.3216 48535.541 -57269.9 5780.03 -63049.9 11813.471
4.96 308.14577 -225.06538 48096.467 -57152.5 5952.97 -63105.4 11775.126
4.97 296.21427 -730.5865 47933.133 -56905 5722.47 -62627.4 11770.584
4.98 307.43528 -1034.0508 48083.696 -56950.6 5939.24 -62889.8 11803.766
4.99 291.05049 -1374.5459 48038.443 -57123 5622.71 -62745.7 11830.382
5 296.53347 -968.26668 47988.737 -57140.1 5728.63 -62868.7 11841.712
5.01 308.45926 -634.17134 48000.763 -57002.9 5959.03 -62961.9 11869.262
5.02 289.11016 -1480.4266 48036.856 -57081.6 5585.23 -62666.8 11902.515
5.03 294.75567 -1101.2677 47420.04 -56960.6 5694.29 -62654.9 11814.91
5.04 299.98529 -963.98985 47643.008 -57380.3 5795.32 -63175.6 11879.001
5.05 301.61539 -1275.3137 48192.859 -56858.6 5826.81 -62685.4 12007.168
5.06 298.4092 -1046.9283 47904.673 -57154.5 5764.87 -62919.4 12003.954
5.07 304.94386 -1083.5542 48208.028 -56998 5891.11 -62889.2 12063.028
5.08 302.75652 -526.16665 47288.71 -56794.4 5848.86 -62643.2 11931.085
5.09 312.58355 -1120.4064 47388.647 -56696.2 6038.7 -62734.9 12002.994
5.1 293.50778 -1703.5743 48696.055 -57112.3 5670.18 -62782.5 12236.135
5.11 301.2046 -1151.0052 47883.192 -56913.1 5818.87 -62732 12120.521
5.12 303.17373 -1256.401 48023.848 -56931 5856.92 -62787.9 12206.672
5.13 293.27513 -723.77437 47564.195 -57286.6 5665.69 -62952.3 12123.158
5.14 306.13365 -738.48479 47921.335 -56868.9 5914.1 -62783 12214.799
5.15 295.82282 -1431.2169 47896.003 -57217.2 5714.91 -62932.1 12219.704
5.16 300.75003 -931.57938 48026.715 -56757.4 5810.09 -62567.5 12273.799
5.17 297.59832 -1147.2233 48499.701 -57096.8 5749.21 -62846 12397.234
5.18 294.15044 -1062.1292 47874.371 -56889.8 5682.6 -62572.4 12313.89
5.19 296.63663 -1231.8978 48601.794 -56813.2 5730.63 -62543.8 12447.153
5.2 304.23356 -1450.9675 47899.925 -57042 5877.39 -62919.4 12366.04
5.21 304.13418 -840.72404 48394.085 -56577 5875.47 -62452.4 12464.793
5.22 299.79863 -1392.3316 48117.254 -56660.8 5791.71 -62452.5 12403.362
5.23 295.95439 -1025.5898 48129.059 -57053.5 5717.45 -62770.9 12414.786
5.24 305.14887 -1554.3235 47611.053 -56785.5 5895.07 -62680.6 12341.486
5.25 304.51241 -1257.5598 48388.79 -56888.7 5882.78 -62771.5 12486.014
5.26 296.2478 -645.10761 47630.351 -57221.3 5723.12 -62944.4 12390.443
5.27 297.15501 -744.20619 48268.393 -57199.6 5740.64 -62940.2 12527.191
5.28 314.37662 -730.31949 48174.545 -56539.9 6073.34 -62613.2 12532.984
5.29 293.75758 -1028.6286 47813.575 -57101 5675.01 -62776 12497.05
5.3 304.98779 -808.09726 47823.589 -56839.5 5891.96 -62731.4 12527.764
5.31 307.33371 -607.17843 47500.3 -57018.4 5937.28 -62955.7 12483.407
5.32 298.8686 -1101.988 47958.257 -56897 5773.75 -62670.7 12584.069
5.33 294.29782 -837.26968 48037.585 -57193.6 5685.44 -62879.1 12614.682
5.34 306.55959 -1599.4401 48411.504 -56840.9 5922.33 -62763.2 12695.656
5.35 304.58284 -681.05649 48273.911 -57073.8 5884.14 -62957.9 12705.941
5.36 305.78116 -336.01204 47914.351 -56892.7 5907.29 -62800 12672.72
5.37 300.74999 -433.05905 47662.796 -57195.7 5810.09 -63005.8 12646.6
5.38 302.56661 -684.31435 48098.952 -57108 5845.19 -62953.2 12744.771
5.39 303.00244 -1220.5481 48140.616 -57131 5853.61 -62984.6 12816.025
5.4 297.94728 -1482.153 48586.996 -56940.5 5755.95 -62696.4 12939.241
5.41 297.86141 8.7231763 47921.97 -56968.3 5754.29 -62722.6 12845.22
5.42 304.78913 -1380.8482 48707.747 -57003.7 5888.12 -62891.8 12988.493
5.43 301.00364 -351.44483 47521.07 -57091.7 5814.99 -62906.7 12805.965
5.44 303.39853 -901.92538 48109.29 -56714.3 5861.26 -62575.6 12939.36
5.45 297.98582 -688.69201 47963.651 -56915.4 5756.69 -62672.1 12922.274
5.46 298.50003 -1408.0215 48614.257 -56837.6 5766.63 -62604.2 13059.195
5.47 303.54219 -508.67014 47933.153 -56900.4 5864.03 -62764.4 12968.21
5.48 311.39127 -285.86258 48060.676 -56716.9 6015.67 -62732.6 13034.448
5.49 289.61414 -506.31256 47547.829 -57241.8 5594.96 -62836.7 12974.369
5.5 306.61053 -172.6409 47576.948 -56760.4 5923.31 -62683.7 12992.309
5.51 292.74701 -1050.8504 47831.461 -56962.1 5655.49 -62617.6 13058.282
5.52 314.61856 -736.19547 48151.891 -56204 6078.01 -62282 13150.97
5.53 301.24595 -1622.566 48035.21 -56751.1 5819.67 -62570.8 13131.562
5.54 298.83813 -871.84585 47887.355 -56983.2 5773.16 -62756.3 13121.527
5.55 290.63307 -1033.1699 48117.34 -57096.6 5614.65 -62711.2 13198.814
5.56 296.54278 -687.04223 48570.358 -57052.4 5728.81 -62781.3 13287.354
5.57 303.03063 -318.06908 47847.213 -57182.9 5854.15 -63037.1 13138.393
5.58 302.42611 -1109.2168 48237.947 -56800.7 5842.47 -62643.2 13250.483
5.59 300.03706 -1355.2102 47766.559 -57393.2 5796.32 -63189.5 13192.283
5.6 300.04148 -1337.9034 48008.755 -57074.9 5796.4 -62871.3 13233.921
5.61 290.81253 -767.6333 48651.945 -57228.8 5618.11 -62846.9 13354.25
5.62 303.27688 -1031.7609 48275.665 -56891.9 5858.91 -62750.8 13289.181
5.63 299.7639 -549.21367 47623.447 -56883.8 5791.04 -62674.8 13233.402
5.64 292.29407 -464.95545 47759.81 -57098.6 5646.74 -62745.3 13268.281
5.65 291.39556 -674.41598 47622.207 -57315.6 5629.38 -62945 13260.007
5.66 287.0469 -1019.0544 47871.016 -57284.1 5545.37 -62829.5 13351.382
5.67 304.5754 -554.9 47764.164 -56630.2 5883.99 -62514.1 13354.613
5.68 288.709 -1202.1259 47907.354 -57161.9 5577.48 -62739.4 13416.047
5.69 305.79757 -741.52067 47758.616 -56626.8 5907.6 -62534.5 13413.614
5.7 298.68855 -1471.0733 47885.117 -57160.1 5770.27 -62930.4 13489.74
5.71 312.48341 -19.90978 47816.478 -56760.9 6036.77 -62797.7 13495.85
5.72 304.28624 -1095.6731 48090.75 -57094.9 5878.41 -62973.4 13555.566
5.73 314.03578 -1798.4978 48090.379 -56839.3 6066.76 -62906.1 13574.189
5.74 302.63865 -840.48071 48093.429 -57149.5 5846.58 -62996.1 13580.386
5.75 301.3515 -852.04372 48290.832 -57095.2 5821.71 -62916.9 13657.754
5.76 309.5864 -1407.9235 48148.768 -56732.1 5980.8 -62712.9 13694.576
5.77 300.33643 -1500.0134 48234.353 -57081 5802.1 -62883.1 13729.46
5.78 309.3275 -1390.0885 48437.183 -56504.7 5975.8 -62480.5 13773.396
5.79 303.94251 -497.82478 47848.392 -56990 5871.77 -62861.8 13658.222
5.8 314.70239 -508.46827 48147.96 -56629.4 6079.63 -62709 13729.435
5.81 295.39387 -1033.1212 48004.762 -56946.2 5706.62 -62652.9 13710.047
5.82 301.5148 -1093.0422 47926.626 -57361.7 5824.87 -63186.6 13720.524
5.83 310.33692 -981.7967 47932.349 -56895.8 5995.3 -62891.1 13752.296
5.84 300.88882 -1331.5663 48320.577 -57239.5 5812.77 -63052.3 13823.103
5.85 297.74553 -1007.3885 48323.362 -56987 5752.05 -62739 13868.304
5.86 297.65601 -899.45121 47997.913 -57101.2 5750.32 -62851.5 13832.667
5.87 303.68908 -850.94483 47518.07 -57039 5866.87 -62905.9 13754.613
5.88 303.02222 -1252.2249 48125.435 -57083.9 5853.99 -62937.9 13895.024
5.89 313.61887 -800.32368 48004.735 -56882.1 6058.7 -62940.8 13875.757
5.9 291.3934 -864.17762 47463.996 -56849.9 5629.34 -62479.2 13782.285
5.91 301.54361 -1316.7072 48284.206 -56890 5825.42 -62715.4 13974.945
5.92 296.43074 -595.83512 47778.163 -57134.7 5726.65 -62861.3 13928.278
5.93 290.05316 -1125.2882 48264.179 -56665.2 5603.44 -62268.7 14044.919
5.94 298.29074 -1222.4625 48397.757 -57054 5762.58 -62816.6 14104.386
5.95 304.06425 -2120.5438 48169.203 -57068.6 5874.12 -62942.7 14078.275
5.96 300.50423 -690.36763 48392.652 -57173.3 5805.34 -62978.7 14133.897
5.97 294.88335 -1153.9791 48399.337 -57123.6 5696.76 -62820.3 14157.071
5.98 302.43422 -1330.157 48099.265 -56980.4 5842.63 -62823 14142.435
5.99 309.87201 -490.63199 47817.642 -56677.1 5986.32 -62663.4 14120.242
6 299.61922 -574.1739 47491.036 -57145.9 5788.25 -62934.2 14082.521
6.01 305.01563 -966.32181 47722.238 -56902.9 5892.5 -62795.4 14140.304
6.02 287.90463 -1410.0166 48195.316 -57359.6 5561.94 -62921.5 14248.242
6.03 301.48325 -894.08394 48213.717 -56964.6 5824.26 -62788.8 14312.75
6.04 288 -1326.9011 48354.074 -57512.3 5563.78 -63076.1 14345.113
6.05 302.56795 -538.08178 47606.105 -57140.9 5845.21 -62986.1 14208.482
6.06 301.18226 -1629.1482 48108.658 -56742.8 5818.44 -62561.2 14321.844
6.07 289.7137 -1020.8709 47833.475 -57153.1 5596.89 -62750 14291.615
6.08 302.38739 -1279.5899 48465.356 -57192.7 5841.72 -63034.4 14408.456
6.09 303.39047 -1147.0666 47876.66 -56804.7 5861.1 -62665.8 14306.067
6.1 312.09818 -919.30814 48082.652 -56806.5 6029.32 -62835.8 14408.476
6.11 295.46372 -686.83304 47933.748 -57297 5707.97 -63004.9 14394.205
6.12 294.88328 -597.6085 48093.715 -57413.5 5696.75 -63110.3 14465.146
6.13 295.09471 -1380.6506 48647.727 -56921.4 5700.84 -62622.3 14634.396
6.14 294.73338 -945.46778 47800.069 -57283.4 5693.86 -62977.2 14481.091
6.15 299.96945 -1340.562 47643.587 -56883.8 5795.01 -62678.9 14436.203
6.16 297.29171 -827.6036 47968.352 -57079.8 5743.28 -62823.1 14542.823
6.17 306.50188 -1528.278 48676.396 -56479.4 5921.21 -62400.6 14688.729
6.18 302.35163 -580.2531 47968.758 -57060.9 5841.03 -62901.9 14557.81
6.19 296.53039 -1394.545 48258.393 -57042.6 5728.58 -62771.2 14653.462
6.2 300.42938 -1294.1404 47952.745 -56702.7 5803.9 -62506.6 14608.188
6.21 299.09051 -523.76733 47989.924 -57133.8 5778.03 -62911.9 14615.822
6.22 297.44328 -1147.3267 47737.432 -57238.8 5746.21 -62985 14555.571
6.23 303.74553 -463.49978 47875.253 -57053.2 5867.96 -62921.1 14618.378
6.24 301.65145 -229.50643 47418.76 -57467.5 5827.51 -63295 14542.331
6.25 308.40748 -679.96031 47721.416 -56831 5958.02 -62789 14611.841
6.26 300.19406 -1015.411 47986.343 -57237 5799.35 -63036.3 14705.838
6.27 315.38754 -904.22847 48040.173 -56584.8 6092.87 -62677.7 14760.666
6.28 305.87714 -1067.9723 47737.155 -57053.2 5909.14 -62962.3 14713.358
6.29 297.80684 -1479.3077 48128.121 -56788.1 5753.23 -62541.3 14825.157
6.3 298.30066 -1727.3573 48152.662 -56904.5 5762.77 -62667.2 14841.94
6.31 298.70483 -869.75799 48036.754 -57103.2 5770.58 -62873.8 14856.47
6.32 298.69938 -1107.6668 47545.39 -57204.7 5770.48 -62975.1 14796.237
6.33 300.18488 -992.27143 47830.001 -57074.4 5799.18 -62873.5 14890.046
6.34 290.56004 -1113.5002 47989.742 -57093.9 5613.24 -62707.1 14966.608
6.35 298.97112 -1230.2392 48001.095 -57050.4 5775.73 -62826.1 15020.125
6.36 298.28721 -1090.1419 47871.292 -56682.3 5762.51 -62444.8 15061.705
6.37 305.98862 -1467.3601 48162.082 -56866.2 5911.3 -62777.5 15121.651
6.38 295.26489 -897.90742 47873.153 -57031.8 5704.13 -62735.9 15072.319
6.39 308.75281 -264.88154 48226.854 -56647 5964.7 -62611.7 15156.332
6.4 303.91514 -736.66661 48349.455 -57137.4 5871.24 -63008.6 15215.607
6.41 295.54018 -500.53528 47737.581 -56812.2 5709.45 -62521.6 15146.366
6.42 306.3441 -1102.0908 48317.621 -56546.2 5918.16 -62464.4 15254.85
6.43 304.24258 -1023.4819 47932.194 -56670.4 5877.56 -62548 15191.619
6.44 302.77794 -539.78691 48093.723 -56865.9 5849.27 -62715.2 15236.077
6.45 297.75793 -1408.2255 48208.702 -57285.6 5752.29 -63037.9 15318.354
6.46 301.34891 -820.92702 47610.61 -56946.6 5821.66 -62768.2 15178.12
6.47 302.18372 -939.51816 47900.621 -57152.9 5837.79 -62990.7 15281.151
6.48 302.43016 -1468.5261 48459.76 -56674.7 5842.55 -62517.3 15445.899
6.49 301.3477 -1412.7976 47811.998 -57212 5821.64 -63033.6 15319.837
6.5 299.1575 -1346.0683 47716.998 -57027.6 5779.33 -62806.9 15321.022
6.51 294.92486 -933.22404 47823.256 -57333.4 5697.56 -63031 15386.705
6.52 303.61615 -695.47489 47674.621 -57131.2 5865.46 -62996.6 15341.904
6.53 293.37404 -1187.2088 48401.554 -57460.3 5667.6 -63127.9 15539.203
6.54 314.02684 -1086.1019 48015.31 -56751.1 6066.58 -62817.7 15485.134
6.55 295.26259 -891.70154 47994.974 -57180.5 5704.08 -62884.6 15506.292
6.56 304.14351 -1002.9111 48230.843 -56707.8 5875.65 -62583.4 15596.56
6.57 316.55811 -1109.2074 48151.185 -56801.9 6115.48 -62917.4 15562.472
6.58 304.25295 -1216.9459 47724.574 -56997.9 5877.76 -62875.6 15496.824
6.59 304.27268 -999.02531 48030.354 -56829.1 5878.15 -62707.2 15566.031
6.6 300.28258 -397.86595 47808.525 -57133.9 5801.06 -62934.9 15537.472
6.61 304.30018 -1829.8552 48357.636 -56512.8 5878.68 -62391.4 15650.598
6.62 303.45133 -1329.4114 47729.041 -57041.6 5862.28 -62903.8 15533.548
6.63 297.61337 -1011.6708 47895.208 -57333 5749.5 -63082.5 15599.703
6.64 303.76749 -1241.6637 48243.526 -56779.4 5868.39 -62647.8 15696.416
6.65 293.55304 -1302.3945 48042.578 -56971.9 5671.06 -62643 15678.102
6.66 301.2526 -816.77311 47891.343 -56649 5819.8 -62468.8 15666.369
6.67 294.00266 -832.21903 47583.026 -57410.3 5679.74 -63090 15629.847
6.68 290.53523 -533.90775 47383.956 -57258.3 5612.76 -62871 15591.656
6.69 301.32533 -415.66391 47575.346 -56839.5 5821.21 -62660.7 15664.92
6.7 298.10276 -1191.2391 47895.393 -57300.9 5758.95 -63059.9 15745.798
6.71 299.52235 -1837.2917 48701.586 -57128 5786.38 -62914.4 15945.236
6.72 294.14163 -1313.9445 47349.316 -57333.7 5682.43 -63016.1 15671.445
6.73 305.10451 -629.92917 48117.03 -56831.5 5894.22 -62725.7 15871.044
6.74 301.83924 -1170.3957 47953.324 -56847.1 5831.13 -62678.3 15846.663
6.75 302.99876 -653.47626 47637.337 -57168.8 5853.54 -63022.3 15803.769
6.76 316.77782 -1112.992 48203.691 -56579.6 6119.73 -62699.4 15960.204
6.77 300.30218 -1709.7857 47998.024 -57131.3 5801.44 -62932.7 15938.105
6.78 302.04528 -1363.8439 48253.49 -56845.5 5835.12 -62680.6 16021.617
6.79 304.70486 -1225.1553 48091.002 -56749.3 5886.5 -62635.8 16010.052
6.8 297.5282 -1437.9386 47987.872 -56888.2 5747.85 -62636 16004.417
6.81 294.23897 -488.3382 47996.603 -57054.2 5684.31 -62738.5 16043.717
6.82 307.50655 -908.63792 48038.007 -56867.1 5940.62 -62807.8 16075.96
6.83 295.68947 -848.56737 47969.179 -57274 5712.33 -62986.3 16065.883
6.84 309.55135 -1078.7166 48524.444 -56836.7 5980.12 -62816.9 16194.944
6.85 304.16977 -716.24127 47582.228 -57122 5876.16 -62998.2 16039.927
6.86 309.34759 -1474.6418 48382.5 -56761.8 5976.19 -62738 16223.527
6.87 311.91883 -1083.1931 47816.025 -57015.1 6025.86 -63041 16113.78
6.88 315.78975 -205.64012 48322.516 -56619.9 6100.64 -62720.6 16297.119
6.89 296.40041 -1009.9399 47743.892 -57081 5726.06 -62807.1 16215.348
6.9 308.82372 -1827.9404 48218.592 -56536.8 5966.07 -62502.9 16351.051
6.91 300.15177 -1352.4303 47810.586 -57251.8 5798.54 -63050.3 16278.844
6.92 302.23155 -822.74811 47819.503 -57154.2 5838.71 -62992.9 16306.232
6.93 312.07129 -972.67313 48618.145 -56655.8 6028.8 -62684.6 16478.902
6.94 316.57314 -1441.7983 48421.434 -56480.9 6115.77 -62596.7 16467.796
6.95 304.38835 -1104.6045 48152.12 -56967.8 5880.38 -62848.2 16436.583
6.96 296.3091 -1164.9266 48177.473 -56819.7 5724.3 -62544 16467.312
6.97 306.10473 -1734.472 48001.761 -56610.6 5913.54 -62524.1 16417.475
6.98 312.47814 -1256.5383 48162.585 -56632.6 6036.66 -62669.2 16520.105
6.99 303.88802 -933.19569 48062.387 -57018.4 5870.71 -62889.1 16510.902
7 301.14601 -1177.0284 48218.733 -56997.7 5817.74 -62815.4 16535.061
7.01 300.73619 -670.43341 48008.659 -56766.2 5809.83 -62576 16531.363
7.02 293.74314 -1341.9673 48440.563 -57205.6 5674.73 -62880.3 16606.722
7.03 297.65526 -1017.0528 48193.767 -57288.8 5750.31 -63039.1 16579.076
7.04 303.5021 -938.91453 48295.634 -57021.8 5863.26 -62885 16621.233
7.05 295.1294 -780.29252 47621.249 -57330.1 5701.51 -63031.6 16524.221
7.06 293.22103 -1004.1136 48361.397 -57158.6 5664.64 -62823.2 16707.524
7.07 301.92352 -1678.4086 48075.339 -57023.7 5832.76 -62856.4 16675.657
7.08 300.32239 -1214.12 48145.379 -57298.8 5801.83 -63100.6 16689.287
7.09 309.85412 -248.96676 47684.226 -56477.6 5985.97 -62463.6 16614.11
7.1 312.36664 -949.97415 47754.11 -57054.1 6034.51 -63088.6 16685.347
7.11 318.80296 -1960.029 48123.076 -56686.2 6158.85 -62845 16782.162
7.12 292.36528 -697.95911 48005.508 -56921.8 5648.11 -62569.9 16781.209
7.13 296.95625 -938.65541 48314.354 -56722.6 5736.8 -62459.4 16870.282
7.14 300.27079 -1533.4367 48275.243 -56905.3 5800.83 -62706.1 16895
7.15 305.82329 -1341.113 47955.763 -57222.2 5908.1 -63130.3 16855.986
7.16 296.3779 -1328.1596 48208.097 -57199.4 5725.63 -62925 16925.486
7.17 305.92076 -1082.1731 48366.068 -56774.7 5909.98 -62684.7 16980.522
7.18 309.66631 -702.00824 48332.361 -57053.8 5982.34 -63036.2 17025.126
7.19 294.81069 -747.87716 48209.027 -57033.9 5695.35 -62729.2 17045.753
7.2 311.94505 -828.15006 47745.275 -56956.8 6026.37 -62983.2 16964.462
7.21 300.39116 -1618.9038 48305.082 -56750.8 5803.16 -62554 17104.804
7.22 307.62082 -512.04348 48100.837 -56698.3 5942.83 -62641.2 17089.777
7.23 297.27197 -774.41066 47981.878 -57050 5742.9 -62792.9 17094.076
7.24 299.46497 -1319.6465 48334.067 -56916 5785.27 -62701.3 17216.997
7.25 291.45415 -656.81513 48174.699 -57202.5 5630.51 -62833 17232.057
7.26 309.20935 -1060.0147 48253.91 -56910.7 5973.52 -62884.2 17273.365
7.27 302.08253 -294.89108 47958.434 -56651.8 5835.84 -62487.6 17238.846
7.28 304.13727 -808.2187 47972.425 -57105.4 5875.53 -62980.9 17262.157
7.29 297.22131 -1048.2754 47863.193 -57169.2 5741.92 -62911.1 17267.017
7.3 296.682 -1079.9612 48239.546 -57267.4 5731.5 -62998.9 17386.687
7.31 306.60186 -339.05206 48208.218 -56902.1 5923.14 -62825.2 17394.243
7.32 296.16604 -1737.0991 48038.398 -56953.9 5721.54 -62675.5 17380.695
7.33 295.33278 -754.36961 48593.004 -56761.8 5705.44 -62467.2 17530.453
7.34 296.91294 -496.07593 47603.248 -57337.5 5735.97 -63073.4 17321.583
7.35 308.54758 -1293.1427 47801.284 -56765.9 5960.73 -62726.7 17386.958
7.36 300.10337 -596.30678 47837.662 -57236.6 5797.6 -63034.2 17405.763
7.37 303.60254 -583.14076 47869.246 -56886.6 5865.2 -62751.8 17411.638
7.38 305.59137 -604.90491 47941.862 -57026.1 5903.62 -62929.8 17442.464
7.39 302.6492 -1896.4642 48202.794 -56655.8 5846.78 -62502.5 17548.774
7.4 300.60493 -1035.1098 48061.089 -57151.2 5807.29 -62958.5 17500.991
7.41 304.63613 -813.38315 47797.591 -57072.8 5885.17 -62958 17466.082
7.42 299.80021 -750.86545 48102.048 -57162.5 5791.74 -62954.2 17546.555
7.43 297.83097 -671.8883 47622.642 -56633.7 5753.7 -62387.4 17438.689
7.44 291.60751 -1461.5368 47943.855 -57185.8 5633.47 -62819.3 17550.935
7.45 303.47261 -575.47719 48178.399 -56699.2 5862.69 -62561.9 17628.383
7.46 306.79749 -1122.9069 48602.037 -56928.7 5926.92 -62855.6 17755.698
7.47 295.50556 -973.76785 48125.047 -57081 5708.78 -62789.8 17662.54
7.48 308.7908 -1203.1357 47910.799 -56944.2 5965.43 -62909.6 17648.894
7.49 298.39197 -1475.5918 47918.678 -56795.8 5764.54 -62560.3 17708.808
7.5 291.03682 173.45885 47857.146 -57273.8 5622.45 -62896.3 17703.912
7.51 303.49315 -374.42168 47513.447 -56869 5863.09 -62732.1 17667.353
7.52 303.99199 -1620.5954 47519.476 -56981.6 5872.72 -62854.3 17686.952
7.53 288.99482 -1115.4195 47749.994 -57144.8 5583 -62727.7 17767.191
7.54 298.52684 -1067.3405 47649.829 -57097.4 5767.14 -62864.6 17764.733
7.55 306.19493 -1601.0613 47981.886 -56664.3 5915.28 -62579.5 17851.807
7.56 303.42346 -689.39048 47713.506 -56978.2 5861.74 -62839.9 17799.064
7.57 298.46185 -888.95942 48058.665 -57318.4 5765.89 -63084.3 17896.38
7.58 290.34234 -450.57504 47549.743 -57486.4 5609.03 -63095.5 17784.15
7.59 297.23417 -1527.5421 48327.536 -57112.5 5742.17 -62854.7 17972.241
7.6 309.24045 -1368.306 47911.245 -56823 5974.12 -62797.1 17884.726
7.61 294.56435 -674.66328 48107.574 -56828.7 5690.59 -62519.3 17948.747
7.62 304.68065 -1249.4336 48546.736 -57019.8 5886.03 -62905.8 18078.173
7.63 300.35251 -633.9842 47925.109 -57241.1 5802.41 -63043.5 17941.426
7.64 298.79785 -741.17028 47894.87 -56932.1 5772.38 -62704.5 18017.246
7.65 306.651 -543.53268 48299.718 -56737 5924.09 -62661.1 18164.598
7.66 300.7699 -797.1364 47684.199 -56738.3 5810.48 -62548.7 18026.678
7.67 300.46549 -1504.0026 48333.569 -56918.6 5804.6 -62723.2 18219.876
7.68 296.84935 -1307.0276 48283.838 -57243.1 5734.74 -62977.8 18255.364
7.69 306.79472 -765.3142 48122.552 -56863.5 5926.87 -62790.3 18255.401
7.7 307.92996 -575.39571 47679.335 -56729.8 5948.8 -62678.6 18148.572
7.71 306.4301 -1084.7943 48106.031 -56954.1 5919.82 -62874 18271.364
7.72 295.27715 -807.92807 47707.401 -57347.3 5704.36 -63051.6 18182.831
7.73 301.57343 -311.82517 48031.158 -56994.4 5826 -62820.4 18248.27
7.74 311.81066 -1047.6173 48123.04 -56827.2 6023.77 -62850.9 18297.016
7.75 308.49715 -954.52319 48121.255 -56834.2 5959.76 -62793.9 18321.738
7.76 312.04999 -1062.3887 47911.902 -56957.2 6028.39 -62985.6 18320.599
7.77 298.71073 -1088.5218 48107.444 -56904 5770.7 -62674.7 18362.099
7.78 301.24464 -1118.6501 47968.585 -57009.8 5819.65 -62829.4 18335.936
7.79 292.40203 -1320.7652 47754.78 -57142.7 5648.82 -62791.6 18325.986
7.8 308.32887 -1326.4572 47967.051 -56921.7 5956.51 -62878.2 18405.096
7.81 289.17989 -1274.1016 47643.973 -57312.6 5586.57 -62899.2 18389.187
7.82 303.63509 -657.67431 48248.988 -56865.7 5865.83 -62731.6 18554.877
7.83 296.36896 -1294.3181 48319.857 -57202.7 5725.46 -62928.2 18606.996
7.84 295.91885 -1825.2063 48608.658 -57097.7 5716.76 -62814.5 18679.478
7.85 287.90336 -1325.4 47791.944 -57074.6 5561.91 -62636.5 18519.248
7.86 304.76709 -1909.3685 48002.667 -56901.4 5887.7 -62789.1 18576.139
7.87 299.43147 -278.79352 48223.048 -57215.1 5784.62 -62999.7 18688.261
7.88 299.71588 -1087.855 48670.416 -56860.9 5790.11 -62651 18815.54
7.89 306.61744 -548.51844 47875.388 -56912.4 5923.44 -62835.8 18629.542
7.9 298.02779 -1363.8434 47908.433 -56693.2 5757.5 -62450.7 18679.066
7.91 293.19852 -998.11448 48211.587 -57026.5 5664.21 -62690.8 18823.524
7.92 295.525 -900.23703 48133.895 -56770.6 5709.15 -62479.8 18805.213
7.93 309.9435 -621.82215 48367.33 -57214.4 5987.7 -63202.1 18884.51
7.94 302.05869 -1508.6816 48352.007 -56965.8 5835.37 -62801.2 18931.627
7.95 303.22992 -799.80593 47943.773 -57131.5 5858 -62989.5 18874.881
7.96 303.48077 -264.95126 47887.865 -57206.7 5862.85 -63069.5 18908.676
7.97 298.77303 -439.77227 47350.142 -57294.3 5771.9 -63066.2 18797.191
7.98 296.10649 -941.37172 47401.222 -56895.7 5720.39 -62616.1 18871.406
7.99 296.59761 -754.8851 47809.208 -57193.7 5729.87 -62923.6 18998.62
8 304.69994 -1174.1077 47996.518 -56940.4 5886.4 -62826.8 19026.623
8.01 302.88105 -794.80818 48015.513 -56854.6 5851.26 -62705.8 19063.547
8.02 293.29597 -851.07745 48072.961 -57267.8 5666.09 -62933.9 19066.264
8.03 291.94323 -372.62413 47937.823 -57213.6 5639.96 -62853.6 19065.901
8.04 309.20477 -1282.9975 48344.831 -57010.1 5973.43 -62983.5 19206.399
8.05 299.72103 -1230.3141 48263.393 -57091.3 5790.21 -62881.5 19193.079
8.06 305.10941 -1698.0171 48612.926 -56698.4 5894.31 -62592.7 19307.414
8.07 298.36783 -1556.4212 48613.566 -56883.9 5764.07 -62648 19356.031
8.08 296.03623 -864.95209 48215.277 -57312.3 5719.03 -63031.3 19238.703
8.09 297.92137 -1326.2032 48010.186 -56938.9 5755.45 -62694.3 19203.115
8.1 293.39412 -1083.9179 48064.807 -57367.1 5667.99 -63035.1 19201.804
8.11 303.25655 -967.96766 47783.039 -57001.5 5858.52 -62860 19154.049
8.12 297.18773 -1080.1062 47948.379 -57250.1 5741.27 -62991.4 19225.815
8.13 310.22873 -1311.2883 47729.552 -56991.9 5993.21 -62985.1 19187.627
8.14 302.01503 -1413.0396 48279.087 -57475.4 5834.53 -63309.9 19358.338
8.15 300.5718 -730.42596 47943.263 -57016.3 5806.65 -62822.9 19293.192
8.16 294.9354 -1117.4583 47697.339 -57406.7 5697.76 -63104.5 19261.249
8.17 297.88981 -1236.3831 48418.525 -56807.2 5754.84 -62562 19445.402
8.18 311.8429 -1102.5194 48018.251 -56609.2 6024.39 -62633.6 19362.293
8.19 296.39431 -1241.5665 48095.786 -57028 5725.95 -62754 19431.626
8.2 315.85071 -670.79858 48023.183 -56553.7 6101.82 -62655.5 19427.393
8.21 300.59674 -831.44846 47989.238 -56937.7 5807.13 -62744.8 19429.582
8.22 296.67279 -971.04144 48200.742 -56593.2 5731.33 -62324.5 19463.43
8.23 295.85071 -1028.8063 48000.727 -56857.6 5715.44 -62573 19461.402
8.24 306.08316 -746.46594 47982.23 -56833.4 5913.12 -62746.5 19502.766
8.25 291.74905 -1277.6177 48156.51 -57266.7 5636.21 -62902.9 19554.008
8.26 304.18553 -1126.6542 48511.894 -56967.7 5876.46 -62844.2 19679.998
8.27 309.06513 -1005.5963 47838.34 -56898.1 5970.73 -62868.9 19519.029
8.28 300.46123 -1278.2964 47887.425 -56933 5804.51 -62737.6 19551.62
8.29 300.28295 -1778.1534 48321.381 -57163.6 5801.07 -62964.7 19706.384
8.3 301.19962 -1193.5053 48322.207 -56671.6 5818.78 -62490.3 19725.676
8.31 307.77876 -1013.7191 48088.401 -57164 5945.88 -63109.9 19717.232
8.32 305.5951 -1207.2318 48245.063 -56652.4 5903.69 -62556.1 19769.827
8.33 300.81952 -869.84055 48070.642 -57202.5 5811.44 -63013.9 19762.648
8.34 291.89672 -604.85138 47902.207 -57030.8 5639.06 -62669.9 19741.827
8.35 292.66293 -1438.7278 47929.197 -57261.2 5653.86 -62915.1 19778.51
8.36 298.723 -903.52642 47851.052 -57178.8 5770.93 -62949.7 19784.475
8.37 290.23757 -1477.3688 48087.22 -57028.7 5607.01 -62635.7 19888.591
8.38 307.28079 -775.46046 48154.347 -56749.7 5936.26 -62686 19952.181
8.39 315.24678 -1554.7308 48247.119 -57041.1 6090.15 -63131.2 19993.435
8.4 304.9714 -912.2501 47924.843 -57362.9 5891.64 -63254.5 19932.638
8.41 304.87399 -1102.5673 48209.553 -56915 5889.76 -62804.7 20037.479
8.42 301.20091 -1235.0271 48395.278 -56735.5 5818.8 -62554.3 20115.158
8.43 299.92468 -593.18281 48221.531 -57110.9 5794.15 -62905.1 20083.271
8.44 297.57509 -783.14115 47726.213 -57038 5748.76 -62786.8 19919.664
8.45 299.68619 -864.52719 48081.201 -56861.4 5789.54 -62650.9 20004.775
8.46 310.61312 -719.69366 48098.838 -56927.5 6000.63 -62928.2 20038.676
8.47 302.81015 -1198.6276 48123.56 -56791.4 5849.89 -62641.3 20060.687
8.48 305.45146 -1059.5068 48052.076 -57009.5 5900.92 -62910.4 20053.52
8.49 304.4149 -1225.4351 47861.614 -56956.3 5880.89 -62837.2 20019.464
8.5 292.08316 -1126.3419 47963.516 -57360.6 5642.66 -63003.3 20088.086
8.51 296.37971 -670.76625 47398.206 -57026.5 5725.66 -62752.2 19939.275
8.52 300.95184 -745.13592 48004.367 -57117.1 5813.99 -62931.1 20144.561
8.53 292.64133 -624.07465 48073.83 -56917.1 5653.44 -62570.6 20170.271
8.54 306.12723 -907.49225 47996.862 -57118.8 5913.97 -63032.8 20175.694
8.55 302.92286 -479.81465 48105.337 -56814.3 5852.07 -62666.4 20220.344
8.56 295.33549 -1401.7133 47995.178 -57159 5705.49 -62864.5 20153.705
8.57 303.55168 -777.42016 47860.98 -56964.2 5864.22 -62828.4 20171.542
8.58 305.99402 -1023.1268 48161.041 -57025.8 5911.4 -62937.2 20276.698
8.59 312.12292 -966.11923 47747.401 -56942.5 6029.8 -62972.3 20184.245
8.6 290.54866 -1048.4147 47944.117 -57571.1 5613.02 -63184.1 20269.799
8.61 296.64459 -1266.6563 48184.647 -57167.5 5730.78 -62898.3 20348.413
8.62 292.35658 -828.00878 48060.686 -56941.8 5647.94 -62589.7 20329.65
8.63 297.18621 -1169.8943 48315.006 -57347.4 5741.24 -63088.6 20418.584
8.64 307.71809 -523.86435 47394.174 -56917.7 5944.71 -62862.4 20162.279
8.65 302.39228 -721.21206 47622.556 -57065.5 5841.82 -62907.3 20217.928
8.66 301.01628 -1213.6421 48308.164 -56912.7 5815.24 -62728 20446.956
8.67 286.39995 -1292.2153 48355.972 -56984.4 5532.87 -62517.3 20522.117
8.68 308.52939 -706.54942 47651.292 -56755.5 5960.38 -62715.9 20348.922
8.69 308.27105 -1511.4194 47989.073 -56471.7 5955.39 -62427.1 20511.618
8.7 290.37861 -412.56064 47647.369 -57198.4 5609.73 -62808.1 20396.609
8.71 305.4873 -959.28181 47971.815 -56583.6 5901.61 -62485.2 20541.641
8.72 314.68047 -343.84182 47780.336 -56650.4 6079.21 -62729.6 20502.576
8.73 289.30171 -1466.3119 47786.374 -56968.4 5588.93 -62557.3 20539.543
8.74 312.55269 -951.09898 48272.377 -56631 6038.1 -62669.1 20691.241
8.75 310.02285 -435.93301 47729.726 -56917.7 5989.23 -62906.9 20548.834
8.76 309.61416 -1596.0622 48030.625 -56771.3 5981.34 -62752.7 20662.173
8.77 300.08109 -1889.6568 48470.334 -56955 5797.17 -62752.2 20797.468
8.78 297.29733 -1757.844 48144.532 -56994.7 5743.39 -62738.1 20738.864
8.79 312.07347 -840.41163 47887.99 -56790.3 6028.85 -62819.1 20664.912
8.8 300.06105 -703.21532 48064.45 -56998.6 5796.78 -62795.3 20743.047
8.81 300.9319 -353.20476 47927.035 -56740.4 5813.61 -62554.1 20750.924
8.82 308.23651 -925.22886 48277.993 -56953.7 5954.72 -62908.4 20888.536
8.83 285.822 -1218.3255 47944.783 -57377.8 5521.7 -62899.5 20820.983
8.84 300.43004 -1065.4664 48303.429 -56953.1 5803.91 -62757 20948.526
8.85 302.63408 -1311.7786 48209.418 -57092.8 5846.49 -62939.3 20973.152
8.86 305.92811 -1072.7899 48138.805 -56987.9 5910.13 -62898.1 20964.69
8.87 297.51815 -1352.3434 48272.037 -57033.1 5747.66 -62780.7 21032.08
8.88 302.0901 -968.54079 48258.986 -56828.9 5835.98 -62664.9 21056.78
8.89 305.61411 -765.00124 48593.686 -57042.8 5904.06 -62946.8 21179.945
8.9 300.26415 -1097.5247 47707.748 -57157.4 5800.71 -62958.2 20974.095
8.91 299.13796 -1082.518 47962.095 -56991.3 5778.95 -62770.2 21073.167
8.92 309.29291 -1506.224 48498.502 -56643.2 5975.13 -62618.3 21291.875
8.93 297.53034 -1479.637 48176.106 -56707.7 5747.89 -62455.5 21221.874
8.94 309.21823 -1046.2795 47770.513 -56938.6 5973.69 -62912.3 21126.641
8.95 299.37146 -514.41293 48266.181 -57064.5 5783.46 -62848 21278.786
8.96 313.8517 -1176.1436 48042.854 -56517 6063.2 -62580.2 21222.711
8.97 303.4786 -1387.1896 48130.736 -57223.7 5862.81 -63086.5 21286.212
8.98 303.85122 -1669.767 48325.337 -56789.3 5870 -62659.3 21385.747
8.99 297.55699 -697.3639 47817.359 -57125.2 5748.41 -62873.6 21319.746
9 302.05986 -1097.4541 47980.561 -56851 5835.4 -62686.4 21347.227
9.01 306.67713 -1520.1684 48176.728 -56989.8 5924.6 -62914.4 21423.99
9.02 301.37021 -1511.9665 47998.757 -57001.9 5822.07 -62824 21405.49
9.03 307.37253 -866.05954 48100.301 -56602.6 5938.03 -62540.7 21473.27
9.04 301.85666 -851.91518 47939.215 -56793.8 5831.47 -62625.2 21480.888
9.05 300.28497 -638.53107 47512.018 -57136.6 5801.11 -62937.7 21417.83
9.06 317.47325 -992.92443 48321.11 -56455.1 6133.16 -62588.3 21722.638
9.07 303.69577 72.71417 47636.341 -56849.9 5867 -62716.9 21525.179
9.08 297.03072 -1129.5283 48131.594 -57011.4 5738.24 -62749.6 21689.562
9.09 309.37617 -1624.4661 48082.076 -56803.3 5976.74 -62780 21715.797
9.1 298.74565 -844.90476 47371.441 -57015.7 5771.37 -62787.1 21534.216
9.11 307.30642 -1178.7989 48001.562 -56748.2 5936.75 -62684.9 21760.518
9.12 294.41162 -1482.8369 48511.806 -57052.7 5687.64 -62740.3 21905.174
9.13 296.18332 -342.79425 48117.304 -56976.7 5721.87 -62698.5 21814.036
9.14 300.81751 -816.36999 48220.391 -57113.6 5811.4 -62925 21883.62
9.15 301.0365 -775.961 47815.557 -57201.1 5815.63 -63016.8 21752.35
9.16 294.17296 -815.21014 47724.355 -56851 5683.03 -62534.1 21735.386
9.17 298.04893 -1155.9899 48279.097 -57128.9 5757.91 -62886.8 21945.302
9.18 295.8427 -581.48554 48174.037 -57157.4 5715.29 -62872.7 21903.788
9.19 301.09802 -881.92443 47432.713 -57188.9 5816.82 -63005.8 21741.558
9.2 301.96856 -140.74875 47932.962 -56697.3 5833.63 -62530.9 21940.721
9.21 306.20666 -730.26436 48231.94 -57134.8 5915.51 -63050.3 22047.596
9.22 304.56587 -660.1532 47994.217 -56892.9 5883.81 -62776.7 22013.569
9.23 295.32582 -1643.7592 48338.431 -57020.6 5705.3 -62725.9 22103.231
9.24 307.81601 -24.66519 47328.379 -56867.6 5946.6 -62814.2 21854.404
9.25 296.44153 -323.11607 48254.373 -57134.3 5726.86 -62861.2 22204.189
9.26 295.90889 -749.97644 47817.993 -57115.9 5716.57 -62832.5 22090.075
9.27 306.25595 -454.41408 47970.148 -56720.6 5916.46 -62637.1 22142.347
9.28 294.47307 -804.80145 48176.093 -57001.2 5688.83 -62690 22197.006
9.29 296.81568 -1869.1612 48608.619 -57134.2 5734.09 -62868.3 22353.849
9.3 312.67162 -652.04636 48196.023 -56793.4 6040.4 -62833.8 22235.905
9.31 297.38398 -660.05198 47545.418 -57326.9 5745.07 -63072 22050.58
9.32 301.67573 -569.21963 47965.724 -56968.3 5827.98 -62796.2 22216.133
9.33 292.64677 -922.51296 48158.856 -57297.4 5653.55 -62950.9 22318.86
9.34 295.1103 -706.61401 47916.619 -57222.9 5701.14 -62924 22250.362
9.35 307.53632 -896.34756 48587.495 -56625.5 5941.2 -62566.6 22495.225
9.36 293.51642 -2011.2691 48094.69 -56994.3 5670.35 -62664.6 22325.949
9.37 296.66457 -404.13996 48025.468 -56779.1 5731.17 -62510.2 22325.947
9.38 298.56234 -1051.2946 47855.904 -57071.2 5767.83 -62839 22268.489
9.39 297.10962 -1415.6676 48007.667 -56921.4 5739.77 -62661.1 22358.589
9.4 299.41788 -701.10569 47588.754 -57434.4 5784.36 -63218.8 22260.704
9.41 299.36392 -693.17974 47704.337 -56828.2 5783.32 -62611.6 22286.399
9.42 299.58758 -1122.3082 47883.422 -57140.1 5787.64 -62927.7 22367.081
9.43 305.21721 -1397.3447 47774.725 -57405.8 5896.39 -63302.2 22366.21
9.44 296.42259 -427.52476 47758.063 -56818.1 5726.49 -62544.6 22409.899
9.45 302.25412 -1124.2601 47799.248 -56867.2 5839.15 -62706.3 22448.109
9.46 302.84126 -472.85449 48332.066 -56600.3 5850.49 -62450.8 22624.986
9.47 303.18171 -468.25439 47790.111 -57142.7 5857.07 -62999.8 22514.229
9.48 302.56276 -752.32635 47596.738 -57120.2 5845.11 -62965.3 22494.363
9.49 302.09119 -1262.7639 48476.53 -56888.1 5836 -62724.1 22810.22
9.5 306.03851 -1326.3867 48118.322 -56739.3 5912.26 -62651.5 22740.016
9.51 300.87961 -1222.4689 48209.233 -57041.4 5812.6 -62854 22815.069
9.52 306.37453 -666.76581 47276 -56893.7 5918.75 -62812.4 22554.584
9.53 293.4965 -1102.8593 47700.424 -57272.3 5669.96 -62942.2 22721.392
9.54 290.77688 -458.907 47640.254 -57150 5617.43 -62767.4 22697.548
9.55 295.99 -727.33779 47963.818 -57034.8 5718.14 -62753 22818.164
9.56 297.5324 -671.43286 47575.749 -56922.2 5747.93 -62670.1 22756.851
9.57 298.60302 -1172.2657 48114.521 -57135.3 5768.62 -62903.9 22964.144
9.58 309.36371 -1286.475 48145.782 -56650.2 5976.5 -62626.7 23021.609
9.59 297.5237 -1484.5161 47933.944 -56867.1 5747.76 -62614.9 23014.76
9.6 311.4981 -515.97949 47530.275 -56650.1 6017.73 -62667.8 22931.748
9.61 304.81309 -981.25926 47767.145 -56821.5 5888.59 -62710.1 23009.797
9.62 294.61019 -924.91772 47946.04 -56995.3 5691.48 -62686.8 23087.498
9.63 302.72361 -426.29753 47616.993 -57194.7 5848.22 -63042.9 22978.895
9.64 303.28822 -829.54336 47670.19 -57062.7 5859.13 -62921.8 23034.32
9.65 294.36495 -1494.5998 48012.886 -57403.1 5686.74 -63089.8 23166.93
9.66 291.83273 -1715.3212 48197.261 -57005.9 5637.82 -62643.7 23268.289
9.67 291.69329 -897.58718 47586.451 -57095.2 5635.13 -62730.4 23087.168
9.68 290.5165 -628.64336 47857.681 -57273 5612.39 -62885.3 23209.173
9.69 302.73382 -1521.686 47926.678 -56921.7 5848.42 -62770.1 23281.462
9.7 303.42513 -2148.9868 48310.698 -57236.4 5861.77 -63098.2 23419.726
9.71 292.28569 -904.28482 47869.047 -57164.7 5646.57 -62811.3 23317.032
9.72 309.99908 -1385.775 47891.467 -56683.8 5988.77 -62672.6 23339.322
9.73 314.0601 -1593.7871 47918.823 -56811.2 6067.23 -62878.5 23378.577
9.74 318.63022 -844.34846 48098.349 -56346 6155.51 -62501.5 23469.61
9.75 295.20486 -338.38526 48246.891 -57194.5 5702.97 -62897.5 23562.46
9.76 296.88505 -1221.212 48373.202 -57002.5 5735.43 -62737.9 23629.895
9.77 302.27244 -308.2266 47869.172 -56727 5839.5 -62566.5 23487.899
9.78 298.97523 -1632.5142 48368.911 -56851.9 5775.81 -62627.7 23694.899
9.79 300.33105 -594.44311 48165.151 -56838.6 5802 -62640.6 23663.527
9.8 305.75692 -1740.9249 48104.874 -56933.4 5906.82 -62840.2 23656.591
9.81 305.26655 -523.09115 47854.095 -57190.7 5897.35 -63088 23604.251
9.82 298.07843 -1817.0401 48303.867 -57101.1 5758.48 -62859.6 23787.836
9.83 294.35174 -1210.9273 48365.336 -57127.7 5686.49 -62814.2 23828.567
9.84 303.60787 -1122.5686 48481.392 -57053 5865.3 -62918.3 23909.336
9.85 300.26254 -1445.4023 47972.717 -57063.2 5800.68 -62863.9 23748.851
9.86 285.83639 -1649.842 48438.081 -57098.7 5521.98 -62620.7 23927.873
9.87 304.41325 -1162.5949 48120.009 -56889.7 5880.86 -62770.6 23857.863
9.88 306.78783 -728.62105 48116.871 -56695 5926.74 -62621.8 23913.248
9.89 306.66001 -1171.5909 48453.077 -56858.9 5924.27 -62783.2 24020.909
9.9 294.69052 -662.6405 47913.493 -57427.7 5693.03 -63120.8 23912.915
9.91 296.54227 -1680.7702 47760.938 -57165.2 5728.8 -62894.1 23911.685
9.92 293.38858 -524.14644 47911.871 -57184 5667.88 -62851.8 24020.51
9.93 300.37848 -1284.4281 48353.207 -57049.5 5802.92 -62852.4 24161.074
9.94 303.51659 -739.19177 48560.048 -56834.9 5863.54 -62698.4 24267.052
9.95 295.49218 -1144.3841 48395.213 -57166.2 5708.52 -62874.7 24184.621
9.96 302.37609 -1409.6751 48194.273 -56801.6 5841.51 -62643.1 24148.769
9.97 306.30652 -1045.9924 47782.708 -56894.4 5917.44 -62811.9 24027.88
9.98 307.84621 -1985.0614 48055.305 -56715.6 5947.18 -62662.8 24154.264
